ID,type,x COM, y COM
1,2,102.560000,24.520000
2,2,106.695652,23.347826
3,2,112.043478,22.565217
4,2,118.500000,23.500000
5,2,120.318182,26.272727
6,2,127.040000,21.800000
8,2,136.160000,22.200000
9,2,141.240000,22.080000
10,2,148.291667,23.875000
12,2,156.760000,22.280000
18,2,112.500000,28.590909
19,2,115.476190,27.095238
20,2,124.000000,27.434783
27,2,159.260870,26.652174
31,2,76.360000,34.360000
34,2,92.875000,32.583333
35,2,97.545455,32.590909
37,2,106.925926,31.666667
39,2,118.680000,32.640000
41,2,127.750000,32.541667
42,2,132.960000,32.240000
43,2,138.000000,30.840000
45,2,146.238095,31.904762
47,2,156.791667,30.833333
48,2,161.318182,32.590909
50,2,174.291667,30.500000
51,2,178.913043,32.565217
53,2,73.444444,37.185185
58,2,94.428571,36.333333
60,2,107.458333,36.166667
61,2,112.000000,37.571429
62,2,117.200000,37.560000
69,2,152.956522,35.434783
70,2,157.040000,36.480000
71,2,160.800000,38.680000
72,2,164.884615,37.038462
73,2,171.500000,37.791667
81,2,77.480000,42.000000
82,2,81.347826,40.434783
83,2,86.680000,40.920000
85,2,97.807692,43.038462
86,2,101.923077,42.538462
89,2,116.454545,42.772727
91,2,127.166667,43.333333
92,2,132.230769,42.807692
93,2,136.814815,42.925926
94,2,142.291667,41.958333
98,2,162.086957,43.260870
99,2,166.739130,42.478261
101,2,177.217391,42.608696
103,2,188.000000,42.730769
105,2,195.958333,41.708333
107,2,61.592593,47.111111
113,2,90.304348,46.913043
115,2,101.913043,48.434783
116,2,106.227273,46.318182
117,2,110.375000,48.250000
118,2,115.083333,46.958333
120,2,129.041667,47.375000
121,2,134.240000,48.320000
125,2,155.000000,45.800000
127,2,161.000000,47.000000
128,2,166.920000,48.280000
131,2,184.040000,48.680000
132,2,188.607143,47.464286
133,2,194.360000,48.000000
134,2,198.120000,46.000000
135,2,202.434783,47.826087
137,2,58.160000,51.640000
138,2,62.285714,53.523810
139,2,66.038462,51.615385
140,2,71.269231,53.076923
141,2,76.840000,52.360000
142,2,82.080000,52.960000
143,2,87.923077,50.961538
146,2,99.909091,53.954545
148,2,112.434783,52.391304
149,2,116.826087,52.043478
152,2,130.625000,53.000000
153,2,136.250000,52.125000
154,2,141.153846,53.653846
155,2,145.454545,52.545455
157,2,156.500000,52.000000
158,2,160.375000,51.750000
160,2,172.518519,52.037037
163,2,186.583333,52.958333
164,2,191.217391,52.304348
166,2,202.880000,53.560000
168,2,48.360000,54.840000
169,2,50.500000,57.791667
171,2,59.608696,57.608696
173,2,71.583333,58.583333
174,2,76.478261,56.478261
177,2,91.560000,57.240000
178,2,96.958333,57.958333
180,2,108.041667,57.041667
181,2,113.450000,56.550000
184,2,128.043478,56.782609
185,2,132.958333,57.083333
186,2,137.043478,58.000000
188,2,146.120000,56.760000
191,2,162.041667,57.375000
193,2,172.291667,57.208333
194,2,176.840000,56.720000
195,2,182.125000,57.041667
196,2,186.240000,58.160000
197,2,191.814815,57.259259
199,2,202.185185,57.814815
200,2,207.615385,58.115385
201,2,212.521739,58.043478
202,2,44.590909,62.181818
204,2,52.904762,62.523810
205,2,56.695652,62.000000
209,2,78.173913,59.260870
210,2,82.360000,60.560000
212,2,90.076923,64.961538
213,2,94.892857,62.392857
214,2,102.250000,59.583333
215,2,107.304348,61.608696
219,2,126.730769,61.538462
220,2,130.956522,64.043478
221,2,134.541667,61.791667
223,2,146.807692,62.692308
224,2,151.500000,62.461538
226,2,162.461538,63.423077
227,2,166.920000,60.760000
228,2,174.416667,60.791667
232,2,191.538462,61.461538
233,2,197.480000,61.040000
235,2,207.458333,63.791667
236,2,211.739130,61.869565
238,2,41.478261,66.043478
239,2,47.304348,67.304348
240,2,53.407407,67.370370
241,2,59.730769,66.576923
242,2,58.916667,71.083333
243,2,64.409091,66.363636
244,2,70.807692,66.538462
246,2,80.800000,65.720000
252,2,112.304348,66.000000
253,2,116.960000,68.120000
254,2,122.250000,66.125000
255,2,126.560000,67.520000
256,2,132.090909,67.909091
257,2,136.769231,67.807692
258,2,140.928571,65.928571
260,2,153.434783,68.217391
261,2,156.826087,64.434783
262,2,160.769231,67.846154
267,2,187.074074,67.111111
270,2,203.074074,69.407407
274,2,222.565217,68.304348
275,2,38.083333,70.916667
277,2,48.576923,71.615385
278,2,54.291667,71.958333
280,2,63.625000,72.666667
282,2,72.480000,71.280000
283,2,77.357143,71.142857
284,2,82.666667,70.000000
286,2,91.560000,70.800000
287,2,97.434783,71.695652
288,2,102.916667,73.083333
295,2,139.280000,71.640000
297,2,148.040000,73.000000
299,2,156.960000,71.400000
303,2,176.115385,70.846154
308,2,201.440000,74.080000
309,2,207.000000,73.250000
310,2,212.400000,73.080000
313,2,32.321429,78.107143
316,2,45.916667,76.250000
317,2,51.846154,75.884615
319,2,60.636364,77.909091
320,2,68.083333,75.708333
321,2,73.083333,76.583333
322,2,77.240000,77.400000
325,2,92.080000,76.400000
326,2,96.615385,75.307692
328,2,106.500000,76.727273
329,2,111.681818,77.000000
330,2,116.000000,77.160000
331,2,121.800000,77.160000
332,2,126.640000,75.000000
336,2,146.040000,77.400000
340,2,165.423077,77.692308
342,2,177.083333,76.666667
346,2,190.791667,79.208333
347,2,200.000000,78.120000
348,2,205.833333,77.750000
350,2,217.640000,78.840000
352,2,227.043478,75.652174
357,2,50.681818,80.045455
361,2,70.960000,81.360000
362,2,77.111111,82.037037
365,2,90.730769,83.384615
366,2,95.000000,80.565217
368,2,108.538462,80.769231
370,2,118.666667,81.619048
371,2,122.666667,82.291667
372,2,128.304348,79.260870
373,2,128.576923,83.269231
374,2,134.750000,80.285714
375,2,141.320000,79.680000
379,2,160.809524,80.142857
380,2,166.541667,82.375000
382,2,176.833333,81.458333
383,2,180.680000,82.200000
384,2,185.000000,82.269231
385,2,192.000000,82.608696
386,2,196.227273,80.272727
389,2,211.120000,81.080000
390,2,215.846154,83.192308
391,2,221.217391,82.478261
392,2,226.730769,82.384615
394,2,31.480000,88.320000
395,2,33.727273,85.000000
396,2,42.391304,85.695652
397,2,45.458333,89.208333
401,2,67.925926,88.888889
402,2,72.291667,86.291667
403,2,76.818182,86.136364
404,2,82.769231,87.576923
405,2,89.041667,88.375000
408,2,101.913043,87.434783
409,2,106.250000,85.750000
411,2,118.074074,87.592593
413,2,126.625000,86.625000
415,2,139.250000,84.125000
417,2,147.333333,86.291667
418,2,152.115385,87.807692
421,2,164.041667,86.541667
422,2,168.692308,87.576923
424,2,180.148148,88.555556
426,2,191.043478,87.478261
427,2,195.869565,85.521739
430,2,211.923077,87.653846
431,2,217.680000,87.160000
434,2,231.545455,85.590909
435,2,27.260870,91.304348
436,2,31.884615,93.500000
442,2,62.370370,88.851852
444,2,73.695652,92.043478
445,2,77.360000,90.960000
446,2,82.880000,91.440000
449,2,98.000000,91.076923
450,2,102.962963,92.444444
451,2,107.521739,91.652174
459,2,148.095238,91.952381
462,2,163.571429,93.714286
463,2,167.347826,91.565217
470,2,201.791667,88.625000
472,2,213.285714,92.071429
473,2,217.666667,93.000000
474,2,222.136364,93.318182
476,2,233.760000,90.760000
477,2,27.423077,97.269231
479,2,38.520000,97.200000
480,2,42.240000,95.480000
481,2,46.846154,97.115385
482,2,52.541667,97.375000
483,2,58.863636,97.500000
485,2,65.809524,96.190476
490,2,91.920000,97.480000
492,2,101.076923,97.153846
493,2,106.777778,97.703704
497,2,124.875000,96.875000
498,2,129.600000,97.120000
501,2,147.863636,96.272727
504,2,164.000000,97.791667
507,2,177.880000,96.360000
508,2,182.880000,94.480000
509,2,186.222222,96.814815
511,2,198.833333,98.125000
513,2,206.666667,97.208333
515,2,215.869565,98.956522
517,2,226.333333,95.833333
518,2,232.391304,95.434783
519,2,236.791667,96.291667
520,2,23.560000,101.360000
522,2,31.500000,103.115385
523,2,36.040000,101.880000
525,2,46.920000,101.640000
526,2,51.500000,102.500000
528,2,60.000000,101.416667
532,2,83.250000,102.464286
534,2,90.400000,102.200000
535,2,95.125000,102.958333
537,2,104.000000,101.807692
540,2,123.083333,102.000000
542,2,131.750000,101.583333
543,2,136.280000,103.080000
546,2,151.916667,102.208333
548,2,163.304348,102.000000
550,2,172.448276,101.068966
551,2,177.041667,101.208333
552,2,181.416667,101.041667
556,2,201.960000,101.160000
557,2,204.777778,104.185185
558,2,209.826087,100.739130
560,2,222.800000,102.360000
561,2,226.833333,100.333333
563,2,235.692308,101.038462
565,2,29.583333,107.583333
567,2,39.360000,107.920000
571,2,58.750000,108.291667
576,2,80.238095,107.714286
578,2,93.000000,107.416667
582,2,112.136364,105.227273
583,2,117.360000,107.520000
585,2,125.080000,106.240000
586,2,129.680000,106.960000
589,2,148.040000,106.640000
590,2,152.846154,107.961538
591,2,157.520000,107.880000
594,2,172.238095,106.714286
595,2,177.090909,105.318182
597,2,186.363636,107.681818
600,2,201.800000,107.440000
602,2,210.766667,104.666667
605,2,227.260870,105.782609
608,2,21.846154,113.653846
609,2,27.000000,113.125000
611,2,37.375000,111.625000
612,2,42.615385,111.038462
614,2,51.826087,114.565217
618,2,71.480000,112.680000
619,2,76.727273,113.181818
620,2,82.961538,111.884615
624,2,103.772727,110.227273
627,2,117.523810,112.952381
628,2,122.230769,111.269231
629,2,126.250000,112.708333
630,2,131.192308,111.461538
632,2,141.222222,109.111111
633,2,146.703704,112.074074
641,2,187.043478,111.695652
643,2,198.583333,111.166667
644,2,202.769231,113.692308
646,2,213.720000,109.720000
648,2,219.269231,111.307692
649,2,227.080000,112.480000
653,2,25.200000,117.760000
656,2,41.782609,116.739130
657,2,46.409091,118.045455
661,2,65.304348,118.782609
670,2,110.217391,118.000000
672,2,120.652174,116.826087
673,2,125.920000,117.440000
675,2,134.115385,114.923077
678,2,152.962963,117.703704
680,2,158.545455,119.590909
681,2,167.875000,119.041667
682,2,172.444444,117.740741
683,2,177.333333,116.666667
689,2,204.090909,118.136364
693,2,227.884615,116.692308
694,2,232.478261,116.565217
697,2,25.666667,123.250000
702,2,51.083333,123.750000
705,2,65.869565,122.739130
706,2,72.629630,124.481481
714,2,112.800000,122.440000
716,2,120.833333,121.166667
718,2,132.370370,121.111111
720,2,142.608696,123.434783
721,2,146.500000,119.272727
722,2,149.869565,121.826087
723,2,156.000000,122.478261
726,2,170.769231,122.961538
728,2,182.920000,121.760000
730,2,192.954545,122.409091
731,2,197.250000,121.958333
732,2,203.000000,122.192308
738,2,229.958333,122.291667
741,2,29.045455,125.727273
742,2,33.615385,127.884615
743,2,38.083333,128.125000
745,2,47.307692,126.769231
749,2,67.769231,126.538462
752,2,82.958333,129.666667
753,2,83.916667,125.125000
758,2,112.115385,126.769231
762,2,133.074074,124.518519
764,2,141.192308,127.384615
766,2,154.076923,125.846154
770,2,171.909091,128.045455
773,2,186.592593,127.814815
774,2,192.125000,126.958333
775,2,197.423077,127.307692
776,2,201.960000,127.000000
777,2,206.250000,126.791667
778,2,211.692308,126.807692
785,2,28.040000,129.800000
787,2,36.071429,133.000000
788,2,42.920000,130.120000
789,2,48.346154,131.615385
794,2,74.960000,134.640000
796,2,81.480000,133.440000
797,2,87.416667,130.458333
801,2,106.760000,133.120000
804,2,123.517241,129.103448
806,2,132.115385,131.384615
807,2,136.520000,132.000000
808,2,141.538462,132.192308
811,2,156.357143,130.357143
812,2,161.590909,133.090909
814,2,172.407407,132.111111
816,2,182.416667,129.375000
818,2,191.320000,132.560000
819,2,196.444444,131.481481
820,2,202.000000,132.833333
823,2,217.480000,133.520000
826,2,231.083333,132.458333
827,2,236.857143,130.428571
829,2,29.181818,137.545455
830,2,34.333333,137.333333
834,2,51.120000,136.680000
836,2,62.440000,136.640000
838,2,70.208333,136.458333
840,2,84.400000,136.840000
841,2,88.652174,136.869565
842,2,92.043478,135.956522
843,2,96.708333,136.375000
846,2,111.720000,137.560000
851,2,135.777778,137.222222
855,2,156.925926,136.370370
856,2,162.160000,137.960000
860,2,183.153846,137.038462
861,2,187.600000,137.120000
862,2,193.307692,139.576923
863,2,196.480000,135.640000
864,2,201.809524,137.857143
866,2,211.500000,137.076923
867,2,215.695652,138.173913
868,2,221.750000,138.583333
869,2,227.240000,137.560000
871,2,237.379310,136.724138
874,2,32.208333,142.125000
875,2,36.913043,141.478261
876,2,42.500000,140.538462
877,2,46.500000,143.291667
878,2,52.000000,143.280000
880,2,63.173913,142.391304
881,2,68.434783,141.826087
882,2,73.360000,140.520000
887,2,98.500000,140.200000
888,2,102.750000,144.000000
889,2,108.478261,142.130435
890,2,112.521739,142.826087
891,2,116.958333,142.625000
894,2,129.750000,144.833333
896,2,143.740741,141.222222
897,2,148.961538,142.461538
901,2,167.045455,139.909091
903,2,175.040000,144.360000
904,2,181.227273,142.363636
907,2,197.500000,140.500000
908,2,201.960000,142.400000
909,2,206.576923,142.269231
910,2,211.555556,142.592593
911,2,216.481481,142.703704
912,2,221.391304,142.956522
913,2,226.920000,142.160000
915,2,237.458333,142.875000
917,2,28.809524,145.952381
918,2,32.826087,148.260870
920,2,41.400000,146.320000
922,2,51.080000,148.120000
923,2,56.653846,146.769231
930,2,90.962963,146.629630
932,2,101.846154,148.346154
933,2,107.791667,147.041667
934,2,112.761905,147.952381
935,2,118.600000,146.720000
938,2,132.727273,149.181818
941,2,146.363636,146.181818
942,2,151.800000,148.040000
946,2,172.619048,147.190476
947,2,178.576923,147.307692
948,2,182.875000,147.625000
949,2,187.038462,147.769231
950,2,191.200000,149.160000
951,2,195.703704,146.407407
953,2,208.375000,146.625000
956,2,222.863636,146.954545
957,2,228.363636,146.863636
961,2,25.391304,150.130435
962,2,29.769231,151.807692
963,2,37.173913,152.565217
964,2,41.608696,151.043478
969,2,66.769231,152.576923
972,2,82.500000,152.500000
973,2,88.785714,151.285714
974,2,94.185185,151.592593
975,2,97.695652,151.304348
979,2,118.000000,150.272727
981,2,124.958333,153.041667
982,2,130.291667,152.166667
990,2,172.230769,151.230769
991,2,176.500000,153.500000
992,2,181.720000,152.600000
993,2,186.956522,153.043478
995,2,197.818182,150.954545
996,2,203.173913,151.434783
998,2,209.280000,151.640000
1004,2,23.200000,156.200000
1006,2,32.185185,155.296296
1008,2,40.727273,155.772727
1011,2,57.400000,158.400000
1013,2,66.833333,156.875000
1014,2,71.875000,157.166667
1015,2,76.884615,156.807692
1019,2,96.000000,156.760000
1021,2,109.884615,159.461538
1022,2,113.840000,157.160000
1024,2,120.958333,159.166667
1025,2,128.423077,156.692308
1026,2,133.884615,157.307692
1027,2,138.608696,157.086957
1032,2,161.730769,154.807692
1034,2,171.863636,158.454545
1035,2,175.434783,158.391304
1040,2,200.913043,155.391304
1045,2,226.750000,157.333333
1046,2,232.000000,158.391304
1047,2,236.160000,156.520000
1050,2,36.850000,161.600000
1052,2,47.240000,164.120000
1054,2,55.750000,162.125000
1056,2,67.045455,162.181818
1060,2,86.720000,160.800000
1061,2,90.391304,161.608696
1062,2,96.880000,160.520000
1065,2,111.750000,164.000000
1066,2,116.478261,161.956522
1068,2,126.120000,161.480000
1070,2,136.619048,161.952381
1071,2,144.153846,163.076923
1072,2,148.115385,161.846154
1073,2,152.392857,162.392857
1076,2,167.928571,159.000000
1077,2,171.500000,163.227273
1081,2,191.666667,162.291667
1082,2,196.500000,161.727273
1085,2,209.680000,162.560000
1087,2,222.320000,160.040000
1088,2,225.791667,162.541667
1089,2,233.080000,163.560000
1094,2,40.750000,165.458333
1100,2,70.160000,166.440000
1106,2,102.818182,167.227273
1107,2,107.423077,167.384615
1108,2,112.333333,168.583333
1111,2,127.375000,166.875000
1112,2,131.960000,167.280000
1115,2,148.545455,167.590909
1117,2,157.217391,164.478261
1118,2,160.458333,169.541667
1120,2,172.458333,167.208333
1121,2,178.375000,167.583333
1123,2,187.695652,167.782609
1124,2,191.884615,167.346154
1125,2,196.869565,165.608696
1127,2,206.884615,169.461538
1128,2,212.814815,167.000000
1132,2,234.040000,168.440000
1133,2,26.640000,170.200000
1139,2,58.080000,170.760000
1143,2,79.730769,175.076923
1145,2,83.695652,171.173913
1147,2,98.080000,169.480000
1150,2,111.576923,173.076923
1151,2,117.222222,173.444444
1153,2,127.230769,172.884615
1154,2,131.080000,172.280000
1156,2,143.080000,171.160000
1157,2,147.000000,172.625000
1159,2,156.800000,170.920000
1162,2,172.125000,171.750000
1165,2,188.185185,174.000000
1166,2,192.260870,173.043478
1167,2,196.000000,170.500000
1168,2,201.125000,172.083333
1169,2,207.304348,173.304348
1170,2,211.833333,172.666667
1175,2,30.708333,176.791667
1178,2,48.925926,177.740741
1180,2,58.608696,176.521739
1181,2,62.565217,175.608696
1183,2,73.458333,177.166667
1184,2,76.583333,179.625000
1186,2,87.923077,175.346154
1187,2,92.814815,177.481481
1190,2,104.400000,178.120000
1193,2,122.538462,178.346154
1195,2,132.000000,178.500000
1197,2,141.260870,175.956522
1198,2,146.916667,177.250000
1199,2,152.136364,177.818182
1209,2,201.576923,177.884615
1210,2,205.695652,177.826087
1213,2,221.565217,175.782609
1215,2,33.208333,180.750000
1216,2,37.423077,182.307692
1217,2,43.217391,183.086957
1218,2,48.739130,182.086957
1219,2,54.230769,180.307692
1220,2,58.625000,182.375000
1231,2,111.555556,181.666667
1232,2,117.500000,182.000000
1235,2,134.076923,183.846154
1236,2,136.807692,180.076923
1237,2,142.791667,180.291667
1238,2,150.200000,181.520000
1241,2,163.120000,182.280000
1242,2,168.125000,183.000000
1243,2,172.000000,181.421053
1244,2,175.666667,180.888889
1249,2,204.521739,182.434783
1251,2,210.227273,185.136364
1254,2,224.916667,180.000000
1258,2,53.592593,185.037037
1261,2,68.000000,186.478261
1262,2,71.961538,184.653846
1264,2,81.640000,187.760000
1269,2,108.080000,187.360000
1270,2,112.250000,187.035714
1271,2,117.038462,186.538462
1272,2,122.000000,187.040000
1275,2,136.846154,189.115385
1276,2,141.120000,183.960000
1277,2,146.760000,184.840000
1279,2,157.000000,187.916667
1282,2,173.115385,186.653846
1283,2,177.291667,187.166667
1284,2,181.478261,188.347826
1287,2,195.708333,187.666667
1290,2,212.913043,189.608696
1291,2,215.230769,185.576923
1292,2,221.384615,185.807692
1293,2,40.250000,192.958333
1295,2,49.954545,190.863636
1297,2,58.480000,193.320000
1298,2,63.200000,190.240000
1299,2,68.240000,191.200000
1302,2,82.000000,193.192308
1305,2,96.869565,194.521739
1308,2,111.434783,193.260870
1312,2,131.913043,191.217391
1314,2,141.625000,188.000000
1315,2,146.173913,190.130435
1317,2,156.560000,192.320000
1318,2,160.772727,193.227273
1320,2,171.040000,189.040000
1322,2,181.909091,193.136364
1325,2,195.956522,193.869565
1326,2,199.208333,190.708333
1328,2,210.720000,193.240000
1329,2,217.875000,190.708333
1330,2,222.370370,192.000000
1334,2,57.840000,197.120000
1336,2,66.285714,195.035714
1344,2,107.041667,197.291667
1346,2,117.160000,196.960000
1349,2,131.560000,197.360000
1350,2,137.320000,197.040000
1354,2,155.833333,197.500000
1357,2,172.740741,198.851852
1358,2,176.666667,196.428571
1359,2,181.769231,197.153846
1360,2,186.892857,196.678571
1361,2,191.916667,196.916667
1363,2,201.545455,195.227273
1365,2,214.615385,195.884615
1366,2,218.590909,195.727273
1368,2,50.652174,203.043478
1369,2,56.458333,201.541667
1370,2,61.826087,202.913043
1372,2,74.481481,202.074074
1375,2,89.208333,204.541667
1377,2,97.000000,203.074074
1381,2,116.884615,201.961538
1382,2,124.240000,202.400000
1383,2,129.173913,201.695652
1384,2,133.800000,204.720000
1385,2,137.038462,200.615385
1386,2,142.080000,202.680000
1387,2,146.481481,203.407407
1391,2,165.380952,202.428571
1392,2,171.038462,203.538462
1396,2,191.083333,201.083333
1399,2,207.083333,202.916667
1400,2,210.608696,199.000000
1402,2,57.791667,206.791667
1403,2,62.880000,207.520000
1406,2,76.916667,207.083333
1411,2,101.791667,205.500000
1412,2,106.708333,207.375000
1414,2,116.520000,207.320000
1417,2,131.120000,207.560000
1418,2,137.708333,205.833333
1419,2,141.739130,207.826087
1420,2,147.375000,207.875000
1421,2,151.380952,207.000000
1422,2,155.846154,206.192308
1423,2,160.920000,206.240000
1424,2,166.000000,207.000000
1425,2,171.500000,208.000000
1427,2,183.653846,206.884615
1428,2,187.173913,206.000000
1429,2,190.730769,207.153846
1435,2,66.333333,211.875000
1440,2,92.346154,213.384615
1446,2,121.727273,207.954545
1448,2,133.560000,212.440000
1450,2,143.230769,212.384615
1451,2,148.083333,212.833333
1454,2,161.708333,210.708333
1455,2,167.000000,211.916667
1456,2,172.291667,213.083333
1458,2,183.500000,211.916667
1459,2,188.480000,212.560000
1464,2,65.333333,217.083333
1466,2,78.083333,217.083333
1467,2,82.074074,217.444444
1468,2,86.000000,218.333333
1470,2,96.666667,216.250000
1476,2,125.904762,216.476190
1478,2,136.583333,217.083333
1480,2,147.423077,217.538462
1484,2,165.545455,216.954545
1485,2,169.730769,217.461538
1486,2,174.923077,217.884615
1487,2,181.040000,215.960000
1488,2,186.320000,217.000000
1493,2,78.291667,222.041667
1494,2,84.043478,224.043478
1496,2,92.333333,219.333333
1497,2,97.740741,220.444444
1498,2,101.238095,223.142857
1500,2,109.814815,226.259259
1505,2,138.791667,222.875000
1508,2,151.040000,221.760000
1509,2,156.230769,222.346154
1510,2,164.227273,222.363636
1512,2,170.120000,222.000000
1514,2,180.875000,220.416667
1515,2,185.826087,221.434783
1516,2,191.434783,220.565217
1518,2,80.350000,226.200000
1521,2,96.320000,225.880000
1522,2,101.227273,227.545455
1523,2,106.083333,228.208333
1528,2,128.846154,226.923077
1530,2,142.956522,227.565217
1532,2,152.653846,227.230769
1533,2,157.521739,226.608696
1535,2,164.727273,226.409091
1537,2,176.454545,229.272727
1540,2,92.692308,231.576923
1541,2,98.739130,231.043478
1544,2,113.041667,234.333333
1546,2,121.480000,232.720000
1547,2,126.807692,232.269231
1548,2,131.041667,231.291667
1551,2,146.640000,232.240000
1552,2,151.375000,232.083333
1553,2,156.409091,231.954545
1554,2,161.040000,229.760000
1555,2,165.750000,234.083333
1559,2,107.966667,237.933333
1560,2,113.083333,239.083333
1561,2,117.750000,237.500000
1562,2,123.045455,236.227273
1566,2,141.045455,237.272727
1567,2,146.166667,236.958333
1568,2,150.615385,237.461538
1570,2,161.240000,235.480000
7,1,132.708333,25.750000
11,1,152.600000,24.360000
13,1,87.592593,28.148148
14,1,95.125000,25.833333
15,1,98.560000,26.600000
16,1,100.269231,33.038462
17,1,108.083333,27.541667
21,1,130.272727,28.727273
22,1,129.200000,24.640000
23,1,137.240000,24.720000
24,1,142.692308,27.192308
25,1,146.629630,28.222222
26,1,153.125000,29.333333
28,1,163.960000,26.720000
29,1,166.291667,30.250000
30,1,169.166667,27.166667
32,1,84.160000,31.200000
33,1,90.615385,30.192308
36,1,103.407407,35.592593
38,1,113.320000,33.240000
40,1,121.708333,33.583333
44,1,140.640000,35.600000
46,1,149.240000,32.800000
49,1,168.307692,32.307692
52,1,172.076923,42.076923
54,1,80.347826,35.130435
55,1,83.583333,34.916667
56,1,89.960000,36.680000
57,1,91.760000,41.160000
59,1,101.869565,35.652174
63,1,123.652174,40.260870
64,1,125.576923,35.038462
65,1,130.760000,37.640000
66,1,134.640000,37.400000
67,1,140.166667,36.958333
68,1,147.678571,38.714286
74,1,174.518519,35.148148
75,1,181.346154,38.500000
76,1,185.541667,36.958333
77,1,190.400000,38.280000
78,1,65.961538,42.076923
79,1,71.148148,41.444444
80,1,75.217391,44.391304
84,1,90.520000,43.560000
87,1,108.153846,41.307692
88,1,111.863636,42.818182
90,1,122.076923,41.461538
95,1,146.760000,41.120000
96,1,151.380952,41.095238
97,1,155.916667,41.666667
100,1,172.960000,40.480000
102,1,182.423077,41.500000
104,1,191.347826,40.956522
106,1,56.826087,47.000000
108,1,67.851852,47.518519
109,1,70.681818,46.954545
110,1,75.360000,48.160000
111,1,83.600000,47.360000
112,1,82.846154,45.961538
114,1,97.347826,47.739130
119,1,120.740741,47.370370
122,1,139.375000,47.666667
123,1,143.047619,47.428571
124,1,147.375000,47.208333
126,1,152.041667,49.250000
129,1,171.384615,47.884615
130,1,179.800000,47.080000
136,1,53.230769,51.115385
144,1,93.434783,52.173913
145,1,95.083333,51.625000
147,1,106.560000,51.360000
150,1,121.576923,51.538462
151,1,125.958333,51.500000
156,1,150.814815,53.925926
159,1,166.541667,53.708333
161,1,179.863636,52.090909
162,1,176.851852,50.148148
165,1,197.357143,51.535714
167,1,207.166667,52.416667
170,1,54.960000,56.440000
172,1,64.913043,57.304348
175,1,85.608696,56.869565
176,1,87.791667,57.833333
179,1,104.360000,54.880000
182,1,119.615385,59.153846
183,1,122.153846,56.153846
187,1,142.090909,61.727273
189,1,151.800000,54.800000
190,1,157.130435,58.304348
192,1,165.880000,54.800000
198,1,197.080000,55.680000
203,1,48.640000,62.480000
206,1,62.038462,62.000000
207,1,67.720000,62.200000
208,1,71.320000,61.280000
211,1,87.521739,63.521739
216,1,114.583333,60.541667
217,1,115.166667,63.500000
218,1,121.730769,57.730769
222,1,141.615385,61.115385
225,1,155.958333,60.416667
229,1,172.807692,67.576923
230,1,178.961538,63.423077
231,1,185.666667,63.000000
234,1,202.750000,63.625000
237,1,217.555556,65.333333
245,1,76.785714,64.821429
247,1,86.320000,68.640000
248,1,94.304348,67.347826
249,1,98.230769,66.230769
250,1,103.333333,65.074074
251,1,108.520000,66.920000
259,1,148.760000,67.480000
263,1,166.240000,67.000000
264,1,170.785714,64.500000
265,1,179.851852,65.740741
266,1,181.875000,73.958333
268,1,192.760000,67.320000
269,1,195.500000,66.615385
271,1,208.560000,68.400000
272,1,212.916667,67.458333
273,1,217.600000,64.880000
276,1,43.538462,71.038462
279,1,57.200000,77.360000
281,1,67.846154,70.500000
285,1,85.680000,73.920000
289,1,103.083333,68.791667
290,1,108.041667,72.666667
291,1,112.875000,71.500000
292,1,118.500000,72.708333
293,1,122.444444,71.666667
294,1,131.227273,71.545455
296,1,145.666667,70.380952
298,1,152.285714,74.785714
300,1,163.076923,72.730769
301,1,171.629630,74.148148
302,1,167.307692,71.615385
304,1,182.130435,72.608696
305,1,184.407407,70.185185
306,1,194.458333,73.875000
307,1,199.120000,66.760000
311,1,218.846154,74.230769
312,1,221.111111,72.518519
314,1,38.130435,75.565217
315,1,39.360000,76.200000
318,1,58.250000,81.000000
323,1,80.833333,75.458333
324,1,82.925926,80.148148
327,1,99.346154,81.115385
333,1,130.826087,74.478261
334,1,135.760000,75.840000
335,1,141.120000,75.080000
337,1,153.869565,78.478261
338,1,155.391304,80.130435
339,1,159.346154,77.038462
341,1,171.730769,77.615385
343,1,186.214286,76.964286
344,1,190.130435,72.478261
345,1,194.791667,73.083333
349,1,211.880000,77.040000
351,1,220.960000,76.080000
353,1,36.076923,80.961538
354,1,38.192308,85.192308
355,1,44.076923,80.692308
356,1,46.769231,82.769231
358,1,55.153846,84.038462
359,1,65.115385,79.692308
360,1,66.782609,83.739130
363,1,84.785714,84.000000
364,1,87.961538,79.153846
367,1,102.880000,80.080000
369,1,113.928571,82.678571
376,1,144.653846,85.730769
377,1,147.640000,81.600000
378,1,156.125000,83.958333
381,1,171.347826,82.217391
387,1,200.962963,82.888889
388,1,206.000000,82.958333
393,1,28.166667,85.000000
398,1,49.730769,86.423077
399,1,55.928571,88.357143
400,1,61.166667,83.541667
406,1,95.800000,85.120000
407,1,96.346154,87.653846
410,1,110.846154,86.115385
412,1,120.760000,89.240000
414,1,134.857143,85.785714
416,1,140.000000,90.370370
419,1,157.076923,86.461538
420,1,160.291667,88.208333
423,1,174.640000,85.600000
425,1,185.814815,86.592593
428,1,204.625000,86.250000
429,1,208.320000,90.160000
432,1,222.538462,87.653846
433,1,228.464286,89.214286
437,1,36.840000,91.960000
438,1,40.961538,90.423077
439,1,48.400000,93.160000
440,1,53.500000,92.423077
441,1,57.370370,92.851852
443,1,67.120000,93.320000
447,1,85.692308,94.153846
448,1,93.565217,90.739130
452,1,112.111111,94.703704
453,1,112.666667,89.703704
454,1,127.392857,91.321429
455,1,128.777778,91.555556
456,1,133.964286,88.821429
457,1,134.760000,94.120000
458,1,143.333333,91.666667
460,1,153.400000,93.440000
461,1,158.074074,92.851852
464,1,173.750000,90.392857
465,1,176.875000,92.291667
466,1,186.166667,90.500000
467,1,190.115385,93.115385
468,1,195.037037,91.185185
469,1,197.720000,96.960000
471,1,204.818182,92.727273
475,1,225.480000,89.960000
478,1,32.629630,97.851852
484,1,63.285714,97.678571
486,1,71.740741,96.185185
487,1,78.227273,100.681818
488,1,80.608696,96.347826
489,1,84.920000,98.320000
491,1,94.916667,94.791667
494,1,109.043478,102.130435
495,1,119.909091,96.590909
496,1,119.846154,92.730769
499,1,137.333333,97.592593
500,1,141.560000,97.960000
502,1,152.875000,96.666667
503,1,156.708333,99.666667
505,1,169.000000,96.320000
506,1,171.454545,97.090909
510,1,194.120000,96.720000
512,1,200.807692,93.923077
514,1,211.800000,96.440000
516,1,220.481481,98.407407
521,1,25.814815,103.703704
524,1,40.840000,102.760000
527,1,55.851852,102.851852
529,1,68.040000,101.480000
530,1,72.923077,101.961538
531,1,76.080000,98.720000
533,1,84.846154,106.346154
536,1,98.000000,101.125000
538,1,113.962963,97.481481
539,1,114.791667,101.291667
541,1,123.000000,100.884615
544,1,140.760000,99.080000
545,1,147.500000,101.458333
547,1,157.807692,100.730769
549,1,167.240000,105.240000
553,1,187.000000,101.000000
554,1,187.640000,103.600000
555,1,193.777778,102.074074
559,1,216.846154,104.884615
562,1,231.160000,101.120000
564,1,24.250000,108.333333
566,1,33.555556,109.000000
568,1,44.370370,104.925926
569,1,49.615385,108.576923
570,1,53.750000,107.625000
572,1,62.956522,105.869565
573,1,66.666667,106.125000
574,1,75.680000,109.000000
575,1,75.541667,105.000000
577,1,88.333333,107.250000
579,1,97.384615,109.115385
580,1,101.960000,104.920000
581,1,107.666667,107.925926
584,1,119.769231,105.346154
587,1,135.962963,107.481481
588,1,142.840000,104.280000
592,1,161.185185,105.962963
593,1,168.785714,109.178571
596,1,179.384615,107.884615
598,1,192.695652,106.869565
599,1,196.086957,107.521739
601,1,210.347826,112.391304
603,1,218.888889,106.259259
604,1,223.739130,108.391304
606,1,231.160000,109.880000
607,1,237.040000,106.200000
610,1,31.833333,112.958333
613,1,46.000000,111.695652
615,1,61.500000,111.500000
616,1,66.791667,114.541667
617,1,69.111111,109.592593
621,1,89.083333,112.375000
622,1,93.555556,115.074074
623,1,96.884615,112.769231
625,1,108.346154,113.576923
626,1,113.111111,110.851852
631,1,137.040000,111.160000
634,1,151.214286,112.714286
635,1,159.153846,115.038462
636,1,163.640000,109.840000
637,1,164.880000,114.320000
638,1,170.896552,112.620690
639,1,176.807692,112.230769
640,1,182.666667,111.851852
642,1,191.538462,110.923077
645,1,206.320000,111.880000
647,1,214.120000,121.200000
650,1,232.964286,108.750000
651,1,235.259259,109.370370
652,1,21.583333,121.041667
654,1,35.500000,118.458333
655,1,37.178571,117.428571
658,1,52.346154,115.923077
659,1,56.148148,112.814815
660,1,61.785714,116.000000
662,1,72.500000,118.192308
663,1,74.833333,118.666667
664,1,81.423077,116.769231
665,1,86.076923,118.230769
666,1,93.080000,118.160000
667,1,99.565217,119.086957
668,1,104.916667,116.208333
669,1,101.833333,115.208333
671,1,115.480000,117.160000
674,1,131.888889,117.666667
676,1,140.962963,118.000000
677,1,142.851852,114.259259
679,1,154.760000,113.600000
684,1,183.607143,118.571429
685,1,184.400000,115.680000
686,1,190.370370,117.629630
687,1,195.037037,114.222222
688,1,197.720000,117.880000
690,1,208.666667,113.166667
691,1,218.880000,116.000000
692,1,223.791667,119.791667
695,1,236.538462,119.923077
696,1,22.125000,125.000000
698,1,30.730769,120.692308
699,1,33.703704,122.037037
700,1,39.280000,123.000000
701,1,49.625000,119.708333
703,1,57.071429,121.107143
704,1,59.080000,121.720000
707,1,79.160000,121.720000
708,1,80.535714,119.000000
709,1,88.440000,124.360000
710,1,94.576923,122.576923
711,1,97.480000,121.880000
712,1,99.148148,126.222222
713,1,106.692308,121.576923
715,1,115.956522,121.086957
717,1,125.583333,123.000000
719,1,139.280000,119.760000
724,1,163.384615,118.923077
725,1,166.115385,124.423077
727,1,176.814815,122.074074
729,1,187.666667,123.083333
733,1,210.407407,120.407407
734,1,213.111111,121.814815
735,1,217.800000,116.840000
736,1,219.076923,120.192308
737,1,223.807692,123.807692
739,1,233.875000,121.708333
740,1,22.333333,132.375000
744,1,43.814815,124.000000
746,1,53.185185,127.296296
747,1,57.791667,127.250000
748,1,62.360000,127.680000
750,1,71.523810,129.666667
751,1,78.458333,126.958333
754,1,93.375000,127.708333
755,1,93.440000,122.720000
756,1,103.384615,130.038462
757,1,111.035714,131.892857
759,1,116.409091,131.000000
760,1,124.958333,130.375000
761,1,121.375000,127.500000
763,1,136.086957,126.956522
765,1,146.961538,126.576923
767,1,157.960000,126.960000
768,1,161.703704,128.666667
769,1,166.074074,128.888889
771,1,176.409091,125.681818
772,1,178.925926,127.888889
779,1,219.208333,127.000000
780,1,222.166667,133.958333
781,1,229.826087,127.695652
782,1,219.206897,125.103448
783,1,235.416667,125.500000
784,1,24.875000,134.750000
786,1,30.260870,133.130435
790,1,54.346154,132.730769
791,1,58.416667,134.958333
792,1,61.833333,130.416667
793,1,67.782609,132.043478
795,1,76.041667,129.625000
798,1,94.080000,131.880000
799,1,98.925926,131.296296
800,1,106.880000,125.840000
802,1,118.730769,132.769231
803,1,118.863636,134.090909
805,1,128.346154,128.000000
809,1,149.320000,129.320000
810,1,152.458333,135.291667
813,1,165.961538,134.653846
815,1,177.520000,133.800000
817,1,185.321429,132.642857
821,1,206.480000,132.720000
822,1,211.320000,131.560000
824,1,224.090909,131.954545
825,1,226.000000,129.120000
828,1,22.958333,139.541667
831,1,39.615385,137.423077
832,1,44.833333,137.250000
833,1,45.961538,135.769231
835,1,55.000000,138.521739
837,1,65.925926,136.740741
839,1,78.923077,137.846154
844,1,102.958333,137.916667
845,1,105.518519,137.629630
847,1,117.642857,136.464286
848,1,125.000000,137.230769
849,1,129.250000,135.833333
850,1,133.000000,141.814815
852,1,144.565217,135.260870
853,1,147.375000,134.208333
854,1,145.478261,136.652174
857,1,174.884615,138.461538
858,1,170.962963,137.148148
859,1,178.318182,138.363636
865,1,207.680000,135.040000
870,1,232.178571,136.464286
872,1,21.333333,143.000000
873,1,26.347826,141.652174
879,1,57.192308,141.076923
883,1,72.409091,145.000000
884,1,82.280000,140.880000
885,1,87.076923,142.538462
886,1,92.769231,142.423077
892,1,123.000000,142.500000
893,1,127.760000,144.080000
895,1,139.076923,140.615385
898,1,153.407407,142.444444
899,1,157.071429,141.750000
900,1,162.166667,143.041667
902,1,169.080000,143.600000
905,1,187.037037,141.962963
906,1,190.407407,143.000000
914,1,232.434783,140.956522
916,1,23.076923,147.000000
919,1,36.461538,146.615385
921,1,46.307692,148.269231
924,1,61.250000,146.500000
925,1,64.620690,147.896552
926,1,71.153846,148.846154
927,1,80.695652,146.695652
928,1,76.185185,143.777778
929,1,84.862069,147.344828
931,1,96.846154,144.615385
936,1,124.071429,142.000000
937,1,123.600000,149.920000
939,1,136.400000,145.880000
940,1,141.153846,146.230769
943,1,156.846154,147.923077
944,1,160.538462,147.730769
945,1,164.772727,146.590909
952,1,200.666667,146.851852
954,1,214.629630,149.296296
955,1,216.407407,150.222222
958,1,233.307692,145.192308
959,1,233.400000,151.280000
960,1,26.083333,157.958333
965,1,45.807692,154.653846
966,1,52.869565,152.434783
967,1,54.363636,153.227273
968,1,59.076923,151.884615
970,1,74.518519,152.740741
971,1,76.464286,149.321429
976,1,101.916667,153.375000
977,1,106.863636,151.545455
978,1,110.833333,152.833333
980,1,121.826087,155.739130
983,1,136.333333,151.541667
984,1,144.464286,150.285714
985,1,145.260870,156.173913
986,1,152.541667,152.583333
987,1,153.478261,152.521739
988,1,163.880000,151.880000
989,1,168.551724,151.758621
994,1,194.925926,154.259259
997,1,210.333333,150.952381
999,1,215.807692,151.961538
1000,1,218.884615,155.038462
1001,1,230.120000,152.760000
1002,1,226.481481,151.407407
1003,1,236.600000,149.640000
1005,1,28.000000,157.080000
1007,1,38.928571,158.607143
1009,1,49.083333,159.041667
1010,1,50.750000,155.458333
1012,1,62.375000,155.000000
1016,1,82.576923,157.500000
1017,1,87.125000,157.083333
1018,1,88.652174,155.173913
1020,1,102.653846,157.769231
1023,1,116.222222,154.851852
1028,1,145.407407,157.259259
1029,1,140.666667,153.208333
1030,1,151.875000,157.250000
1031,1,158.833333,158.875000
1033,1,162.160000,161.160000
1036,1,180.480000,157.800000
1037,1,187.250000,157.958333
1038,1,191.347826,155.782609
1039,1,197.200000,158.520000
1041,1,205.240000,157.680000
1042,1,209.259259,156.629630
1043,1,219.520000,164.840000
1044,1,222.384615,154.692308
1048,1,27.038462,164.500000
1049,1,30.384615,161.769231
1051,1,43.708333,161.083333
1053,1,52.043478,163.869565
1055,1,62.458333,160.625000
1057,1,73.166667,161.875000
1058,1,74.208333,162.916667
1059,1,82.291667,165.833333
1063,1,103.888889,159.703704
1064,1,105.571429,161.214286
1067,1,123.192308,165.461538
1069,1,131.481481,161.740741
1074,1,159.407407,158.740741
1075,1,165.576923,164.153846
1078,1,177.800000,163.000000
1079,1,182.960000,164.880000
1080,1,181.875000,160.666667
1083,1,202.136364,162.681818
1084,1,206.153846,164.115385
1086,1,214.269231,159.884615
1090,1,236.782609,163.565217
1091,1,33.296296,167.185185
1092,1,32.166667,166.250000
1093,1,33.760000,170.080000
1095,1,42.880000,172.840000
1096,1,51.892857,169.035714
1097,1,57.272727,167.090909
1098,1,61.750000,164.750000
1099,1,63.280000,169.120000
1101,1,77.791667,163.583333
1102,1,89.640000,168.240000
1103,1,86.666667,163.703704
1104,1,93.384615,165.538462
1105,1,97.217391,166.000000
1109,1,118.148148,170.037037
1110,1,119.000000,165.280000
1113,1,138.925926,168.370370
1114,1,141.250000,164.500000
1116,1,153.000000,169.000000
1119,1,166.750000,168.833333
1122,1,185.833333,164.916667
1126,1,201.538462,167.153846
1129,1,216.640000,163.240000
1130,1,227.521739,166.521739
1131,1,227.208333,167.166667
1134,1,34.791667,171.375000
1135,1,35.692308,174.538462
1136,1,41.800000,169.920000
1137,1,46.916667,169.666667
1138,1,54.360000,174.960000
1140,1,67.521739,170.260870
1141,1,66.600000,174.560000
1142,1,74.642857,171.035714
1144,1,79.304348,170.347826
1146,1,88.583333,170.916667
1148,1,101.840000,172.240000
1149,1,107.375000,173.125000
1152,1,122.925926,171.740741
1155,1,137.125000,167.791667
1158,1,152.576923,172.615385
1160,1,160.692308,176.192308
1161,1,164.000000,170.200000
1163,1,181.600000,175.440000
1164,1,178.304348,171.695652
1171,1,215.250000,172.964286
1172,1,221.038462,169.038462
1173,1,228.458333,172.958333
1174,1,230.807692,171.653846
1176,1,39.037037,178.407407
1177,1,43.583333,177.541667
1179,1,49.461538,172.730769
1182,1,72.240000,171.040000
1185,1,83.227273,178.454545
1188,1,95.480000,173.800000
1189,1,100.407407,175.962963
1191,1,114.291667,177.375000
1192,1,114.320000,178.120000
1194,1,131.478261,176.695652
1196,1,136.541667,172.958333
1200,1,156.200000,178.840000
1201,1,163.173913,176.913043
1202,1,166.769231,176.730769
1203,1,170.640000,175.000000
1204,1,176.269231,174.846154
1205,1,182.720000,171.240000
1206,1,184.346154,178.961538
1207,1,197.038462,175.730769
1208,1,196.862069,180.068966
1211,1,212.666667,177.125000
1212,1,217.517241,176.103448
1214,1,225.240000,174.480000
1221,1,63.840000,182.920000
1222,1,64.760000,180.120000
1223,1,69.956522,179.173913
1224,1,78.423077,185.115385
1225,1,82.884615,184.769231
1226,1,85.416667,181.041667
1227,1,90.892857,184.535714
1228,1,99.333333,183.250000
1229,1,96.480000,181.320000
1230,1,105.000000,181.347826
1233,1,124.920000,185.080000
1234,1,126.965517,180.689655
1239,1,154.956522,183.869565
1240,1,159.846154,184.000000
1245,1,180.925926,181.666667
1246,1,185.344828,186.448276
1247,1,194.833333,183.166667
1248,1,191.040000,178.960000
1250,1,209.826087,181.608696
1252,1,217.000000,180.666667
1253,1,220.136364,182.181818
1255,1,42.818182,187.772727
1256,1,38.153846,187.730769
1257,1,47.392857,187.285714
1259,1,57.956522,188.695652
1260,1,59.200000,187.720000
1263,1,76.269231,185.153846
1265,1,89.833333,182.291667
1266,1,91.500000,190.115385
1267,1,98.280000,189.120000
1268,1,103.461538,185.923077
1273,1,126.407407,192.333333
1274,1,130.458333,186.291667
1278,1,151.240000,188.480000
1280,1,164.416667,190.500000
1281,1,165.840000,188.040000
1285,1,188.520000,188.960000
1286,1,188.500000,183.500000
1288,1,203.461538,186.230769
1289,1,203.291667,187.958333
1294,1,45.478261,192.043478
1296,1,54.640000,191.240000
1300,1,72.608696,196.347826
1301,1,74.538462,191.769231
1303,1,86.269231,191.076923
1304,1,92.076923,187.307692
1306,1,103.583333,191.541667
1307,1,106.208333,191.916667
1309,1,115.964286,191.750000
1310,1,122.592593,191.333333
1311,1,129.583333,189.541667
1313,1,138.185185,193.444444
1316,1,151.769231,198.038462
1319,1,169.222222,196.000000
1321,1,176.037037,192.370370
1323,1,189.750000,185.625000
1324,1,190.800000,191.800000
1327,1,206.652174,193.130435
1331,1,42.384615,197.153846
1332,1,46.840000,197.280000
1333,1,52.043478,197.391304
1335,1,62.500000,198.363636
1337,1,69.880000,198.280000
1338,1,80.250000,198.107143
1339,1,83.240000,197.360000
1340,1,91.250000,200.083333
1341,1,87.760000,195.960000
1342,1,97.652174,198.260870
1343,1,100.960000,193.200000
1345,1,111.800000,197.760000
1347,1,121.037037,197.888889
1348,1,125.600000,196.560000
1351,1,142.434783,193.695652
1352,1,146.629630,196.370370
1353,1,149.148148,192.481481
1355,1,163.680000,195.720000
1356,1,166.600000,197.480000
1362,1,196.730769,199.307692
1364,1,206.115385,195.076923
1367,1,48.458333,200.041667
1371,1,68.538462,205.307692
1373,1,77.272727,197.227273
1374,1,85.454545,202.045455
1376,1,93.769231,197.653846
1378,1,104.392857,202.035714
1379,1,106.074074,201.148148
1380,1,112.160000,203.880000
1388,1,148.791667,197.875000
1389,1,155.000000,202.076923
1390,1,160.423077,200.538462
1393,1,178.600000,204.920000
1394,1,183.120000,201.480000
1395,1,179.111111,202.555556
1397,1,197.000000,204.863636
1398,1,201.192308,200.423077
1401,1,54.240000,206.880000
1404,1,66.040000,203.240000
1405,1,71.884615,206.846154
1407,1,81.444444,206.000000
1408,1,80.760000,206.360000
1409,1,93.760000,207.320000
1410,1,99.640000,209.560000
1413,1,113.076923,209.153846
1415,1,122.913043,206.130435
1416,1,127.615385,208.846154
1426,1,176.280000,207.800000
1430,1,194.913043,207.521739
1431,1,200.260870,201.956522
1432,1,204.739130,206.695652
1433,1,60.333333,214.833333
1434,1,60.227273,211.227273
1436,1,72.111111,214.555556
1437,1,75.035714,211.357143
1438,1,81.541667,210.583333
1439,1,88.178571,209.714286
1441,1,95.080000,210.440000
1442,1,105.076923,215.538462
1443,1,105.200000,212.080000
1444,1,110.307692,211.769231
1445,1,120.080000,212.320000
1447,1,128.000000,213.230769
1449,1,138.384615,212.500000
1452,1,153.500000,211.730769
1453,1,156.760000,213.120000
1457,1,177.000000,212.875000
1460,1,195.076923,212.307692
1461,1,200.695652,212.086957
1462,1,200.750000,208.333333
1463,1,61.954545,218.727273
1465,1,70.520000,216.920000
1469,1,87.000000,213.791667
1471,1,102.961538,216.961538
1472,1,108.782609,219.913043
1473,1,115.384615,216.500000
1474,1,121.269231,215.692308
1475,1,119.280000,219.680000
1477,1,129.782609,218.695652
1479,1,143.120000,218.480000
1481,1,154.222222,216.111111
1482,1,157.954545,218.136364
1483,1,161.958333,216.291667
1489,1,191.869565,216.000000
1490,1,196.304348,217.652174
1491,1,67.880000,222.560000
1492,1,72.740741,220.148148
1495,1,88.920000,222.240000
1499,1,105.760000,222.240000
1501,1,112.391304,217.521739
1502,1,116.500000,222.392857
1503,1,124.884615,224.192308
1504,1,133.360000,219.720000
1506,1,138.720000,224.480000
1507,1,145.500000,222.583333
1511,1,169.800000,226.040000
1513,1,174.846154,225.807692
1517,1,74.500000,224.681818
1519,1,88.250000,229.125000
1520,1,91.615385,226.115385
1524,1,113.925926,226.814815
1525,1,118.814815,228.185185
1526,1,122.666667,224.370370
1527,1,133.409091,226.681818
1529,1,132.480000,222.240000
1531,1,147.200000,226.520000
1534,1,162.481481,225.888889
1536,1,176.730769,223.423077
1538,1,181.760000,225.760000
1539,1,86.240000,229.080000
1542,1,102.222222,234.074074
1543,1,108.040000,232.480000
1545,1,116.080000,230.920000
1549,1,139.916667,230.500000
1550,1,139.695652,232.652174
1556,1,170.227273,231.500000
1557,1,97.269231,236.384615
1558,1,102.370370,237.444444
1563,1,129.560000,237.120000
1564,1,132.846154,236.538462
1565,1,136.750000,235.583333
1569,1,156.440000,236.040000
