ID,type,x COM, y COM
2,2,105.652174,24.521739
6,2,125.791667,23.041667
7,2,132.583333,25.166667
8,2,138.347826,23.565217
9,2,142.769231,21.615385
11,2,152.958333,23.208333
14,2,94.083333,26.916667
17,2,110.608696,28.826087
19,2,114.000000,31.695652
20,2,123.074074,28.592593
21,2,127.043478,26.652174
24,2,141.760000,27.000000
25,2,146.434783,26.869565
26,2,151.260870,27.347826
27,2,157.045455,28.863636
28,2,163.086957,22.913043
29,2,166.347826,28.695652
30,2,169.086957,26.608696
31,2,75.640000,34.680000
34,2,88.777778,29.851852
35,2,94.291667,32.041667
36,2,100.880000,31.880000
38,2,108.407407,34.777778
40,2,122.083333,33.750000
41,2,126.818182,32.227273
42,2,131.653846,29.653846
45,2,146.040000,31.400000
46,2,152.583333,31.750000
47,2,159.320000,32.960000
48,2,161.875000,27.791667
49,2,165.074074,32.962963
50,2,171.500000,31.000000
51,2,175.318182,31.772727
52,2,184.600000,35.880000
53,2,71.500000,37.730769
57,2,93.703704,37.296296
58,2,98.000000,40.043478
59,2,99.173913,35.869565
61,2,111.136364,36.909091
63,2,124.538462,37.884615
65,2,130.695652,33.913043
67,2,143.500000,37.750000
68,2,148.076923,34.884615
70,2,155.576923,36.423077
73,2,173.958333,38.041667
74,2,179.320000,36.920000
75,2,183.782609,40.000000
77,2,190.714286,35.000000
78,2,58.791667,42.541667
80,2,71.720000,42.840000
82,2,82.576923,46.346154
83,2,87.608696,41.739130
86,2,103.333333,41.083333
87,2,109.217391,41.956522
89,2,114.346154,45.153846
90,2,119.956522,42.130435
91,2,124.615385,42.923077
94,2,143.423077,43.423077
95,2,147.640000,41.920000
96,2,150.923077,44.500000
97,2,156.090909,41.772727
103,2,188.125000,43.166667
105,2,193.000000,42.173913
106,2,56.880000,46.400000
110,2,76.041667,45.125000
111,2,87.120000,48.160000
113,2,92.307692,46.923077
117,2,113.680000,50.880000
122,2,139.960000,48.040000
124,2,145.520000,47.480000
126,2,154.875000,46.625000
128,2,167.720000,46.600000
132,2,186.727273,50.590909
133,2,194.680000,45.680000
135,2,199.500000,46.625000
136,2,55.760000,51.320000
138,2,63.000000,52.166667
140,2,74.260870,53.347826
141,2,77.166667,57.666667
143,2,90.480000,52.480000
144,2,95.000000,50.500000
145,2,94.880000,54.800000
147,2,106.958333,52.541667
148,2,110.363636,53.409091
150,2,121.636364,55.863636
157,2,157.416667,52.750000
160,2,171.000000,50.318182
161,2,174.666667,51.958333
163,2,188.863636,47.454545
165,2,194.916667,49.750000
167,2,204.576923,52.615385
168,2,48.000000,60.173913
169,2,53.750000,55.875000
170,2,58.863636,58.000000
172,2,63.391304,56.565217
175,2,81.347826,56.130435
176,2,87.000000,56.869565
178,2,97.238095,57.809524
183,2,125.222222,59.111111
185,2,130.160000,58.480000
186,2,133.166667,63.333333
187,2,140.739130,58.086957
190,2,156.458333,57.500000
193,2,173.320000,56.600000
195,2,183.608696,55.478261
196,2,186.571429,57.619048
198,2,195.380952,53.476190
200,2,207.521739,56.217391
203,2,43.615385,61.000000
204,2,52.416667,60.125000
205,2,56.160000,61.880000
208,2,73.880000,65.280000
209,2,77.666667,62.625000
210,2,82.409091,60.727273
211,2,86.791667,61.666667
213,2,94.423077,62.538462
215,2,106.409091,65.181818
218,2,120.115385,61.692308
219,2,127.192308,63.615385
220,2,137.125000,61.416667
223,2,149.461538,62.269231
224,2,152.090909,59.545455
225,2,157.375000,61.416667
229,2,175.269231,64.346154
230,2,180.269231,60.923077
231,2,184.869565,61.913043
235,2,205.840000,64.600000
236,2,209.120000,60.120000
243,2,70.041667,62.208333
245,2,78.692308,68.884615
248,2,91.541667,66.333333
251,2,110.653846,69.269231
253,2,118.520000,67.680000
256,2,132.291667,68.041667
257,2,137.080000,67.960000
260,2,154.440000,66.200000
261,2,158.400000,67.440000
262,2,163.192308,66.230769
263,2,165.500000,71.769231
264,2,168.333333,65.777778
265,2,175.720000,68.840000
267,2,184.608696,66.217391
269,2,194.238095,67.714286
270,2,199.833333,67.333333
278,2,50.807692,76.230769
279,2,57.409091,70.772727
283,2,74.960000,70.840000
284,2,82.727273,70.863636
286,2,88.173913,69.478261
287,2,94.000000,71.259259
289,2,105.680000,70.840000
291,2,119.038462,73.115385
292,2,124.083333,72.500000
293,2,129.291667,72.916667
294,2,132.521739,74.739130
295,2,136.846154,73.423077
296,2,140.739130,71.347826
297,2,144.760000,72.800000
299,2,155.666667,71.583333
300,2,161.952381,71.428571
301,2,170.360000,73.720000
302,2,170.869565,69.478261
311,2,215.192308,74.615385
312,2,221.480000,71.960000
313,2,34.521739,76.782609
315,2,40.400000,77.400000
316,2,46.000000,74.428571
318,2,55.565217,76.521739
319,2,60.080000,74.960000
321,2,74.190476,75.952381
325,2,91.961538,75.884615
328,2,106.708333,76.000000
331,2,122.250000,77.125000
332,2,127.269231,77.923077
336,2,143.185185,77.518519
337,2,148.227273,77.000000
339,2,159.333333,74.714286
341,2,169.259259,77.925926
345,2,195.880000,77.560000
346,2,196.846154,72.423077
347,2,199.913043,78.608696
348,2,210.480000,77.760000
349,2,210.869565,72.086957
350,2,214.360000,79.920000
354,2,36.095238,81.238095
355,2,41.625000,82.208333
356,2,45.695652,79.521739
358,2,57.166667,81.250000
359,2,61.478261,81.043478
361,2,72.307692,81.884615
362,2,77.192308,80.653846
363,2,81.500000,84.636364
365,2,91.541667,80.666667
366,2,95.846154,82.692308
369,2,107.560000,81.880000
375,2,142.666667,82.958333
378,2,159.480000,82.920000
380,2,164.166667,82.000000
381,2,170.200000,82.520000
382,2,178.458333,81.916667
389,2,212.720000,84.680000
390,2,217.695652,83.782609
391,2,220.857143,81.785714
393,2,28.130435,90.565217
395,2,37.115385,85.076923
397,2,46.913043,85.434783
399,2,56.925926,86.185185
401,2,66.739130,86.826087
404,2,82.888889,88.444444
405,2,88.916667,87.666667
406,2,92.571429,85.428571
409,2,111.958333,87.083333
410,2,114.600000,86.920000
411,2,117.208333,86.958333
416,2,145.041667,87.041667
420,2,162.500000,87.125000
421,2,167.416667,85.875000
422,2,174.166667,81.833333
423,2,177.913043,87.217391
424,2,181.791667,86.708333
425,2,186.416667,87.000000
427,2,198.800000,87.160000
428,2,203.416667,86.125000
429,2,207.166667,88.166667
432,2,219.850000,88.650000
433,2,225.318182,87.181818
434,2,230.458333,85.750000
436,2,33.653846,90.307692
438,2,44.153846,91.730769
439,2,47.250000,94.791667
440,2,53.307692,91.769231
441,2,58.653846,90.807692
444,2,73.192308,89.500000
445,2,77.739130,90.173913
447,2,87.125000,93.000000
448,2,92.750000,91.178571
449,2,97.652174,93.043478
450,2,108.846154,87.923077
453,2,121.375000,90.041667
455,2,130.434783,92.608696
456,2,131.181818,97.636364
458,2,143.000000,92.200000
463,2,166.625000,91.375000
464,2,173.909091,88.136364
465,2,177.954545,92.909091
466,2,183.000000,91.800000
473,2,218.166667,93.000000
474,2,224.833333,90.166667
476,2,235.857143,90.761905
479,2,37.920000,98.600000
480,2,43.166667,97.375000
482,2,51.173913,97.565217
485,2,68.000000,99.727273
489,2,87.037037,98.074074
490,2,91.680000,96.120000
495,2,116.440000,94.320000
496,2,121.000000,95.000000
497,2,125.681818,98.545455
499,2,137.560000,102.640000
501,2,147.037037,97.000000
504,2,166.360000,94.960000
509,2,185.333333,96.166667
510,2,190.416667,95.666667
511,2,194.600000,98.240000
512,2,200.481481,96.925926
515,2,218.958333,97.208333
517,2,227.260870,99.260870
519,2,237.000000,96.041667
520,2,23.565217,100.565217
521,2,28.272727,101.045455
522,2,32.521739,100.391304
523,2,38.347826,103.565217
526,2,53.086957,102.913043
528,2,62.869565,101.173913
530,2,68.500000,103.181818
532,2,83.400000,101.520000
533,2,87.791667,103.458333
537,2,107.583333,100.458333
538,2,111.652174,103.304348
539,2,115.916667,99.250000
540,2,120.500000,100.500000
544,2,142.285714,98.428571
545,2,146.083333,103.333333
546,2,150.653846,102.884615
550,2,172.000000,101.269231
551,2,178.130435,101.173913
552,2,182.500000,101.000000
553,2,186.846154,101.000000
554,2,190.400000,102.360000
555,2,195.520000,103.320000
556,2,200.076923,101.192308
558,2,211.666667,102.583333
559,2,216.846154,101.192308
560,2,222.200000,101.320000
561,2,229.083333,103.500000
564,2,23.928571,105.285714
567,2,37.083333,108.416667
570,2,53.461538,107.576923
571,2,57.846154,108.192308
572,2,62.653846,106.038462
573,2,65.880000,108.920000
574,2,69.920000,108.120000
576,2,80.166667,105.208333
577,2,84.846154,107.961538
578,2,90.000000,108.608696
583,2,115.750000,104.375000
584,2,120.576923,107.153846
587,2,141.875000,108.625000
588,2,142.000000,104.000000
589,2,147.090909,108.727273
590,2,151.440000,107.800000
591,2,155.523810,105.142857
592,2,158.923077,108.038462
594,2,172.680000,108.520000
595,2,175.791667,105.625000
596,2,180.560000,106.440000
599,2,200.000000,106.400000
601,2,205.869565,107.260870
602,2,211.222222,108.370370
603,2,217.740741,105.148148
604,2,224.090909,105.227273
605,2,229.000000,107.521739
606,2,234.080000,106.440000
609,2,27.333333,110.833333
610,2,30.826087,114.956522
612,2,41.375000,116.000000
613,2,46.272727,111.772727
614,2,52.333333,112.708333
615,2,57.619048,113.095238
620,2,81.958333,112.666667
625,2,105.520000,113.880000
626,2,110.318182,113.272727
627,2,115.375000,109.000000
631,2,137.545455,111.636364
632,2,143.320000,114.040000
633,2,147.833333,113.791667
634,2,152.208333,112.166667
635,2,156.826087,112.217391
636,2,162.695652,110.565217
639,2,177.000000,110.826087
641,2,188.600000,112.560000
643,2,193.884615,107.461538
645,2,206.560000,112.520000
646,2,212.000000,113.200000
648,2,221.703704,110.259259
649,2,226.040000,111.760000
650,2,231.869565,110.956522
651,2,237.740741,110.518519
653,2,27.791667,119.208333
658,2,53.291667,119.875000
659,2,56.680000,116.960000
660,2,61.880000,118.400000
662,2,75.125000,117.125000
664,2,81.260870,118.260870
665,2,85.846154,116.192308
668,2,105.560000,117.520000
671,2,115.347826,113.956522
675,2,139.782609,115.695652
678,2,153.166667,118.416667
680,2,163.000000,115.565217
681,2,167.434783,116.260870
682,2,172.600000,115.880000
683,2,176.958333,116.458333
684,2,181.272727,118.318182
686,2,195.040000,117.520000
688,2,202.000000,116.481481
690,2,212.920000,117.920000
691,2,216.960000,114.280000
692,2,221.958333,115.416667
693,2,225.608696,119.086957
694,2,230.190476,114.380952
696,2,22.120000,119.200000
697,2,27.782609,123.391304
700,2,42.120000,123.520000
701,2,47.416667,127.666667
703,2,58.260870,122.086957
705,2,67.000000,120.040000
706,2,71.480000,122.240000
707,2,76.500000,121.192308
713,2,105.538462,120.769231
716,2,122.304348,118.565217
717,2,125.600000,124.520000
718,2,128.500000,118.500000
720,2,141.240000,119.880000
722,2,154.750000,124.333333
727,2,178.125000,121.458333
731,2,196.652174,122.347826
732,2,200.250000,121.000000
733,2,204.857143,122.500000
734,2,210.500000,122.000000
736,2,222.680000,124.440000
740,2,22.080000,125.280000
741,2,31.814815,126.333333
746,2,49.680000,131.480000
748,2,63.318182,127.818182
752,2,81.739130,123.260870
753,2,85.304348,127.173913
756,2,101.928571,124.428571
757,2,106.083333,128.875000
758,2,108.269231,125.961538
761,2,129.173913,122.869565
766,2,150.739130,126.782609
767,2,158.173913,128.043478
768,2,161.750000,124.850000
769,2,169.269231,127.346154
775,2,197.875000,127.458333
776,2,202.230769,127.500000
781,2,226.958333,124.958333
782,2,231.884615,127.923077
783,2,236.120000,125.280000
785,2,27.708333,132.291667
786,2,31.625000,132.666667
787,2,35.304348,129.826087
789,2,48.166667,135.500000
791,2,57.923077,128.576923
792,2,61.166667,131.500000
793,2,68.166667,129.708333
794,2,68.956522,133.956522
800,2,103.409091,132.727273
801,2,107.434783,136.956522
802,2,109.000000,132.409091
807,2,134.043478,131.391304
809,2,147.153846,131.961538
810,2,151.444444,133.407407
814,2,175.782609,133.304348
816,2,181.440000,133.760000
820,2,200.080000,132.400000
821,2,207.760000,131.120000
822,2,212.695652,132.565217
825,2,225.956522,129.043478
826,2,228.250000,132.416667
829,2,24.826087,137.000000
830,2,30.291667,137.541667
831,2,36.086957,135.391304
832,2,39.956522,138.173913
833,2,44.695652,139.000000
834,2,50.000000,139.130435
835,2,57.791667,135.625000
837,2,67.958333,137.791667
840,2,79.307692,138.961538
844,2,102.318182,139.227273
852,2,144.230769,137.807692
854,2,153.782609,138.782609
855,2,155.296296,131.925926
857,2,169.772727,135.818182
858,2,173.857143,137.428571
861,2,184.916667,140.166667
862,2,188.360000,135.960000
864,2,204.240000,135.920000
868,2,227.434783,137.652174
870,2,233.538462,134.730769
871,2,236.760000,138.800000
872,2,23.304348,142.652174
873,2,27.407407,142.703704
874,2,31.875000,141.916667
876,2,40.538462,144.000000
878,2,54.560000,142.680000
879,2,57.304348,139.739130
881,2,66.560000,141.360000
884,2,84.200000,140.120000
888,2,105.727273,140.681818
890,2,114.370370,144.703704
893,2,128.565217,143.304348
895,2,132.708333,142.041667
897,2,148.541667,138.041667
900,2,163.333333,141.333333
902,2,169.678571,140.892857
903,2,174.916667,142.666667
907,2,200.782609,138.000000
908,2,201.304348,142.869565
909,2,206.576923,140.230769
911,2,218.160000,142.040000
912,2,221.840000,143.480000
913,2,226.333333,141.833333
915,2,236.000000,143.384615
917,2,25.095238,147.333333
918,2,30.695652,147.130435
919,2,35.772727,146.136364
922,2,53.521739,147.347826
924,2,61.272727,148.590909
925,2,67.000000,145.760000
926,2,71.833333,144.500000
928,2,82.956522,146.652174
932,2,101.500000,145.884615
933,2,108.750000,143.625000
935,2,118.000000,148.826087
937,2,127.730769,148.538462
938,2,134.090909,146.954545
940,2,142.869565,147.434783
942,2,153.538462,144.846154
943,2,157.846154,144.500000
944,2,161.653846,147.000000
945,2,165.653846,147.153846
947,2,176.541667,149.458333
949,2,190.125000,149.000000
953,2,206.347826,145.695652
954,2,210.000000,147.217391
957,2,225.692308,146.923077
958,2,230.520000,145.280000
961,2,30.565217,151.173913
962,2,35.791667,150.708333
966,2,55.125000,152.625000
967,2,58.920000,151.240000
968,2,64.166667,153.416667
969,2,67.333333,150.666667
971,2,76.913043,151.869565
972,2,84.807692,152.307692
973,2,87.652174,149.000000
974,2,91.821429,152.714286
980,2,122.875000,154.291667
981,2,127.217391,154.043478
982,2,131.958333,150.875000
984,2,144.320000,152.000000
988,2,156.680000,149.720000
990,2,172.000000,154.185185
992,2,180.285714,152.142857
994,2,191.807692,153.500000
995,2,197.086957,153.565217
996,2,201.652174,152.695652
997,2,204.666667,149.625000
999,2,218.703704,150.185185
1003,2,237.480000,148.600000
1006,2,33.846154,155.653846
1007,2,38.541667,156.791667
1008,2,39.846154,161.384615
1009,2,45.346154,155.346154
1011,2,57.481481,160.148148
1013,2,68.772727,156.181818
1014,2,74.000000,155.875000
1017,2,83.900000,156.000000
1018,2,88.160000,156.920000
1022,2,113.520000,160.600000
1023,2,118.560000,153.720000
1027,2,135.000000,157.260870
1028,2,141.360000,156.400000
1029,2,145.777778,157.111111
1030,2,150.304348,156.130435
1032,2,161.090909,157.818182
1033,2,167.833333,157.583333
1034,2,173.333333,158.541667
1035,2,177.666667,155.074074
1036,2,182.230769,158.692308
1037,2,185.076923,154.730769
1038,2,190.320000,157.400000
1039,2,196.434783,158.608696
1044,2,220.208333,155.750000
1045,2,228.000000,158.125000
1047,2,236.269231,154.884615
1051,2,45.130435,159.652174
1052,2,45.440000,164.400000
1055,2,62.958333,160.958333
1056,2,68.357143,160.142857
1058,2,78.833333,159.583333
1059,2,82.956522,164.739130
1060,2,86.000000,161.130435
1061,2,91.480000,161.320000
1065,2,109.956522,162.304348
1066,2,119.346154,163.307692
1067,2,118.680000,158.800000
1068,2,124.304348,162.652174
1069,2,135.615385,161.807692
1072,2,147.173913,161.869565
1073,2,151.619048,161.047619
1074,2,154.260870,158.913043
1075,2,158.478261,162.434783
1077,2,170.692308,163.230769
1078,2,177.280000,160.840000
1080,2,187.600000,160.880000
1081,2,192.666667,161.666667
1085,2,209.280000,161.880000
1088,2,227.636364,162.272727
1091,2,27.346154,165.923077
1092,2,34.409091,168.090909
1093,2,37.136364,165.727273
1094,2,41.720000,166.560000
1096,2,51.040000,164.200000
1097,2,59.380952,165.000000
1098,2,64.583333,165.083333
1101,2,78.178571,164.500000
1103,2,87.925926,165.777778
1106,2,99.000000,170.000000
1107,2,106.560000,164.160000
1110,2,119.760000,167.080000
1112,2,132.739130,167.608696
1113,2,136.565217,166.608696
1114,2,143.320000,170.240000
1115,2,147.920000,166.840000
1116,2,152.440000,166.520000
1118,2,162.375000,163.791667
1119,2,166.608696,165.347826
1121,2,175.000000,165.583333
1123,2,187.280000,165.440000
1127,2,209.541667,166.250000
1130,2,225.720000,165.760000
1134,2,30.160000,170.240000
1135,2,40.521739,171.347826
1138,2,52.296296,167.592593
1142,2,71.041667,171.458333
1143,2,76.321429,170.107143
1144,2,82.217391,173.521739
1150,2,108.956522,169.478261
1151,2,116.166667,174.000000
1152,2,120.923077,171.115385
1157,2,146.782609,172.043478
1158,2,150.833333,172.875000
1159,2,161.875000,168.750000
1161,2,165.720000,170.880000
1163,2,177.307692,170.115385
1167,2,196.708333,174.375000
1168,2,201.880000,170.720000
1170,2,209.730769,173.846154
1172,2,224.208333,170.333333
1180,2,58.115385,179.384615
1182,2,64.444444,177.259259
1183,2,69.000000,176.500000
1187,2,89.380952,176.238095
1188,2,98.320000,175.520000
1191,2,110.909091,173.909091
1194,2,125.800000,179.280000
1195,2,128.769231,177.500000
1197,2,143.333333,177.000000
1198,2,147.777778,178.000000
1199,2,153.000000,177.250000
1202,2,168.478261,177.695652
1205,2,181.700000,173.950000
1206,2,184.217391,177.391304
1207,2,192.250000,172.083333
1211,2,213.181818,177.818182
1215,2,31.043478,178.739130
1217,2,41.000000,183.500000
1219,2,52.480000,179.000000
1221,2,64.500000,183.500000
1226,2,89.500000,181.727273
1227,2,93.000000,179.391304
1228,2,96.916667,181.125000
1232,2,117.500000,179.730769
1233,2,122.037037,181.407407
1237,2,139.480000,182.120000
1239,2,149.777778,182.777778
1240,2,154.814815,184.296296
1242,2,168.400000,182.120000
1245,2,182.416667,180.916667
1251,2,215.681818,182.727273
1252,2,217.360000,177.920000
1253,2,220.181818,183.727273
1255,2,34.600000,183.880000
1257,2,49.666667,186.208333
1258,2,52.478261,183.260870
1260,2,60.640000,187.520000
1262,2,74.565217,187.391304
1263,2,78.360000,187.320000
1264,2,82.000000,187.961538
1265,2,85.571429,188.571429
1269,2,104.272727,188.000000
1271,2,121.217391,185.608696
1273,2,126.653846,186.000000
1274,2,131.680000,187.760000
1275,2,135.625000,188.958333
1278,2,152.583333,187.791667
1280,2,159.363636,185.545455
1281,2,165.750000,185.750000
1282,2,172.925926,187.370370
1283,2,179.041667,185.708333
1284,2,182.481481,187.555556
1285,2,186.318182,185.818182
1286,2,190.653846,187.923077
1293,2,38.720000,188.200000
1295,2,48.500000,191.500000
1296,2,52.384615,191.192308
1297,2,57.000000,191.791667
1299,2,65.666667,188.904762
1301,2,76.920000,192.400000
1302,2,79.250000,195.458333
1306,2,100.923077,193.192308
1307,2,105.130435,191.956522
1309,2,117.521739,186.913043
1311,2,128.000000,191.120000
1312,2,131.520000,194.080000
1314,2,143.304348,192.478261
1315,2,148.846154,191.461538
1316,2,152.884615,193.346154
1317,2,158.185185,191.185185
1319,2,165.120000,190.800000
1320,2,170.478261,188.391304
1322,2,183.916667,192.333333
1330,2,219.375000,192.625000
1333,2,54.875000,196.333333
1337,2,73.956522,196.478261
1338,2,76.782609,200.956522
1339,2,82.608696,198.130435
1340,2,90.090909,196.909091
1341,2,94.640000,194.240000
1343,2,103.400000,198.000000
1346,2,115.150000,198.500000
1350,2,137.192308,194.269231
1352,2,144.363636,196.500000
1354,2,156.259259,197.481481
1355,2,160.500000,197.500000
1356,2,164.809524,195.380952
1357,2,169.960000,193.440000
1360,2,186.680000,196.400000
1362,2,200.181818,202.409091
1364,2,206.961538,197.307692
1366,2,215.041667,197.208333
1367,2,47.173913,201.000000
1368,2,51.892857,200.321429
1369,2,57.130435,200.173913
1371,2,67.160000,202.480000
1372,2,72.391304,202.391304
1373,2,79.500000,205.416667
1377,2,93.869565,200.086957
1379,2,106.880000,201.400000
1380,2,109.391304,204.739130
1381,2,114.708333,201.875000
1383,2,126.576923,201.423077
1385,2,137.333333,204.208333
1389,2,156.481481,203.888889
1390,2,161.916667,201.291667
1392,2,178.653846,201.461538
1393,2,180.958333,205.958333
1394,2,181.913043,197.608696
1397,2,196.625000,203.750000
1399,2,205.782609,202.695652
1400,2,210.846154,201.423077
1403,2,61.652174,203.521739
1404,2,65.333333,208.916667
1405,2,69.222222,206.777778
1407,2,82.400000,202.640000
1408,2,83.652174,208.260870
1412,2,106.083333,208.291667
1414,2,116.888889,205.074074
1415,2,122.227273,204.954545
1418,2,135.208333,208.375000
1419,2,140.666667,207.833333
1420,2,145.000000,205.375000
1421,2,152.043478,206.434783
1422,2,154.793103,210.448276
1423,2,161.391304,205.434783
1426,2,175.086957,205.173913
1428,2,189.727273,212.863636
1432,2,206.666667,207.750000
1436,2,70.000000,210.727273
1439,2,86.642857,213.142857
1440,2,92.640000,212.120000
1442,2,104.875000,212.208333
1445,2,119.565217,210.565217
1446,2,123.576923,209.692308
1447,2,126.695652,211.826087
1448,2,130.680000,210.240000
1449,2,136.000000,212.250000
1452,2,151.380952,213.047619
1453,2,160.000000,209.925926
1454,2,165.884615,208.230769
1457,2,176.600000,209.880000
1459,2,185.440000,210.400000
1462,2,202.391304,212.130435
1463,2,65.250000,217.458333
1464,2,70.391304,220.956522
1465,2,70.583333,214.791667
1466,2,75.681818,216.045455
1470,2,98.160000,219.760000
1471,2,100.045455,215.500000
1473,2,114.772727,217.590909
1475,2,122.080000,215.440000
1477,2,131.652174,215.782609
1479,2,136.458333,216.541667
1481,2,153.083333,218.333333
1482,2,157.160000,214.560000
1486,2,182.458333,219.208333
1488,2,186.000000,215.296296
1490,2,197.680000,215.680000
1491,2,66.041667,222.041667
1493,2,79.000000,220.434783
1494,2,84.115385,221.576923
1495,2,88.863636,223.090909
1497,2,94.541667,222.000000
1501,2,118.125000,218.333333
1502,2,123.440000,221.080000
1503,2,128.000000,222.440000
1505,2,138.291667,221.708333
1508,2,152.875000,221.750000
1509,2,156.760000,224.120000
1510,2,158.681818,218.909091
1511,2,169.740741,221.222222
1513,2,178.875000,222.208333
1514,2,182.720000,224.600000
1517,2,79.136364,224.045455
1518,2,83.045455,227.909091
1519,2,87.791667,227.000000
1520,2,92.600000,227.600000
1521,2,96.434783,226.391304
1522,2,100.600000,225.800000
1523,2,105.961538,225.884615
1524,2,111.040000,226.240000
1525,2,118.217391,226.347826
1528,2,130.083333,226.916667
1532,2,151.703704,226.592593
1533,2,158.521739,228.304348
1536,2,174.250000,224.291667
1539,2,87.666667,231.458333
1541,2,98.800000,230.720000
1544,2,113.600000,229.960000
1545,2,117.380952,231.238095
1546,2,121.040000,233.040000
1549,2,137.545455,231.590909
1550,2,142.375000,231.875000
1551,2,148.375000,231.666667
1553,2,161.760000,232.480000
1554,2,166.304348,231.260870
1557,2,99.307692,235.115385
1562,2,122.291667,237.041667
1563,2,128.280000,234.560000
1564,2,133.720000,234.120000
1565,2,138.846154,237.576923
1568,2,155.130435,237.304348
1570,2,162.038462,236.500000
1,1,101.173913,27.652174
3,1,116.826087,22.478261
4,1,117.760000,28.360000
5,1,119.153846,23.576923
10,1,148.280000,21.720000
12,1,157.250000,24.500000
13,1,88.250000,33.458333
15,1,99.125000,24.333333
16,1,104.541667,26.375000
18,1,113.880000,23.080000
22,1,137.920000,28.560000
23,1,135.384615,33.461538
32,1,80.240000,32.120000
33,1,83.222222,38.074074
37,1,105.703704,30.703704
39,1,118.869565,34.652174
43,1,135.703704,38.518519
44,1,141.038462,33.615385
54,1,82.185185,41.888889
55,1,81.083333,36.750000
56,1,89.360000,37.200000
60,1,104.434783,37.000000
62,1,116.615385,37.000000
64,1,130.666667,39.625000
66,1,138.740741,41.370370
69,1,151.615385,38.307692
71,1,165.652174,38.043478
72,1,170.928571,35.785714
76,1,180.583333,43.291667
79,1,69.083333,44.791667
81,1,78.269231,38.692308
84,1,92.083333,43.291667
85,1,100.760000,44.760000
88,1,114.250000,40.375000
92,1,132.454545,46.681818
93,1,136.296296,41.962963
98,1,160.625000,37.375000
99,1,161.818182,41.181818
100,1,168.750000,42.125000
101,1,177.318182,41.272727
102,1,182.652174,47.260870
104,1,190.461538,38.769231
107,1,62.615385,42.730769
108,1,68.760000,45.400000
109,1,76.785714,48.928571
112,1,80.045455,51.181818
114,1,100.240000,52.040000
115,1,100.958333,48.333333
116,1,102.884615,46.230769
118,1,120.520000,48.480000
119,1,120.038462,48.807692
120,1,126.375000,49.333333
121,1,129.800000,42.920000
123,1,137.807692,53.153846
125,1,152.192308,50.000000
127,1,160.333333,45.296296
129,1,166.714286,57.178571
130,1,172.538462,44.500000
131,1,176.956522,46.391304
134,1,200.750000,53.541667
137,1,61.115385,51.961538
139,1,64.296296,47.592593
142,1,85.038462,52.923077
146,1,108.178571,46.464286
149,1,117.160000,53.480000
151,1,131.800000,52.600000
152,1,128.043478,48.652174
153,1,134.576923,56.269231
154,1,144.185185,53.925926
155,1,139.136364,50.818182
156,1,147.576923,54.769231
158,1,162.040000,48.920000
159,1,168.500000,54.321429
162,1,181.280000,51.520000
164,1,190.038462,53.846154
166,1,199.608696,57.130435
171,1,63.125000,61.458333
173,1,68.666667,51.518519
174,1,72.636364,58.863636
177,1,91.520000,59.640000
179,1,102.541667,57.250000
180,1,105.960000,58.320000
181,1,107.730769,59.846154
182,1,116.640000,58.360000
184,1,126.840000,54.440000
188,1,151.703704,53.962963
189,1,144.375000,60.291667
191,1,162.076923,55.423077
192,1,164.043478,48.869565
194,1,178.076923,53.000000
197,1,189.500000,63.000000
199,1,203.869565,61.000000
201,1,214.000000,58.960000
202,1,46.642857,69.107143
206,1,59.576923,68.500000
207,1,69.400000,56.400000
212,1,100.000000,65.760000
214,1,101.080000,68.720000
216,1,112.884615,58.461538
217,1,113.160000,62.960000
221,1,144.909091,66.409091
222,1,143.695652,67.217391
226,1,167.370370,62.185185
227,1,163.307692,60.423077
228,1,175.461538,59.923077
232,1,195.760000,62.880000
233,1,193.407407,57.777778
234,1,199.416667,61.333333
237,1,218.576923,64.884615
238,1,40.333333,68.037037
239,1,53.846154,70.192308
240,1,50.458333,68.000000
241,1,66.800000,63.880000
242,1,61.360000,64.840000
244,1,69.888889,69.888889
246,1,82.181818,65.545455
247,1,86.250000,68.583333
249,1,99.714286,71.678571
250,1,101.083333,60.750000
252,1,113.269231,67.076923
254,1,123.153846,66.576923
255,1,126.846154,68.884615
258,1,144.375000,64.166667
259,1,150.222222,69.074074
266,1,180.185185,67.851852
268,1,191.192308,64.384615
271,1,212.000000,66.200000
272,1,214.458333,63.625000
273,1,210.120000,70.040000
274,1,216.416667,70.333333
275,1,37.560000,71.000000
276,1,44.727273,66.227273
277,1,50.958333,65.958333
280,1,65.269231,74.807692
281,1,69.807692,74.692308
282,1,65.360000,69.360000
285,1,86.909091,75.636364
288,1,100.217391,70.956522
290,1,112.346154,73.000000
298,1,151.304348,74.695652
303,1,179.653846,71.769231
304,1,186.826087,72.000000
305,1,192.347826,72.173913
306,1,184.782609,71.478261
307,1,189.520000,76.280000
308,1,206.814815,81.444444
309,1,203.480000,70.040000
310,1,206.000000,71.166667
314,1,39.583333,74.125000
317,1,51.720000,81.880000
320,1,66.962963,80.111111
322,1,79.160000,76.680000
323,1,81.826087,76.478261
324,1,85.851852,78.518519
326,1,97.111111,76.407407
327,1,103.240000,78.080000
329,1,111.416667,78.375000
330,1,114.960000,76.600000
333,1,131.875000,81.291667
334,1,135.826087,78.130435
335,1,138.760000,80.240000
338,1,162.400000,77.880000
340,1,157.625000,78.166667
342,1,175.240000,76.320000
343,1,179.960000,76.560000
344,1,185.480000,78.400000
351,1,221.541667,76.583333
352,1,223.785714,78.678571
353,1,31.333333,83.625000
357,1,51.520000,83.880000
360,1,64.083333,85.250000
364,1,86.703704,83.000000
367,1,101.375000,83.125000
368,1,99.000000,85.730769
370,1,117.692308,80.807692
371,1,122.680000,85.000000
372,1,126.370370,83.703704
373,1,132.416667,86.708333
374,1,138.037037,85.592593
376,1,147.461538,82.884615
377,1,150.160000,88.840000
379,1,154.772727,81.181818
383,1,183.708333,81.833333
384,1,190.560000,84.280000
385,1,190.615385,80.153846
386,1,199.960000,82.640000
387,1,201.846154,74.538462
388,1,206.000000,82.080000
392,1,226.416667,83.083333
394,1,31.208333,85.958333
396,1,43.086957,87.173913
398,1,49.777778,89.703704
400,1,62.615385,87.692308
402,1,68.958333,84.333333
403,1,74.833333,85.250000
407,1,100.200000,89.920000
408,1,104.400000,86.840000
412,1,123.259259,82.851852
413,1,125.346154,87.307692
414,1,139.041667,89.375000
415,1,135.615385,90.653846
417,1,149.192308,92.230769
418,1,157.833333,96.416667
419,1,157.360000,88.520000
426,1,199.160000,91.680000
430,1,210.360000,96.680000
431,1,214.423077,89.269231
435,1,32.291667,94.666667
437,1,39.000000,89.720000
442,1,60.125000,98.000000
443,1,68.346154,94.153846
446,1,78.739130,100.086957
451,1,110.454545,93.772727
452,1,104.000000,94.111111
454,1,126.076923,93.884615
457,1,134.791667,94.958333
459,1,153.583333,92.041667
460,1,151.259259,83.000000
461,1,156.500000,85.807692
462,1,159.884615,93.423077
467,1,188.840000,90.360000
468,1,194.000000,83.560000
469,1,193.640000,92.800000
470,1,198.240000,91.080000
471,1,207.074074,96.481481
472,1,212.074074,93.629630
475,1,231.600000,91.400000
477,1,28.038462,96.115385
478,1,37.769231,94.807692
481,1,47.384615,100.923077
483,1,56.423077,95.692308
484,1,63.320000,94.640000
486,1,78.750000,95.083333
487,1,71.076923,93.192308
488,1,82.576923,93.153846
491,1,97.320000,97.160000
492,1,106.071429,94.392857
493,1,97.720000,103.080000
494,1,111.521739,97.695652
498,1,131.923077,105.115385
500,1,138.541667,96.875000
502,1,152.200000,98.080000
503,1,160.904762,98.476190
505,1,164.960000,99.680000
506,1,174.480000,95.200000
507,1,171.040000,90.440000
508,1,178.666667,96.166667
513,1,205.629630,92.629630
514,1,210.000000,101.590909
516,1,223.240000,94.720000
518,1,227.956522,94.652174
524,1,44.680000,103.200000
525,1,41.653846,108.961538
527,1,57.310345,101.827586
529,1,74.576923,96.692308
531,1,73.863636,103.545455
534,1,94.666667,105.958333
535,1,92.500000,101.291667
536,1,100.370370,100.629630
541,1,125.000000,102.833333
542,1,135.666667,107.074074
543,1,130.782609,101.173913
547,1,156.440000,100.800000
548,1,163.304348,104.217391
549,1,166.000000,105.923077
557,1,205.583333,101.791667
562,1,232.384615,96.884615
563,1,235.363636,100.045455
565,1,30.833333,107.375000
566,1,33.400000,104.880000
568,1,44.541667,105.500000
569,1,48.958333,108.000000
575,1,74.615385,102.923077
579,1,96.115385,112.807692
580,1,105.500000,108.923077
581,1,105.541667,103.708333
582,1,110.600000,107.800000
585,1,126.640000,108.360000
586,1,133.000000,115.111111
593,1,171.090909,97.818182
597,1,184.240000,107.520000
598,1,187.714286,108.250000
600,1,201.782609,110.130435
607,1,236.461538,103.692308
608,1,23.307692,110.346154
611,1,37.541667,113.500000
616,1,62.538462,112.192308
617,1,69.714286,115.333333
618,1,77.545455,113.318182
619,1,77.214286,108.821429
621,1,88.080000,112.560000
622,1,95.640000,117.160000
623,1,98.500000,106.214286
624,1,101.461538,110.730769
628,1,119.000000,113.083333
629,1,124.916667,108.250000
630,1,130.962963,110.666667
637,1,169.111111,106.962963
638,1,168.576923,111.923077
640,1,181.461538,113.000000
642,1,193.040000,112.200000
644,1,198.413793,112.551724
647,1,216.440000,109.280000
652,1,24.480000,115.800000
654,1,31.680000,110.240000
655,1,33.909091,117.772727
656,1,45.846154,119.115385
657,1,47.625000,115.375000
661,1,66.043478,115.695652
663,1,72.730769,112.307692
666,1,98.074074,115.000000
667,1,91.520000,115.600000
669,1,113.115385,121.038462
670,1,111.714286,119.000000
672,1,123.869565,114.695652
673,1,122.400000,115.880000
674,1,136.296296,122.444444
676,1,146.750000,119.250000
677,1,149.869565,120.826087
679,1,157.440000,116.480000
685,1,189.461538,117.884615
687,1,189.200000,121.933333
689,1,207.333333,117.592593
695,1,235.962963,116.333333
698,1,38.600000,127.360000
699,1,39.538462,119.923077
702,1,49.208333,121.625000
704,1,63.166667,123.583333
708,1,88.695652,122.913043
709,1,87.695652,121.826087
710,1,95.043478,120.565217
711,1,96.208333,128.541667
712,1,98.500000,124.090909
714,1,113.560000,129.800000
715,1,117.000000,123.500000
719,1,133.560000,120.680000
721,1,144.083333,124.333333
723,1,158.000000,121.148148
724,1,163.080000,119.840000
725,1,165.625000,125.291667
726,1,171.840000,121.680000
728,1,178.200000,126.360000
729,1,187.720000,126.120000
730,1,188.423077,118.307692
735,1,219.142857,119.071429
737,1,229.320000,119.960000
738,1,232.600000,120.720000
739,1,235.958333,119.291667
742,1,34.500000,121.708333
743,1,40.777778,125.962963
744,1,43.863636,132.045455
745,1,53.222222,127.000000
747,1,52.640000,124.760000
749,1,68.652174,125.782609
750,1,73.960000,127.760000
751,1,77.400000,126.360000
754,1,81.115385,128.230769
755,1,95.640000,126.960000
759,1,116.565217,124.434783
760,1,121.125000,127.291667
762,1,141.428571,131.285714
763,1,134.678571,126.035714
764,1,141.750000,123.708333
765,1,146.038462,129.923077
770,1,168.320000,123.120000
771,1,174.160000,127.200000
772,1,180.592593,128.925926
773,1,184.360000,132.600000
774,1,193.583333,131.791667
777,1,207.571429,127.535714
778,1,213.320000,127.440000
779,1,217.318182,128.090909
780,1,215.600000,123.400000
784,1,22.916667,130.458333
788,1,41.000000,133.125000
790,1,54.230769,134.807692
795,1,78.360000,132.520000
796,1,85.192308,135.230769
797,1,82.600000,132.160000
798,1,97.461538,133.538462
799,1,93.296296,133.259259
803,1,114.480000,136.680000
804,1,121.074074,126.962963
805,1,124.560000,131.600000
806,1,128.076923,134.961538
808,1,139.846154,127.730769
811,1,157.625000,137.666667
812,1,163.500000,135.083333
813,1,163.640000,131.960000
815,1,182.518519,122.444444
817,1,187.230769,129.076923
818,1,192.250000,127.666667
819,1,194.923077,133.307692
823,1,221.615385,132.115385
824,1,218.384615,128.961538
827,1,235.400000,130.560000
828,1,26.192308,128.538462
836,1,61.520000,141.080000
838,1,77.086957,141.826087
839,1,74.400000,134.560000
841,1,92.000000,130.230769
842,1,92.038462,138.884615
843,1,98.037037,136.629630
845,1,117.400000,133.600000
846,1,121.565217,137.260870
847,1,116.320000,140.560000
848,1,120.590909,134.545455
849,1,128.363636,138.272727
850,1,129.608696,128.304348
851,1,133.551724,135.206897
853,1,139.000000,143.560000
856,1,168.384615,131.115385
859,1,182.400000,139.960000
860,1,179.920000,140.400000
863,1,192.480000,138.280000
865,1,209.846154,135.461538
866,1,216.208333,137.083333
867,1,220.958333,137.000000
869,1,222.000000,134.318182
875,1,36.192308,141.000000
877,1,48.423077,143.423077
880,1,63.640000,135.400000
882,1,73.423077,139.038462
883,1,79.217391,147.826087
885,1,93.346154,143.423077
886,1,89.916667,131.083333
887,1,97.857143,142.071429
889,1,111.476190,138.285714
891,1,123.652174,148.086957
892,1,122.807692,140.153846
894,1,135.458333,139.166667
896,1,139.555556,136.814815
898,1,149.416667,142.708333
899,1,159.960000,136.920000
901,1,167.000000,140.521739
904,1,179.913043,146.130435
905,1,188.888889,143.629630
906,1,196.520000,147.080000
910,1,211.538462,141.769231
914,1,231.760000,139.680000
916,1,23.560000,150.400000
920,1,47.608696,147.391304
921,1,43.916667,146.833333
923,1,60.416667,145.208333
927,1,77.250000,146.166667
929,1,86.814815,142.851852
930,1,97.464286,148.428571
931,1,102.560000,154.680000
934,1,108.423077,150.230769
936,1,121.285714,145.142857
939,1,137.480000,148.880000
941,1,148.083333,147.083333
946,1,171.461538,147.500000
948,1,182.333333,146.541667
950,1,196.791667,140.208333
951,1,199.708333,147.916667
952,1,193.533333,144.466667
955,1,210.250000,150.833333
956,1,214.954545,144.136364
959,1,229.960000,149.960000
960,1,22.000000,157.173913
963,1,40.583333,151.666667
964,1,46.153846,151.576923
965,1,46.304348,152.130435
970,1,71.689655,150.344828
975,1,103.083333,151.416667
976,1,97.888889,153.333333
977,1,112.962963,154.222222
978,1,107.285714,156.428571
979,1,114.080000,150.800000
983,1,138.642857,153.678571
985,1,144.458333,142.750000
986,1,149.250000,150.791667
987,1,156.653846,156.384615
989,1,164.730769,152.346154
991,1,169.962963,150.481481
993,1,186.260870,149.956522
998,1,206.888889,154.666667
1000,1,223.250000,151.083333
1001,1,225.090909,155.636364
1002,1,230.560000,154.480000
1004,1,25.625000,154.416667
1005,1,28.259259,160.296296
1010,1,50.960000,156.080000
1012,1,60.880000,156.400000
1015,1,78.629630,156.037037
1016,1,91.851852,146.851852
1019,1,96.923077,156.500000
1020,1,96.173913,160.695652
1021,1,104.863636,159.636364
1024,1,126.880000,158.680000
1025,1,130.000000,155.692308
1026,1,130.727273,160.863636
1031,1,157.321429,153.000000
1040,1,209.571429,158.035714
1041,1,205.037037,165.037037
1042,1,214.925926,157.518519
1043,1,214.640000,150.080000
1046,1,233.416667,151.041667
1048,1,31.230769,159.346154
1049,1,32.400000,159.920000
1050,1,26.800000,161.280000
1053,1,51.521739,160.130435
1054,1,54.333333,157.333333
1057,1,74.120000,161.560000
1062,1,94.192308,163.076923
1063,1,107.923077,149.423077
1064,1,100.555556,163.925926
1070,1,143.260870,163.695652
1071,1,140.500000,162.863636
1076,1,165.045455,159.136364
1079,1,182.818182,166.181818
1082,1,201.173913,161.260870
1083,1,196.333333,164.708333
1084,1,204.440000,156.800000
1086,1,213.500000,156.583333
1087,1,221.880000,161.200000
1089,1,231.680000,165.200000
1090,1,234.481481,159.777778
1095,1,46.461538,170.000000
1099,1,72.148148,165.777778
1100,1,67.960000,168.160000
1102,1,81.708333,169.083333
1104,1,92.833333,167.916667
1105,1,102.739130,171.304348
1108,1,114.260870,170.086957
1109,1,114.083333,165.791667
1111,1,126.000000,170.965517
1117,1,156.269231,167.461538
1120,1,169.791667,172.000000
1122,1,180.478261,163.913043
1124,1,192.518519,177.000000
1125,1,200.640000,167.320000
1126,1,191.840000,167.480000
1128,1,213.192308,167.692308
1129,1,215.320000,165.360000
1131,1,213.375000,172.041667
1132,1,234.680000,164.880000
1133,1,36.480000,175.240000
1136,1,45.791667,179.166667
1137,1,55.545455,173.909091
1139,1,59.043478,170.391304
1140,1,64.440000,171.640000
1141,1,58.916667,169.000000
1145,1,86.320000,171.240000
1146,1,92.040000,172.040000
1147,1,94.440000,171.840000
1148,1,103.875000,167.041667
1149,1,102.925926,180.777778
1153,1,127.500000,169.730769
1154,1,129.045455,165.181818
1155,1,134.400000,171.880000
1156,1,139.440000,169.960000
1160,1,160.962963,174.925926
1162,1,169.750000,170.708333
1164,1,183.083333,170.250000
1165,1,187.782609,173.173913
1166,1,194.916667,168.791667
1169,1,198.629630,182.111111
1171,1,219.840000,163.440000
1173,1,225.826087,174.826087
1174,1,229.040000,170.040000
1175,1,35.200000,173.320000
1176,1,36.250000,178.291667
1177,1,41.041667,180.583333
1178,1,49.250000,177.916667
1179,1,49.000000,172.333333
1181,1,59.692308,173.692308
1184,1,74.080000,175.920000
1185,1,80.481481,175.814815
1186,1,82.851852,178.555556
1189,1,109.560000,179.440000
1190,1,109.040000,178.480000
1192,1,111.695652,179.130435
1193,1,121.320000,175.960000
1196,1,136.520000,175.160000
1200,1,159.500000,178.041667
1201,1,162.615385,179.269231
1203,1,173.200000,177.880000
1204,1,174.333333,174.074074
1208,1,196.166667,180.833333
1209,1,205.041667,174.250000
1210,1,205.913043,178.608696
1212,1,219.076923,169.576923
1213,1,219.608696,174.043478
1214,1,222.692308,178.192308
1216,1,38.160000,176.640000
1218,1,47.791667,177.416667
1220,1,59.888889,182.740741
1222,1,75.750000,180.714286
1223,1,69.750000,184.666667
1224,1,79.826087,182.043478
1225,1,85.423077,183.192308
1229,1,98.304348,185.347826
1230,1,103.370370,176.259259
1231,1,109.565217,185.478261
1234,1,131.307692,182.692308
1235,1,133.961538,177.692308
1236,1,142.130435,185.956522
1238,1,144.777778,183.518519
1241,1,156.642857,172.107143
1243,1,175.360000,181.920000
1244,1,178.555556,177.925926
1246,1,190.807692,179.884615
1247,1,189.560000,182.720000
1248,1,200.600000,189.640000
1249,1,201.560000,181.160000
1250,1,206.458333,180.125000
1254,1,224.360000,182.200000
1256,1,42.695652,189.043478
1259,1,55.863636,186.909091
1261,1,70.192308,180.884615
1266,1,91.695652,185.521739
1267,1,94.958333,189.625000
1268,1,104.961538,183.153846
1270,1,113.629630,187.000000
1272,1,123.115385,191.384615
1276,1,137.814815,179.185185
1277,1,144.500000,187.458333
1279,1,158.840000,181.240000
1287,1,199.821429,192.607143
1288,1,205.760000,179.600000
1289,1,209.600000,190.360000
1290,1,211.391304,184.565217
1291,1,216.666667,188.259259
1292,1,221.952381,187.714286
1294,1,40.560000,193.880000
1298,1,62.040000,197.160000
1300,1,71.043478,189.652174
1303,1,89.423077,192.000000
1304,1,85.086957,194.000000
1305,1,94.800000,188.200000
1308,1,111.653846,191.961538
1310,1,120.307692,197.423077
1313,1,139.541667,188.958333
1318,1,161.681818,189.772727
1321,1,176.400000,189.960000
1323,1,187.500000,194.535714
1324,1,190.166667,195.375000
1325,1,195.260870,192.000000
1326,1,200.708333,188.416667
1327,1,201.560000,193.840000
1328,1,204.291667,185.791667
1329,1,212.000000,195.434783
1331,1,45.461538,190.153846
1332,1,47.320000,196.160000
1334,1,61.038462,194.538462
1335,1,69.269231,196.076923
1336,1,68.375000,194.208333
1342,1,98.360000,196.840000
1344,1,108.642857,194.928571
1345,1,109.954545,197.409091
1347,1,116.666667,192.333333
1348,1,130.913043,200.478261
1349,1,124.720000,194.880000
1351,1,142.708333,201.541667
1353,1,150.880000,197.000000
1358,1,178.423077,194.115385
1359,1,174.600000,195.800000
1361,1,185.041667,204.208333
1363,1,202.958333,197.583333
1365,1,212.809524,188.523810
1370,1,65.818182,194.909091
1374,1,88.090909,203.090909
1375,1,88.925926,208.074074
1376,1,87.434783,199.913043
1378,1,93.730769,205.230769
1382,1,119.461538,195.269231
1384,1,135.296296,198.370370
1386,1,140.555556,198.814815
1387,1,149.333333,203.925926
1388,1,150.520000,200.000000
1391,1,168.520000,202.720000
1395,1,194.076923,200.076923
1396,1,190.230769,204.653846
1398,1,201.280000,192.760000
1401,1,57.208333,206.958333
1402,1,58.480000,203.760000
1406,1,75.375000,206.958333
1409,1,96.840000,202.720000
1410,1,95.954545,209.363636
1411,1,102.000000,205.304348
1413,1,113.230769,208.038462
1416,1,125.000000,202.035714
1417,1,131.444444,204.037037
1424,1,166.680000,199.560000
1425,1,172.384615,200.000000
1427,1,179.038462,212.961538
1429,1,187.304348,201.173913
1430,1,195.590909,207.318182
1431,1,202.115385,206.192308
1433,1,56.444444,210.481481
1434,1,61.681818,210.000000
1435,1,63.440000,213.840000
1437,1,76.111111,212.074074
1438,1,80.958333,211.750000
1441,1,100.800000,206.760000
1443,1,108.125000,215.250000
1444,1,110.280000,212.720000
1450,1,141.800000,213.000000
1451,1,144.826087,216.608696
1455,1,164.961538,217.153846
1456,1,170.480000,207.120000
1458,1,179.423077,215.923077
1460,1,191.125000,207.041667
1461,1,195.560000,211.400000
1467,1,81.846154,215.884615
1468,1,92.000000,217.592593
1469,1,88.307692,217.384615
1472,1,116.555556,222.111111
1474,1,114.500000,213.153846
1476,1,127.782609,217.652174
1478,1,145.500000,212.875000
1480,1,147.666667,212.555556
1483,1,163.041667,216.000000
1484,1,171.730769,213.653846
1485,1,166.807692,212.076923
1487,1,187.148148,220.222222
1489,1,193.304348,214.391304
1492,1,73.666667,219.958333
1496,1,97.833333,213.250000
1498,1,103.320000,220.360000
1499,1,107.920000,219.040000
1500,1,109.192308,221.423077
1504,1,132.920000,221.600000
1506,1,142.240000,219.000000
1507,1,147.346154,222.576923
1512,1,172.333333,218.458333
1515,1,191.333333,222.083333
1516,1,194.320000,220.000000
1526,1,121.769231,225.961538
1527,1,125.538462,228.038462
1529,1,136.962963,225.666667
1530,1,144.458333,225.750000
1531,1,145.000000,226.653846
1534,1,161.846154,224.038462
1535,1,165.653846,226.961538
1537,1,175.727273,213.590909
1538,1,176.400000,227.760000
1540,1,93.280000,232.920000
1542,1,107.076923,234.846154
1543,1,104.772727,231.590909
1547,1,136.346154,227.692308
1548,1,128.153846,231.307692
1552,1,155.640000,233.960000
1555,1,171.200000,228.760000
1556,1,166.652174,222.826087
1558,1,106.642857,231.357143
1559,1,110.333333,237.791667
1560,1,116.409091,238.727273
1561,1,114.458333,235.000000
1566,1,143.458333,236.041667
1567,1,148.384615,236.884615
1569,1,153.769231,231.576923
