ID,type,x COM, y COM
1,2,101.846154,24.346154
2,2,106.240000,22.960000
3,2,112.370370,22.259259
4,2,118.000000,23.833333
5,2,121.208333,25.750000
6,2,126.869565,22.086957
8,2,136.095238,21.761905
9,2,141.440000,22.640000
10,2,149.000000,22.769231
12,2,156.238095,22.285714
18,2,111.714286,28.428571
19,2,115.454545,27.863636
20,2,124.565217,27.130435
27,2,159.217391,25.913043
31,2,76.304348,33.217391
34,2,92.700000,32.300000
35,2,96.956522,32.391304
37,2,106.600000,31.480000
39,2,118.461538,31.576923
41,2,128.777778,33.370370
42,2,133.700000,32.850000
43,2,137.833333,30.291667
45,2,146.454545,31.818182
47,2,157.043478,30.391304
48,2,161.476190,31.857143
50,2,174.576923,30.307692
51,2,178.375000,31.750000
53,2,73.760000,37.360000
58,2,93.833333,36.500000
60,2,107.920000,35.840000
61,2,111.807692,38.307692
62,2,117.000000,37.000000
69,2,153.363636,35.500000
70,2,157.391304,35.565217
71,2,161.259259,37.481481
72,2,166.000000,37.250000
73,2,171.423077,38.076923
81,2,77.730769,41.038462
82,2,81.500000,40.461538
83,2,86.160000,41.400000
85,2,98.045455,43.409091
86,2,101.434783,42.565217
89,2,116.565217,42.304348
91,2,127.000000,43.318182
92,2,132.125000,44.000000
93,2,137.370370,42.962963
94,2,142.375000,41.875000
98,2,161.869565,43.217391
99,2,166.192308,42.461538
101,2,178.043478,42.782609
103,2,188.880000,43.000000
105,2,195.600000,42.200000
107,2,61.791667,46.833333
113,2,88.913043,46.260870
115,2,102.384615,48.730769
116,2,106.333333,45.857143
117,2,110.045455,48.727273
118,2,114.434783,46.608696
120,2,127.592593,48.481481
121,2,133.760000,48.480000
125,2,155.000000,45.461538
127,2,161.230769,47.038462
128,2,166.920000,49.160000
131,2,184.285714,48.047619
132,2,188.500000,47.714286
133,2,193.964286,48.107143
134,2,198.040000,45.880000
135,2,202.347826,48.695652
137,2,58.423077,52.038462
138,2,61.923077,54.192308
139,2,65.960000,52.120000
140,2,70.576923,52.576923
141,2,77.583333,52.291667
142,2,83.038462,52.346154
143,2,87.640000,51.440000
146,2,99.700000,53.950000
148,2,112.782609,51.478261
149,2,116.583333,52.416667
152,2,130.913043,52.652174
153,2,136.625000,52.291667
154,2,141.269231,54.000000
155,2,145.652174,53.130435
157,2,156.500000,50.000000
158,2,160.478261,51.391304
160,2,172.458333,51.875000
163,2,186.250000,52.833333
164,2,191.208333,52.791667
166,2,202.185185,53.555556
168,2,49.217391,54.695652
169,2,50.956522,58.565217
171,2,59.916667,57.416667
173,2,72.190476,58.904762
174,2,75.608696,55.565217
177,2,91.269231,56.846154
178,2,96.333333,58.222222
180,2,108.347826,57.173913
181,2,113.391304,56.782609
184,2,128.260870,56.826087
185,2,132.590909,57.727273
186,2,137.040000,57.640000
188,2,146.800000,57.920000
191,2,161.615385,57.307692
193,2,171.958333,57.708333
194,2,177.160000,56.080000
195,2,182.423077,57.230769
196,2,186.800000,58.000000
197,2,192.590909,57.272727
199,2,202.120000,58.040000
200,2,207.807692,57.230769
201,2,212.727273,58.272727
202,2,44.500000,61.884615
204,2,54.000000,63.727273
205,2,57.333333,61.583333
209,2,77.190476,59.523810
210,2,81.958333,60.458333
212,2,89.444444,66.000000
213,2,95.307692,62.346154
214,2,101.720000,58.640000
215,2,107.130435,61.826087
219,2,126.708333,61.416667
220,2,130.115385,63.846154
221,2,135.280000,61.640000
223,2,147.461538,62.230769
224,2,152.400000,62.920000
226,2,162.500000,62.666667
227,2,167.047619,60.428571
228,2,175.153846,60.423077
232,2,190.960000,61.800000
233,2,197.454545,60.681818
235,2,207.227273,63.090909
236,2,211.500000,61.625000
238,2,41.590909,66.363636
239,2,46.875000,67.000000
240,2,52.130435,67.173913
241,2,59.760000,66.760000
242,2,58.800000,71.000000
243,2,64.600000,66.360000
244,2,70.681818,66.318182
246,2,80.739130,64.434783
252,2,112.625000,66.750000
253,2,117.269231,67.961538
254,2,122.391304,66.304348
255,2,126.416667,67.791667
256,2,132.347826,67.913043
257,2,136.846154,66.653846
258,2,141.181818,67.545455
260,2,152.678571,68.535714
261,2,157.230769,64.692308
262,2,161.640000,68.240000
267,2,187.461538,66.692308
270,2,202.333333,69.285714
274,2,223.038462,69.923077
275,2,37.840000,70.200000
277,2,48.346154,71.692308
278,2,54.259259,71.555556
280,2,64.222222,72.222222
282,2,72.500000,71.500000
283,2,76.800000,71.680000
284,2,82.125000,69.750000
286,2,91.480000,70.480000
287,2,96.185185,71.888889
288,2,103.538462,72.615385
295,2,139.166667,71.708333
297,2,148.090909,72.681818
299,2,156.678571,70.964286
303,2,176.384615,70.153846
308,2,201.666667,74.416667
309,2,207.166667,72.583333
310,2,212.625000,72.750000
313,2,32.739130,78.304348
316,2,46.884615,77.307692
317,2,51.480000,75.360000
319,2,59.888889,78.407407
320,2,68.576923,75.692308
321,2,73.130435,76.782609
322,2,78.192308,77.615385
325,2,91.333333,76.583333
326,2,96.653846,76.000000
328,2,105.920000,77.520000
329,2,111.750000,76.916667
330,2,116.040000,77.200000
331,2,121.115385,76.615385
332,2,127.041667,74.416667
336,2,146.458333,77.166667
340,2,166.318182,77.454545
342,2,176.840000,75.960000
346,2,189.826087,78.347826
347,2,199.750000,78.250000
348,2,205.750000,76.875000
350,2,217.375000,79.625000
352,2,226.250000,75.875000
357,2,51.888889,80.111111
361,2,71.041667,81.583333
362,2,76.040000,81.880000
365,2,91.480000,83.760000
366,2,94.791667,80.458333
368,2,107.833333,80.208333
370,2,117.961538,81.730769
371,2,122.321429,82.321429
372,2,128.038462,78.923077
373,2,128.222222,82.925926
374,2,134.222222,80.740741
375,2,140.461538,80.346154
379,2,161.318182,80.863636
380,2,166.423077,82.269231
382,2,176.750000,81.541667
383,2,180.458333,82.458333
384,2,185.259259,82.259259
385,2,191.250000,82.791667
386,2,194.916667,79.541667
389,2,210.875000,81.000000
390,2,215.826087,83.391304
391,2,221.608696,82.782609
392,2,226.785714,82.285714
394,2,31.000000,87.956522
395,2,35.130435,85.826087
396,2,42.272727,86.136364
397,2,46.480000,88.480000
401,2,68.037037,89.407407
402,2,72.884615,86.923077
403,2,78.296296,85.888889
404,2,83.640000,86.720000
405,2,88.000000,88.769231
408,2,102.846154,88.153846
409,2,106.791667,85.333333
411,2,118.000000,87.160000
413,2,127.080000,86.320000
415,2,140.222222,84.481481
417,2,146.695652,86.304348
418,2,151.640000,86.840000
421,2,164.137931,86.517241
422,2,169.260870,87.304348
424,2,181.045455,88.363636
426,2,191.125000,88.041667
427,2,195.222222,85.444444
430,2,211.884615,87.230769
431,2,217.500000,87.153846
434,2,231.360000,85.400000
435,2,27.320000,90.840000
436,2,31.720000,93.880000
442,2,62.760000,89.120000
444,2,73.400000,92.000000
445,2,77.636364,91.045455
446,2,82.000000,91.238095
449,2,98.086957,91.521739
450,2,102.714286,92.809524
451,2,107.703704,91.851852
459,2,148.500000,91.625000
462,2,163.120000,93.240000
463,2,167.115385,91.576923
470,2,203.217391,88.695652
472,2,213.760000,91.480000
473,2,217.666667,93.250000
474,2,222.086957,93.173913
476,2,232.454545,90.318182
477,2,27.130435,96.826087
479,2,38.720000,96.840000
480,2,42.851852,94.925926
481,2,47.000000,97.826087
482,2,52.500000,97.500000
483,2,57.750000,97.083333
485,2,64.730769,95.538462
490,2,92.148148,98.185185
492,2,101.307692,97.307692
493,2,106.000000,97.782609
497,2,125.192308,96.846154
498,2,129.695652,97.391304
501,2,148.363636,96.545455
504,2,164.320000,98.400000
507,2,177.760000,96.840000
508,2,182.333333,94.703704
509,2,187.040000,96.760000
511,2,198.333333,98.416667
513,2,206.320000,97.280000
515,2,215.500000,99.000000
517,2,226.791667,96.208333
518,2,232.260870,95.434783
519,2,236.407407,95.777778
520,2,23.500000,102.000000
522,2,32.153846,102.538462
523,2,36.192308,103.153846
525,2,46.750000,101.875000
526,2,51.727273,102.136364
528,2,60.160000,101.600000
532,2,81.958333,102.958333
534,2,89.040000,102.320000
535,2,94.083333,102.750000
537,2,105.040000,102.520000
540,2,123.739130,101.608696
542,2,131.423077,101.500000
543,2,135.280000,103.360000
546,2,151.040000,100.720000
548,2,161.920000,102.240000
550,2,172.400000,101.600000
551,2,176.680000,100.920000
552,2,181.880000,101.200000
556,2,202.478261,100.347826
557,2,205.222222,104.185185
558,2,209.769231,100.461538
560,2,222.576923,102.230769
561,2,227.750000,100.035714
563,2,236.120000,100.880000
565,2,29.750000,106.583333
567,2,39.454545,107.045455
571,2,58.680000,108.160000
576,2,80.181818,108.272727
578,2,93.777778,107.333333
582,2,112.192308,105.153846
583,2,117.307692,107.884615
585,2,126.040000,106.240000
586,2,129.592593,107.740741
589,2,147.045455,107.727273
590,2,153.076923,107.653846
591,2,157.760000,108.560000
594,2,171.739130,106.869565
595,2,177.080000,105.680000
597,2,187.960000,107.840000
600,2,202.272727,107.863636
602,2,211.240000,104.680000
605,2,226.769231,105.192308
608,2,22.074074,113.185185
609,2,26.640000,112.680000
611,2,37.960000,111.160000
612,2,43.222222,111.555556
614,2,51.200000,114.760000
618,2,71.428571,112.678571
619,2,76.814815,114.000000
620,2,83.304348,112.000000
624,2,104.680000,110.360000
627,2,117.521739,113.260870
628,2,122.000000,110.666667
629,2,126.238095,113.666667
630,2,131.125000,111.375000
632,2,141.846154,108.423077
633,2,145.960000,112.360000
641,2,187.678571,112.892857
643,2,198.958333,110.750000
644,2,202.423077,114.115385
646,2,213.555556,109.074074
648,2,219.222222,110.925926
649,2,227.136364,111.454545
653,2,24.600000,117.920000
656,2,41.125000,116.708333
657,2,46.000000,117.478261
661,2,64.840000,117.720000
670,2,110.592593,118.296296
672,2,121.440000,116.040000
673,2,126.125000,118.625000
675,2,133.478261,114.608696
678,2,152.565217,117.782609
680,2,159.166667,120.083333
681,2,167.125000,119.625000
682,2,171.807692,117.615385
683,2,176.960000,116.000000
689,2,204.500000,118.807692
693,2,228.000000,116.291667
694,2,232.166667,117.250000
697,2,25.538462,123.769231
702,2,50.142857,124.095238
705,2,66.160000,122.200000
706,2,72.608696,124.782609
714,2,112.961538,123.230769
716,2,121.000000,120.826087
718,2,132.760000,120.520000
720,2,142.208333,123.208333
721,2,146.833333,119.000000
722,2,150.760000,121.800000
723,2,156.423077,123.192308
726,2,170.370370,123.185185
728,2,183.166667,121.875000
730,2,193.240000,122.840000
731,2,198.280000,122.160000
732,2,204.320000,122.640000
738,2,228.333333,122.666667
741,2,30.000000,125.840000
742,2,33.807692,128.038462
743,2,37.560000,126.920000
745,2,46.521739,126.739130
749,2,67.642857,126.428571
752,2,82.826087,129.521739
753,2,84.333333,124.444444
758,2,111.708333,127.083333
762,2,132.875000,124.291667
764,2,141.923077,127.269231
766,2,154.130435,126.521739
770,2,172.800000,127.600000
773,2,187.200000,128.200000
774,2,192.208333,126.875000
775,2,198.000000,127.576923
776,2,202.045455,127.363636
777,2,206.130435,126.826087
778,2,211.913043,126.478261
785,2,27.461538,129.961538
787,2,36.708333,132.958333
788,2,42.360000,129.840000
789,2,47.680000,131.600000
794,2,74.875000,134.625000
796,2,80.076923,132.692308
797,2,86.884615,131.076923
801,2,107.923077,133.230769
804,2,123.958333,129.291667
806,2,132.000000,129.259259
807,2,136.076923,131.923077
808,2,141.444444,131.407407
811,2,156.478261,129.913043
812,2,161.800000,132.950000
814,2,172.384615,132.384615
816,2,182.560000,129.600000
818,2,191.307692,133.576923
819,2,196.038462,131.307692
820,2,202.000000,133.000000
823,2,217.727273,134.136364
826,2,230.576923,132.500000
827,2,236.086957,130.826087
829,2,29.625000,138.041667
830,2,33.952381,137.000000
834,2,50.920000,136.800000
836,2,62.880000,137.240000
838,2,70.115385,137.615385
840,2,83.961538,137.307692
841,2,88.555556,136.888889
842,2,92.181818,135.863636
843,2,97.250000,136.500000
846,2,112.400000,137.960000
851,2,136.038462,137.269231
855,2,157.370370,135.518519
856,2,161.884615,138.500000
860,2,182.652174,136.782609
861,2,188.115385,137.653846
862,2,194.291667,140.250000
863,2,196.080000,135.440000
864,2,202.038462,137.961538
866,2,211.740741,136.888889
867,2,215.750000,138.000000
868,2,221.954545,138.454545
869,2,227.884615,137.384615
871,2,237.333333,136.761905
874,2,32.750000,141.916667
875,2,37.695652,141.521739
876,2,42.222222,141.296296
877,2,46.538462,142.884615
878,2,51.185185,142.666667
880,2,62.304348,141.565217
881,2,67.920000,142.320000
882,2,73.600000,140.200000
887,2,98.208333,140.291667
888,2,102.000000,144.384615
889,2,107.884615,142.884615
890,2,112.500000,142.708333
891,2,117.250000,141.916667
894,2,130.192308,145.461538
896,2,144.391304,141.434783
897,2,148.760000,142.400000
901,2,167.040000,140.160000
903,2,175.041667,142.875000
904,2,180.444444,142.481481
907,2,197.625000,141.041667
908,2,202.260870,142.782609
909,2,206.375000,141.458333
910,2,211.640000,142.840000
911,2,216.846154,142.384615
912,2,221.086957,142.608696
913,2,226.384615,142.384615
915,2,237.916667,141.958333
917,2,29.478261,145.130435
918,2,33.833333,148.458333
920,2,41.269231,146.846154
922,2,52.333333,147.916667
923,2,57.769231,147.115385
930,2,91.296296,146.222222
932,2,101.880000,148.400000
933,2,108.920000,147.880000
934,2,113.347826,147.565217
935,2,118.047619,146.380952
938,2,133.458333,149.250000
941,2,146.730769,147.153846
942,2,151.880000,148.240000
946,2,173.428571,147.107143
947,2,178.375000,148.208333
948,2,182.666667,146.851852
949,2,186.814815,147.259259
950,2,191.173913,148.652174
951,2,196.346154,147.576923
953,2,208.041667,146.375000
956,2,223.166667,146.750000
957,2,229.400000,147.400000
961,2,26.440000,149.680000
962,2,30.222222,151.777778
963,2,37.166667,152.666667
964,2,41.880000,151.760000
969,2,67.958333,152.666667
972,2,81.560000,152.480000
973,2,88.772727,150.727273
974,2,93.434783,152.173913
975,2,97.461538,151.423077
979,2,118.173913,150.869565
981,2,125.384615,152.653846
982,2,130.416667,152.666667
990,2,172.041667,150.833333
991,2,176.500000,153.363636
992,2,181.708333,153.041667
993,2,186.961538,152.576923
995,2,198.629630,150.074074
996,2,203.640000,151.640000
998,2,208.777778,152.111111
1004,2,23.913043,155.826087
1006,2,32.480000,156.240000
1008,2,40.583333,156.333333
1011,2,58.153846,158.000000
1013,2,66.086957,157.043478
1014,2,70.920000,156.720000
1015,2,75.680000,156.920000
1019,2,96.000000,156.458333
1021,2,110.500000,160.708333
1022,2,113.913043,157.608696
1024,2,120.956522,159.000000
1025,2,128.130435,157.086957
1026,2,134.041667,156.791667
1027,2,138.434783,156.782609
1032,2,162.760000,154.120000
1034,2,171.600000,158.280000
1035,2,175.259259,158.111111
1040,2,201.000000,155.642857
1045,2,227.391304,156.826087
1046,2,232.681818,157.409091
1047,2,236.583333,157.458333
1050,2,36.291667,161.666667
1052,2,48.409091,164.000000
1054,2,55.708333,161.791667
1056,2,68.000000,161.791667
1060,2,85.629630,162.148148
1061,2,90.760000,160.400000
1062,2,96.840000,160.280000
1065,2,111.153846,164.423077
1066,2,116.640000,162.160000
1068,2,125.920000,161.040000
1070,2,135.954545,161.590909
1071,2,142.964286,162.142857
1072,2,148.291667,162.791667
1073,2,153.000000,162.038462
1076,2,167.041667,159.708333
1077,2,172.250000,163.375000
1081,2,192.000000,161.714286
1082,2,196.600000,161.100000
1085,2,209.521739,163.130435
1087,2,222.434783,160.608696
1088,2,226.304348,161.869565
1089,2,232.909091,162.590909
1094,2,40.520000,165.560000
1100,2,70.240000,166.720000
1106,2,102.952381,166.714286
1107,2,106.958333,167.666667
1108,2,112.541667,168.333333
1111,2,127.576923,166.230769
1112,2,131.961538,167.076923
1115,2,148.200000,168.200000
1117,2,157.600000,165.200000
1118,2,160.217391,169.782609
1120,2,171.869565,167.652174
1121,2,177.739130,167.695652
1123,2,187.500000,168.000000
1124,2,191.769231,167.038462
1125,2,196.555556,165.333333
1127,2,206.045455,169.136364
1128,2,213.160000,167.000000
1132,2,233.826087,169.565217
1133,2,26.625000,170.541667
1139,2,58.318182,171.045455
1143,2,78.318182,175.363636
1145,2,83.041667,171.666667
1147,2,98.347826,169.826087
1150,2,111.961538,172.961538
1151,2,117.375000,174.291667
1153,2,126.760000,172.640000
1154,2,130.807692,172.269231
1156,2,142.269231,171.730769
1157,2,146.625000,172.750000
1159,2,157.037037,172.407407
1162,2,172.925926,171.444444
1165,2,187.640000,174.320000
1166,2,191.869565,173.782609
1167,2,195.884615,170.692308
1168,2,201.392857,173.035714
1169,2,208.166667,172.208333
1170,2,212.000000,172.480000
1175,2,29.869565,175.826087
1178,2,48.608696,178.826087
1180,2,58.772727,176.545455
1181,2,62.280000,175.040000
1183,2,72.760000,177.400000
1184,2,76.400000,179.880000
1186,2,87.615385,175.692308
1187,2,92.600000,176.880000
1190,2,105.320000,178.160000
1193,2,122.346154,178.230769
1195,2,132.040000,177.880000
1197,2,141.136364,176.681818
1198,2,146.916667,177.458333
1199,2,152.200000,177.120000
1209,2,201.640000,178.440000
1210,2,206.040000,177.160000
1213,2,221.320000,176.360000
1215,2,33.333333,179.791667
1216,2,38.125000,182.458333
1217,2,43.185185,182.740741
1218,2,48.480000,182.880000
1219,2,54.083333,179.916667
1220,2,58.440000,182.200000
1231,2,111.958333,182.208333
1232,2,118.760000,181.960000
1235,2,135.925926,183.555556
1236,2,137.160000,179.640000
1237,2,143.640000,180.840000
1238,2,150.240000,181.800000
1241,2,162.541667,182.375000
1242,2,168.120000,183.640000
1243,2,171.956522,181.086957
1244,2,176.115385,181.807692
1249,2,205.346154,181.923077
1251,2,211.086957,183.217391
1254,2,223.545455,179.500000
1258,2,53.333333,184.541667
1261,2,68.480000,187.360000
1262,2,71.846154,184.423077
1264,2,82.000000,188.500000
1269,2,108.538462,186.653846
1270,2,112.458333,187.458333
1271,2,117.040000,186.400000
1272,2,121.900000,187.200000
1275,2,136.590909,189.045455
1276,2,141.157895,184.473684
1277,2,147.166667,185.250000
1279,2,158.346154,188.307692
1282,2,172.961538,187.038462
1283,2,177.800000,187.240000
1284,2,181.458333,187.416667
1287,2,196.192308,187.923077
1290,2,213.120000,189.760000
1291,2,215.960000,185.920000
1292,2,221.708333,186.416667
1293,2,39.250000,193.375000
1295,2,50.150000,189.850000
1297,2,58.130435,192.826087
1298,2,62.166667,191.250000
1299,2,67.700000,191.400000
1302,2,82.217391,193.304348
1305,2,97.000000,194.625000
1308,2,110.583333,192.791667
1312,2,132.769231,191.923077
1314,2,141.250000,188.250000
1315,2,144.782609,189.826087
1317,2,155.692308,191.538462
1318,2,160.400000,193.240000
1320,2,172.090909,190.090909
1322,2,180.954545,192.681818
1325,2,196.136364,194.227273
1326,2,199.739130,191.086957
1328,2,210.320000,192.120000
1329,2,218.090909,190.227273
1330,2,222.208333,192.791667
1334,2,57.608696,197.565217
1336,2,66.680000,194.800000
1344,2,107.391304,198.086957
1346,2,117.000000,197.000000
1349,2,132.040000,198.120000
1350,2,136.916667,196.333333
1354,2,155.720000,197.360000
1357,2,172.954545,199.045455
1358,2,177.040000,196.760000
1359,2,182.083333,197.083333
1360,2,186.782609,196.652174
1361,2,191.423077,196.846154
1363,2,202.130435,195.304348
1365,2,213.840000,196.040000
1366,2,218.000000,195.500000
1368,2,51.142857,202.428571
1369,2,56.347826,201.565217
1370,2,61.769231,202.500000
1372,2,74.136364,202.954545
1375,2,89.173913,204.217391
1377,2,96.520000,202.720000
1381,2,117.500000,201.678571
1382,2,124.400000,201.880000
1383,2,129.130435,201.130435
1384,2,133.875000,203.958333
1385,2,137.391304,200.130435
1386,2,142.037037,201.555556
1387,2,146.160000,203.280000
1391,2,165.250000,202.583333
1392,2,170.681818,202.954545
1396,2,191.040000,200.800000
1399,2,207.148148,202.925926
1400,2,210.480000,199.880000
1402,2,58.217391,205.913043
1403,2,63.230769,207.923077
1406,2,76.440000,207.120000
1411,2,101.807692,206.307692
1412,2,106.619048,207.142857
1414,2,116.173913,207.000000
1417,2,131.166667,207.458333
1418,2,137.888889,206.407407
1419,2,142.166667,207.583333
1420,2,147.307692,208.038462
1421,2,151.600000,207.500000
1422,2,155.666667,205.916667
1423,2,160.153846,206.692308
1424,2,166.230769,206.884615
1425,2,171.346154,208.000000
1427,2,183.739130,206.304348
1428,2,187.080000,205.600000
1429,2,190.208333,207.083333
1435,2,66.923077,212.115385
1440,2,92.958333,213.000000
1446,2,121.720000,207.640000
1448,2,133.600000,211.720000
1450,2,142.833333,211.833333
1451,2,148.185185,213.518519
1454,2,161.625000,210.500000
1455,2,166.333333,211.875000
1456,2,172.040000,213.400000
1458,2,183.391304,211.956522
1459,2,187.791667,212.541667
1464,2,65.416667,217.875000
1466,2,77.791667,216.708333
1467,2,81.913043,216.608696
1468,2,85.130435,219.130435
1470,2,97.208333,215.750000
1476,2,125.407407,217.222222
1478,2,136.440000,217.160000
1480,2,146.520000,217.240000
1484,2,165.760000,217.040000
1485,2,169.920000,217.200000
1486,2,174.958333,217.750000
1487,2,181.347826,215.826087
1488,2,186.173913,216.913043
1493,2,79.136364,222.409091
1494,2,84.636364,223.272727
1496,2,92.192308,218.423077
1497,2,97.160000,220.960000
1498,2,101.565217,223.000000
1500,2,109.391304,226.565217
1505,2,138.958333,222.458333
1508,2,150.681818,221.681818
1509,2,155.909091,223.409091
1510,2,163.416667,222.291667
1512,2,169.791667,221.750000
1514,2,180.043478,219.086957
1515,2,185.040000,222.160000
1516,2,190.960000,220.840000
1518,2,81.040000,226.920000
1521,2,96.291667,226.666667
1522,2,101.320000,227.920000
1523,2,105.863636,228.363636
1528,2,128.120000,227.240000
1530,2,143.642857,227.750000
1532,2,152.913043,227.478261
1533,2,158.125000,227.166667
1535,2,165.807692,227.192308
1537,2,176.040000,229.680000
1540,2,92.592593,232.074074
1541,2,98.434783,231.478261
1544,2,112.960000,233.880000
1546,2,122.272727,231.772727
1547,2,126.608696,232.608696
1548,2,131.541667,231.666667
1551,2,146.130435,232.173913
1552,2,151.047619,232.333333
1553,2,156.208333,231.791667
1554,2,161.576923,229.153846
1555,2,165.590909,233.909091
1559,2,108.130435,237.956522
1560,2,113.560000,239.040000
1561,2,118.000000,237.416667
1562,2,122.760000,236.120000
1566,2,141.076923,237.807692
1567,2,146.208333,236.958333
1568,2,151.083333,237.083333
1570,2,161.148148,235.814815
7,1,132.826087,27.521739
11,1,152.730769,25.615385
13,1,88.416667,28.625000
14,1,93.840000,25.600000
15,1,97.576923,27.500000
16,1,101.137931,32.103448
17,1,107.961538,27.192308
21,1,130.884615,27.615385
22,1,129.880000,25.280000
23,1,137.347826,24.956522
24,1,145.280000,26.240000
25,1,144.280000,28.720000
26,1,151.961538,29.730769
28,1,164.400000,26.160000
29,1,167.038462,30.115385
30,1,169.680000,27.520000
32,1,83.538462,30.769231
33,1,90.080000,31.680000
36,1,103.545455,39.363636
38,1,113.083333,32.916667
40,1,122.166667,32.791667
44,1,140.080000,35.760000
46,1,147.875000,36.291667
49,1,168.076923,33.038462
52,1,170.760000,44.120000
54,1,81.185185,35.370370
55,1,85.521739,34.869565
56,1,90.375000,40.208333
57,1,95.391304,40.434783
59,1,102.200000,33.600000
63,1,120.875000,40.375000
64,1,125.760000,36.080000
65,1,129.640000,39.640000
66,1,134.384615,37.692308
67,1,138.875000,36.041667
68,1,147.739130,35.695652
74,1,175.000000,35.565217
75,1,181.208333,39.666667
76,1,185.777778,37.851852
77,1,191.666667,38.000000
78,1,66.291667,41.291667
79,1,71.038462,41.307692
80,1,74.583333,43.666667
84,1,93.416667,44.416667
87,1,107.090909,40.727273
88,1,111.909091,42.863636
90,1,123.280000,39.800000
95,1,147.038462,39.230769
96,1,151.619048,42.238095
97,1,156.518519,40.629630
100,1,174.208333,39.208333
102,1,182.320000,39.680000
104,1,190.913043,38.565217
106,1,56.538462,47.115385
108,1,67.280000,45.720000
109,1,70.250000,48.250000
110,1,75.434783,48.565217
111,1,82.777778,47.555556
112,1,82.208333,45.666667
114,1,97.869565,48.434783
119,1,120.692308,46.692308
122,1,139.115385,48.038462
123,1,142.888889,47.074074
124,1,147.730769,46.615385
126,1,151.275862,49.310345
129,1,172.307692,46.346154
130,1,180.440000,47.160000
136,1,53.652174,49.521739
144,1,92.875000,51.416667
145,1,94.576923,51.730769
147,1,106.291667,51.583333
150,1,121.080000,50.120000
151,1,125.000000,52.416667
156,1,149.192308,51.615385
159,1,167.880000,54.240000
161,1,180.600000,52.680000
162,1,176.296296,49.000000
165,1,196.958333,51.791667
167,1,207.192308,52.461538
170,1,54.230769,55.807692
172,1,66.280000,58.480000
175,1,82.652174,56.043478
176,1,86.958333,58.875000
179,1,104.958333,54.916667
182,1,120.269231,60.961538
183,1,122.000000,56.680000
187,1,141.346154,61.692308
189,1,153.080000,54.600000
190,1,156.869565,57.217391
192,1,165.384615,54.846154
198,1,196.636364,56.954545
203,1,49.120000,62.400000
206,1,62.240000,61.960000
207,1,69.153846,62.115385
208,1,72.173913,62.217391
211,1,88.120000,62.080000
216,1,115.230769,59.307692
217,1,113.923077,62.769231
218,1,122.120000,58.080000
222,1,142.807692,62.230769
225,1,156.076923,59.961538
229,1,173.083333,66.333333
230,1,178.153846,63.615385
231,1,184.931034,62.482759
234,1,203.777778,64.111111
237,1,216.888889,65.962963
245,1,76.666667,65.125000
247,1,85.846154,68.153846
248,1,93.863636,67.863636
249,1,98.727273,66.045455
250,1,102.478261,63.434783
251,1,107.454545,66.409091
259,1,148.708333,68.208333
263,1,167.172414,67.482759
264,1,169.076923,63.615385
265,1,181.107143,66.357143
266,1,181.208333,74.500000
268,1,193.413793,67.827586
269,1,195.360000,66.080000
271,1,208.884615,68.307692
272,1,212.565217,66.869565
273,1,218.769231,65.307692
276,1,42.923077,71.615385
279,1,57.958333,75.833333
281,1,68.333333,69.809524
285,1,85.703704,73.851852
289,1,102.407407,68.629630
290,1,109.181818,72.227273
291,1,110.560000,70.720000
292,1,118.000000,72.076923
293,1,122.807692,72.038462
294,1,132.576923,72.461538
296,1,145.434783,70.478261
298,1,152.708333,75.791667
300,1,162.541667,72.916667
301,1,171.960000,72.920000
302,1,167.821429,71.964286
304,1,183.111111,72.222222
305,1,186.181818,70.636364
306,1,193.916667,74.750000
307,1,199.416667,64.708333
311,1,220.652174,75.608696
312,1,219.461538,72.384615
314,1,37.538462,75.230769
315,1,40.500000,77.500000
318,1,57.111111,82.777778
323,1,81.153846,74.423077
324,1,82.875000,80.291667
327,1,99.370370,81.925926
333,1,131.333333,74.791667
334,1,137.440000,76.560000
335,1,141.250000,75.250000
337,1,154.708333,78.791667
338,1,155.560000,79.720000
339,1,161.185185,75.740741
341,1,172.375000,77.583333
343,1,184.555556,77.518519
344,1,190.666667,72.750000
345,1,197.880000,71.720000
349,1,211.250000,77.000000
351,1,218.678571,76.535714
353,1,34.739130,81.478261
354,1,37.884615,85.769231
355,1,44.960000,81.280000
356,1,44.680000,81.640000
358,1,56.760000,87.400000
359,1,65.296296,78.925926
360,1,67.000000,84.291667
363,1,84.791667,83.250000
364,1,87.846154,79.923077
367,1,102.380952,78.857143
369,1,112.583333,82.833333
376,1,143.000000,88.760000
377,1,146.040000,81.600000
378,1,151.769231,82.653846
381,1,171.280000,81.640000
387,1,200.370370,82.666667
388,1,206.740741,82.592593
393,1,29.280000,83.440000
398,1,50.518519,86.888889
399,1,56.560000,86.960000
400,1,63.041667,83.041667
406,1,95.961538,86.000000
407,1,100.200000,83.080000
410,1,110.739130,87.086957
412,1,116.208333,91.291667
414,1,134.923077,86.115385
416,1,140.347826,90.739130
419,1,157.962963,86.481481
420,1,159.074074,88.185185
423,1,174.925926,86.259259
425,1,185.576923,87.076923
428,1,203.888889,85.925926
429,1,208.080000,90.720000
432,1,222.454545,87.227273
433,1,228.500000,90.346154
437,1,35.928571,92.285714
438,1,41.375000,90.250000
439,1,48.925926,93.814815
440,1,53.181818,92.409091
441,1,56.640000,90.480000
443,1,68.240000,94.600000
447,1,85.884615,94.423077
448,1,93.615385,91.461538
452,1,110.130435,96.608696
453,1,113.500000,88.833333
454,1,124.000000,90.192308
455,1,129.192308,91.807692
456,1,132.961538,89.423077
457,1,135.192308,93.846154
458,1,142.576923,94.076923
460,1,154.461538,93.692308
461,1,157.880000,92.720000
464,1,173.407407,90.814815
465,1,177.892857,91.071429
466,1,186.375000,91.958333
467,1,190.846154,92.115385
468,1,196.680000,90.000000
469,1,197.173913,101.521739
471,1,204.043478,93.521739
475,1,225.458333,90.208333
478,1,32.384615,98.192308
484,1,62.120000,97.080000
486,1,72.461538,97.730769
487,1,77.692308,99.653846
488,1,82.240000,96.040000
489,1,86.333333,97.791667
491,1,93.740741,94.481481
494,1,109.800000,101.880000
495,1,120.208333,95.541667
496,1,121.814815,91.925926
499,1,136.653846,96.769231
500,1,141.250000,98.964286
502,1,153.041667,95.375000
503,1,156.444444,101.703704
505,1,168.884615,97.576923
506,1,171.423077,96.307692
510,1,193.869565,96.086957
512,1,199.884615,92.884615
514,1,211.344828,95.931034
516,1,220.666667,97.666667
521,1,26.782609,103.173913
524,1,40.884615,101.692308
527,1,55.461538,103.461538
529,1,68.740741,100.407407
530,1,71.086957,104.695652
531,1,78.750000,96.916667
533,1,84.666667,107.333333
536,1,97.958333,100.333333
538,1,114.583333,96.833333
539,1,115.846154,101.346154
541,1,121.153846,100.461538
544,1,142.178571,99.428571
545,1,148.653846,104.153846
547,1,157.956522,99.739130
549,1,166.703704,105.111111
553,1,187.083333,101.041667
554,1,187.230769,103.038462
555,1,193.625000,102.083333
559,1,218.040000,104.240000
562,1,232.000000,104.481481
564,1,24.125000,107.750000
566,1,33.320000,109.520000
568,1,43.695652,105.086957
569,1,49.120000,108.240000
570,1,53.590909,108.500000
572,1,62.923077,104.923077
573,1,66.423077,105.576923
574,1,74.666667,108.958333
575,1,76.880000,104.080000
577,1,88.269231,107.384615
579,1,96.960000,110.040000
580,1,101.535714,105.000000
581,1,106.740741,107.555556
584,1,121.481481,105.555556
587,1,136.040000,107.360000
588,1,141.625000,103.958333
592,1,161.347826,106.304348
593,1,169.200000,109.600000
596,1,179.888889,108.333333
598,1,192.961538,104.769231
599,1,196.086957,107.695652
601,1,209.869565,113.000000
603,1,219.120000,107.160000
604,1,223.280000,108.520000
606,1,231.136364,111.590909
607,1,235.916667,105.625000
610,1,30.925926,113.222222
613,1,47.520000,108.960000
615,1,61.791667,112.958333
616,1,65.107143,113.607143
617,1,70.000000,109.041667
621,1,90.518519,112.703704
622,1,92.740741,115.777778
623,1,97.280000,112.000000
625,1,108.280000,113.560000
626,1,112.461538,111.769231
631,1,137.320000,112.000000
634,1,150.857143,112.142857
635,1,158.333333,116.041667
636,1,163.360000,111.120000
637,1,165.826087,113.826087
638,1,172.275862,111.724138
639,1,177.833333,112.375000
640,1,183.720000,111.240000
642,1,193.000000,111.791667
645,1,206.500000,112.269231
647,1,213.653846,120.384615
650,1,234.423077,111.576923
651,1,235.423077,109.423077
652,1,21.478261,121.304348
654,1,36.500000,119.083333
655,1,35.666667,115.708333
658,1,51.400000,116.680000
659,1,56.240000,113.600000
660,1,60.500000,114.272727
662,1,72.400000,117.200000
663,1,72.826087,119.826087
664,1,82.576923,115.384615
665,1,85.083333,118.208333
666,1,97.120000,118.000000
667,1,97.240000,119.240000
668,1,105.629630,117.407407
669,1,102.428571,116.071429
671,1,114.666667,118.296296
674,1,132.080000,117.400000
676,1,140.625000,117.833333
677,1,141.958333,114.958333
679,1,155.037037,113.703704
684,1,181.814815,118.777778
685,1,184.000000,115.760000
686,1,190.800000,118.280000
687,1,195.769231,115.076923
688,1,197.200000,118.040000
690,1,209.653846,111.538462
691,1,219.347826,116.086957
692,1,220.920000,118.360000
695,1,236.166667,122.791667
696,1,21.640000,125.200000
698,1,29.333333,120.185185
699,1,32.869565,120.086957
700,1,39.538462,123.153846
701,1,48.821429,120.142857
703,1,60.217391,120.565217
704,1,56.766667,122.333333
707,1,76.440000,121.560000
708,1,81.153846,119.461538
709,1,88.333333,122.814815
710,1,95.142857,123.321429
711,1,94.416667,124.708333
712,1,99.000000,127.040000
713,1,105.192308,122.923077
715,1,116.440000,121.080000
717,1,125.708333,122.958333
719,1,140.461538,118.846154
724,1,163.423077,119.269231
725,1,165.038462,124.000000
727,1,176.760000,122.480000
729,1,187.535714,122.892857
733,1,212.625000,119.791667
734,1,211.840000,123.080000
735,1,218.120000,119.280000
736,1,219.964286,117.107143
737,1,224.307692,124.384615
739,1,234.040000,121.600000
740,1,21.708333,132.750000
744,1,43.560000,123.680000
746,1,52.791667,127.125000
747,1,56.360000,127.120000
748,1,61.423077,127.769231
750,1,71.000000,130.192308
751,1,79.083333,126.166667
754,1,92.833333,129.541667
755,1,93.173913,122.652174
756,1,104.125000,131.000000
757,1,111.560000,132.480000
759,1,116.555556,130.888889
760,1,126.259259,131.222222
761,1,123.576923,129.115385
763,1,137.080000,126.320000
765,1,147.304348,125.739130
767,1,158.560000,127.160000
768,1,161.884615,128.269231
769,1,166.807692,129.346154
771,1,175.962963,126.000000
772,1,180.000000,126.923077
779,1,218.000000,128.200000
780,1,222.916667,132.916667
781,1,231.958333,127.041667
782,1,220.200000,125.480000
783,1,234.217391,123.913043
784,1,25.320000,134.120000
786,1,31.590909,132.772727
790,1,54.115385,132.692308
791,1,58.384615,134.615385
792,1,60.923077,129.346154
793,1,66.440000,132.200000
795,1,75.653846,129.000000
798,1,95.115385,131.923077
799,1,100.320000,132.240000
800,1,106.250000,127.250000
802,1,118.296296,129.962963
803,1,122.040000,138.320000
805,1,128.000000,127.916667
809,1,149.296296,128.851852
810,1,152.166667,135.041667
813,1,166.320000,135.800000
815,1,178.260870,133.304348
817,1,186.769231,132.807692
821,1,207.240000,131.920000
822,1,211.080000,131.160000
824,1,221.040000,131.960000
825,1,226.428571,129.607143
828,1,21.826087,139.043478
831,1,39.571429,136.666667
832,1,43.960000,135.480000
833,1,46.000000,136.500000
835,1,54.666667,137.416667
837,1,66.000000,135.875000
839,1,80.111111,137.962963
844,1,102.640000,137.840000
845,1,105.880000,138.800000
847,1,119.041667,134.500000
848,1,123.666667,136.250000
849,1,131.192308,136.230769
850,1,133.464286,141.821429
852,1,142.375000,136.333333
853,1,147.076923,133.692308
854,1,146.111111,136.666667
857,1,173.391304,137.652174
858,1,170.583333,136.291667
859,1,178.000000,137.461538
865,1,207.458333,136.541667
870,1,232.925926,136.851852
872,1,22.000000,142.370370
873,1,26.000000,140.600000
879,1,56.640000,141.840000
883,1,74.291667,146.541667
884,1,82.913043,141.217391
885,1,88.307692,143.653846
886,1,93.875000,142.583333
892,1,123.166667,140.791667
893,1,123.720000,146.400000
895,1,138.760000,141.360000
898,1,152.346154,141.500000
899,1,156.640000,140.320000
900,1,159.461538,143.384615
902,1,168.720000,144.560000
905,1,186.500000,141.291667
906,1,190.730769,143.346154
914,1,233.125000,141.500000
916,1,23.000000,148.160000
919,1,36.541667,146.291667
921,1,46.960000,148.000000
924,1,63.320000,145.560000
925,1,64.173913,148.000000
926,1,71.920000,148.200000
927,1,82.000000,147.153846
928,1,76.520000,142.960000
929,1,84.565217,145.652174
931,1,96.500000,145.250000
936,1,126.153846,143.115385
937,1,124.000000,149.600000
939,1,137.481481,146.740741
940,1,141.500000,145.818182
943,1,156.708333,148.208333
944,1,160.259259,148.185185
945,1,164.333333,145.000000
952,1,200.400000,146.560000
954,1,213.074074,149.296296
955,1,216.923077,148.346154
958,1,233.444444,145.333333
959,1,233.680000,151.520000
960,1,25.000000,156.956522
965,1,46.120000,155.560000
966,1,50.480000,152.120000
967,1,55.000000,152.444444
968,1,59.807692,152.346154
970,1,74.461538,151.961538
971,1,75.760000,148.120000
976,1,102.370370,152.851852
977,1,107.791667,151.916667
978,1,111.083333,154.125000
980,1,121.153846,155.692308
983,1,137.500000,152.375000
984,1,143.800000,150.280000
985,1,144.884615,156.884615
986,1,153.384615,153.000000
987,1,154.291667,152.625000
988,1,163.800000,151.400000
989,1,168.703704,152.111111
994,1,194.434783,153.956522
997,1,214.083333,154.041667
999,1,217.541667,151.125000
1000,1,218.961538,156.961538
1001,1,229.708333,152.916667
1002,1,225.160000,150.200000
1003,1,236.846154,149.615385
1005,1,28.481481,157.703704
1007,1,39.521739,159.086957
1009,1,49.280000,158.440000
1010,1,50.846154,156.038462
1012,1,62.480000,154.160000
1016,1,82.500000,156.769231
1017,1,87.583333,156.791667
1018,1,86.730769,155.307692
1020,1,102.200000,159.160000
1023,1,115.347826,154.521739
1028,1,147.250000,157.375000
1029,1,142.958333,154.250000
1030,1,152.833333,157.583333
1031,1,159.600000,158.880000
1033,1,163.680000,159.560000
1036,1,178.875000,158.791667
1037,1,187.307692,157.923077
1038,1,190.538462,156.153846
1039,1,197.560000,158.160000
1041,1,207.074074,158.074074
1042,1,210.640000,155.760000
1043,1,219.800000,166.080000
1044,1,223.083333,154.458333
1048,1,27.083333,165.166667
1049,1,30.103448,161.517241
1051,1,43.400000,161.760000
1053,1,52.520000,165.280000
1055,1,63.192308,161.000000
1057,1,76.629630,161.777778
1058,1,75.217391,163.608696
1059,1,82.400000,165.760000
1063,1,104.807692,157.346154
1064,1,104.538462,161.346154
1067,1,123.208333,166.125000
1069,1,131.692308,161.653846
1074,1,160.875000,160.250000
1075,1,165.925926,164.518519
1078,1,178.478261,163.565217
1079,1,183.304348,164.173913
1080,1,183.076923,159.576923
1083,1,203.107143,161.428571
1084,1,205.880000,165.640000
1086,1,213.434783,160.434783
1090,1,236.000000,165.458333
1091,1,33.625000,166.541667
1092,1,31.666667,168.875000
1093,1,33.560000,170.120000
1095,1,42.961538,172.653846
1096,1,49.821429,169.250000
1097,1,57.576923,166.807692
1098,1,61.160000,164.480000
1099,1,65.440000,168.080000
1101,1,77.192308,162.269231
1102,1,89.851852,168.148148
1103,1,90.785714,165.714286
1104,1,92.416667,165.166667
1105,1,97.040000,165.960000
1109,1,118.461538,170.923077
1110,1,119.360000,164.800000
1113,1,139.153846,169.000000
1114,1,141.153846,165.423077
1116,1,153.285714,167.607143
1119,1,165.720000,168.840000
1122,1,184.840000,166.560000
1126,1,200.703704,167.074074
1129,1,217.600000,163.280000
1130,1,226.960000,166.880000
1131,1,226.833333,165.916667
1134,1,37.520000,171.480000
1135,1,37.521739,175.695652
1136,1,42.608696,167.739130
1137,1,46.250000,170.750000
1138,1,54.360000,174.720000
1140,1,67.375000,171.875000
1141,1,65.434783,173.913043
1142,1,74.827586,170.310345
1144,1,79.000000,169.958333
1146,1,89.000000,171.592593
1148,1,102.160000,172.120000
1149,1,106.875000,172.958333
1152,1,121.625000,170.500000
1155,1,136.500000,169.115385
1158,1,151.333333,172.208333
1160,1,160.040000,176.640000
1161,1,164.260870,171.391304
1163,1,182.920000,175.360000
1164,1,178.291667,172.833333
1171,1,213.583333,174.583333
1172,1,221.320000,169.480000
1173,1,229.466667,171.366667
1174,1,229.708333,171.625000
1176,1,38.440000,177.920000
1177,1,44.615385,177.076923
1179,1,51.692308,172.884615
1182,1,71.291667,172.583333
1185,1,83.458333,178.875000
1188,1,96.043478,174.478261
1189,1,100.962963,176.074074
1191,1,114.038462,177.923077
1192,1,111.785714,178.285714
1194,1,126.517241,178.034483
1196,1,137.375000,172.833333
1200,1,157.347826,179.217391
1201,1,163.782609,176.000000
1202,1,167.692308,178.307692
1203,1,170.518519,174.333333
1204,1,176.720000,176.920000
1205,1,184.000000,169.818182
1206,1,183.809524,178.380952
1207,1,196.222222,176.333333
1208,1,196.652174,179.782609
1211,1,213.500000,176.115385
1212,1,217.760000,175.720000
1214,1,223.740741,172.407407
1221,1,62.083333,183.541667
1222,1,64.692308,180.538462
1223,1,69.000000,179.608696
1224,1,79.555556,187.037037
1225,1,83.916667,183.333333
1226,1,83.692308,182.076923
1227,1,90.181818,185.090909
1228,1,98.840000,186.840000
1229,1,96.576923,181.192308
1230,1,102.640000,181.280000
1233,1,125.888889,186.407407
1234,1,127.333333,179.380952
1239,1,154.576923,183.807692
1240,1,159.041667,183.958333
1245,1,181.840000,181.400000
1246,1,185.000000,187.200000
1247,1,192.500000,181.785714
1248,1,191.333333,179.380952
1250,1,206.040000,184.520000
1252,1,217.200000,181.520000
1253,1,221.434783,182.217391
1255,1,42.040000,188.720000
1256,1,37.730769,187.307692
1257,1,47.166667,188.000000
1259,1,55.769231,189.307692
1260,1,59.153846,188.230769
1263,1,77.000000,185.166667
1265,1,88.760000,179.960000
1266,1,91.440000,191.000000
1267,1,99.347826,188.521739
1268,1,104.720000,185.280000
1273,1,126.333333,192.222222
1274,1,131.642857,184.535714
1278,1,150.739130,188.173913
1280,1,165.600000,189.360000
1281,1,165.708333,188.583333
1285,1,187.291667,189.666667
1286,1,188.916667,184.958333
1288,1,200.173913,184.565217
1289,1,205.913043,187.652174
1294,1,45.521739,191.652174
1296,1,57.217391,189.782609
1300,1,73.814815,193.925926
1301,1,74.760000,192.000000
1303,1,86.769231,189.807692
1304,1,93.520000,185.720000
1306,1,104.360000,196.840000
1307,1,104.375000,190.791667
1309,1,114.923077,191.769231
1310,1,119.600000,192.120000
1311,1,129.269231,187.423077
1313,1,138.875000,193.208333
1316,1,151.347826,197.739130
1319,1,168.720000,196.680000
1321,1,174.208333,192.791667
1323,1,189.192308,187.307692
1324,1,191.555556,191.592593
1327,1,205.480000,192.200000
1331,1,43.038462,196.384615
1332,1,46.240000,198.120000
1333,1,52.863636,197.136364
1335,1,63.153846,197.500000
1337,1,70.071429,198.714286
1338,1,78.571429,197.785714
1339,1,82.555556,198.296296
1340,1,92.680000,199.680000
1341,1,87.307692,195.615385
1342,1,99.541667,198.708333
1343,1,103.000000,194.000000
1345,1,112.130435,197.695652
1347,1,122.230769,197.153846
1348,1,126.269231,195.500000
1351,1,143.080000,195.720000
1352,1,150.458333,194.791667
1353,1,148.120000,194.400000
1355,1,162.884615,196.269231
1356,1,167.280000,196.840000
1362,1,197.111111,199.148148
1364,1,206.800000,195.480000
1367,1,49.320000,199.120000
1371,1,68.560000,205.680000
1373,1,77.640000,197.120000
1374,1,86.769231,200.500000
1376,1,93.846154,193.038462
1378,1,103.863636,202.227273
1379,1,107.560000,202.560000
1380,1,112.476190,203.476190
1388,1,149.192308,199.500000
1389,1,155.136364,201.681818
1390,1,160.480000,201.000000
1393,1,178.043478,205.000000
1394,1,183.040000,201.840000
1395,1,178.185185,202.740741
1397,1,195.869565,206.956522
1398,1,200.925926,201.481481
1401,1,54.666667,207.185185
1404,1,66.130435,201.739130
1405,1,71.760000,207.800000
1407,1,81.037037,205.888889
1408,1,81.000000,206.153846
1409,1,92.400000,206.720000
1410,1,98.555556,209.555556
1413,1,112.720000,210.480000
1415,1,123.535714,206.714286
1416,1,127.428571,207.678571
1426,1,176.640000,208.720000
1430,1,195.958333,206.750000
1431,1,198.538462,202.153846
1432,1,205.333333,207.037037
1433,1,60.560000,214.760000
1434,1,61.250000,211.541667
1436,1,72.333333,212.888889
1437,1,76.538462,212.500000
1438,1,83.120000,209.560000
1439,1,87.777778,210.407407
1441,1,95.607143,209.714286
1442,1,104.888889,215.000000
1443,1,104.576923,212.500000
1444,1,111.068966,211.206897
1445,1,119.608696,211.782609
1447,1,127.880000,213.760000
1449,1,137.833333,212.541667
1452,1,154.500000,211.041667
1453,1,155.954545,214.454545
1457,1,176.500000,211.153846
1460,1,194.260870,212.173913
1461,1,200.333333,212.583333
1462,1,201.041667,208.750000
1463,1,61.636364,219.500000
1465,1,70.320000,217.360000
1469,1,86.703704,214.407407
1471,1,103.440000,217.160000
1472,1,106.480000,220.240000
1473,1,114.360000,218.840000
1474,1,121.535714,216.321429
1475,1,118.730769,218.961538
1477,1,128.307692,219.461538
1479,1,142.800000,217.720000
1481,1,154.592593,215.629630
1482,1,155.083333,219.250000
1483,1,161.458333,216.041667
1489,1,192.000000,215.851852
1490,1,195.360000,218.240000
1491,1,68.608696,222.434783
1492,1,73.833333,220.041667
1495,1,90.000000,222.208333
1499,1,107.416667,222.208333
1501,1,113.000000,216.040000
1502,1,114.681818,222.818182
1503,1,124.535714,225.107143
1504,1,133.240000,219.760000
1506,1,139.653846,224.307692
1507,1,145.111111,222.148148
1511,1,169.480000,225.120000
1513,1,175.391304,224.434783
1517,1,73.600000,224.400000
1519,1,88.576923,227.769231
1520,1,92.791667,225.708333
1524,1,114.592593,226.259259
1525,1,118.880000,228.840000
1526,1,121.000000,221.916667
1527,1,132.250000,226.333333
1529,1,132.615385,223.423077
1531,1,148.296296,226.962963
1534,1,161.958333,224.416667
1536,1,176.307692,223.423077
1538,1,180.392857,225.785714
1539,1,86.962963,228.888889
1542,1,102.962963,233.185185
1543,1,108.703704,233.222222
1545,1,115.625000,231.500000
1549,1,139.888889,230.740741
1550,1,137.500000,233.125000
1556,1,170.769231,231.807692
1557,1,97.521739,236.739130
1558,1,103.230769,237.346154
1563,1,128.636364,237.590909
1564,1,132.521739,236.608696
1565,1,136.833333,234.875000
1569,1,155.892857,236.214286
