ID,type,x COM, y COM
2,2,111.160000,21.880000
5,2,122.480000,21.120000
6,2,128.125000,21.208333
7,2,133.291667,22.083333
9,2,139.000000,21.115385
10,2,150.840000,22.920000
12,2,156.320000,24.200000
13,2,87.090909,30.863636
14,2,91.576923,26.538462
15,2,95.913043,28.304348
16,2,97.846154,24.692308
18,2,109.703704,25.592593
19,2,113.739130,29.043478
22,2,130.347826,26.434783
23,2,134.500000,28.076923
26,2,153.708333,27.958333
31,2,77.318182,34.590909
34,2,91.173913,32.130435
38,2,111.480000,35.160000
39,2,116.130435,34.913043
41,2,129.080000,32.360000
42,2,133.480000,32.960000
45,2,151.041667,31.416667
46,2,154.280000,34.240000
47,2,159.080000,29.040000
51,2,174.681818,30.227273
53,2,73.730769,38.923077
55,2,82.423077,33.769231
57,2,94.541667,36.833333
58,2,96.130435,32.652174
61,2,116.434783,40.000000
62,2,120.640000,38.480000
63,2,121.608696,34.565217
65,2,128.375000,37.000000
66,2,134.800000,37.440000
67,2,140.500000,36.590909
76,2,190.520000,38.120000
77,2,195.826087,39.478261
78,2,60.869565,41.260870
79,2,67.458333,38.708333
81,2,78.818182,44.909091
82,2,79.541667,39.166667
84,2,95.166667,41.500000
85,2,100.086957,43.347826
87,2,106.840000,43.200000
88,2,112.272727,44.090909
89,2,117.076923,43.653846
90,2,122.681818,43.181818
91,2,126.125000,40.833333
92,2,130.260870,42.173913
93,2,137.636364,40.318182
94,2,137.125000,44.500000
96,2,154.217391,41.391304
98,2,157.846154,44.384615
100,2,176.521739,46.869565
101,2,178.565217,42.173913
103,2,186.095238,38.190476
109,2,75.458333,46.916667
110,2,79.560000,51.840000
113,2,93.400000,47.320000
114,2,98.520000,47.120000
115,2,103.434783,47.304348
117,2,107.318182,52.318182
118,2,113.304348,49.260870
122,2,135.318182,49.000000
125,2,148.333333,56.380952
130,2,180.304348,47.260870
131,2,183.739130,45.304348
132,2,188.041667,47.041667
133,2,192.250000,47.083333
134,2,197.000000,48.869565
135,2,198.480000,44.240000
136,2,55.884615,53.769231
137,2,60.041667,53.583333
138,2,63.545455,52.227273
139,2,67.565217,52.565217
140,2,72.130435,52.826087
142,2,80.846154,56.038462
144,2,91.200000,51.560000
146,2,102.250000,52.500000
151,2,124.333333,57.037037
153,2,132.875000,52.791667
155,2,151.833333,59.166667
162,2,182.130435,57.739130
166,2,201.782609,48.956522
167,2,205.523810,53.333333
170,2,57.880000,58.360000
171,2,64.375000,57.041667
173,2,76.000000,53.916667
177,2,90.413793,57.103448
179,2,106.857143,57.952381
181,2,112.375000,59.041667
183,2,128.153846,56.576923
184,2,130.666667,58.750000
185,2,135.826087,57.000000
188,2,146.958333,61.541667
190,2,156.791667,58.791667
192,2,168.320000,58.840000
195,2,179.956522,61.173913
197,2,187.227273,55.363636
200,2,202.538462,62.076923
201,2,206.045455,57.727273
202,2,41.230769,64.653846
203,2,47.913043,63.652174
204,2,54.500000,62.090909
206,2,59.608696,62.565217
211,2,88.400000,66.840000
213,2,94.777778,59.629630
214,2,100.166667,60.916667
216,2,115.083333,62.750000
219,2,134.360000,62.760000
221,2,142.750000,61.333333
223,2,150.818182,64.454545
225,2,155.400000,64.240000
227,2,166.800000,64.480000
230,2,185.750000,62.250000
231,2,188.521739,60.130435
232,2,195.884615,63.576923
233,2,197.590909,59.454545
235,2,208.925926,61.222222
236,2,215.125000,64.291667
240,2,52.481481,66.148148
244,2,72.695652,62.391304
245,2,72.750000,67.000000
247,2,92.869565,69.521739
248,2,90.590909,62.272727
252,2,110.346154,63.615385
257,2,138.600000,62.080000
259,2,145.692308,66.692308
260,2,154.535714,68.392857
263,2,166.956522,69.391304
266,2,183.000000,73.809524
268,2,191.086957,63.695652
269,2,199.043478,66.739130
271,2,210.400000,66.040000
278,2,51.680000,70.560000
280,2,65.217391,73.521739
284,2,85.333333,68.625000
285,2,87.772727,76.818182
286,2,90.090909,73.409091
287,2,97.166667,76.166667
296,2,144.291667,71.250000
297,2,149.960000,70.880000
299,2,155.600000,73.400000
300,2,161.291667,78.333333
304,2,181.739130,77.000000
306,2,192.923077,67.884615
308,2,203.192308,69.384615
309,2,205.800000,65.880000
314,2,37.240000,82.200000
317,2,53.240000,78.120000
320,2,67.227273,77.772727
321,2,72.440000,79.080000
325,2,93.592593,75.888889
327,2,104.769231,79.538462
329,2,110.222222,76.962963
333,2,137.291667,72.375000
334,2,138.000000,76.041667
336,2,142.333333,76.125000
338,2,155.960000,78.000000
340,2,166.160000,81.840000
341,2,171.142857,82.357143
344,2,187.045455,79.318182
349,2,210.125000,76.375000
351,2,220.916667,75.916667
352,2,224.818182,80.409091
354,2,39.360000,86.120000
356,2,47.730769,78.307692
357,2,45.727273,82.590909
358,2,52.666667,82.000000
361,2,76.956522,86.043478
362,2,74.000000,84.608696
365,2,93.961538,82.230769
368,2,103.166667,82.583333
370,2,119.769231,82.423077
371,2,124.222222,81.888889
372,2,128.920000,80.240000
373,2,133.375000,77.333333
374,2,135.208333,82.750000
375,2,139.391304,80.739130
378,2,156.333333,83.518519
379,2,161.080000,82.840000
383,2,182.173913,80.956522
384,2,186.083333,84.375000
385,2,190.736842,80.947368
386,2,194.880000,78.800000
388,2,210.739130,81.739130
391,2,220.130435,80.782609
392,2,230.846154,85.923077
395,2,40.350000,91.750000
397,2,47.458333,85.625000
398,2,52.045455,87.545455
399,2,55.320000,87.200000
405,2,89.750000,81.458333
407,2,95.086957,88.521739
409,2,104.629630,86.481481
410,2,113.714286,83.678571
411,2,119.678571,86.892857
416,2,141.076923,85.000000
418,2,146.370370,88.592593
419,2,152.653846,87.269231
423,2,178.950000,94.100000
425,2,189.166667,86.500000
428,2,197.111111,87.666667
429,2,201.000000,90.880000
431,2,220.560000,89.440000
432,2,220.629630,85.074074
433,2,226.880000,84.280000
438,2,39.000000,96.476190
440,2,49.600000,90.640000
443,2,67.678571,91.928571
444,2,71.760000,91.960000
445,2,75.333333,91.583333
448,2,94.047619,93.428571
449,2,99.086957,90.478261
452,2,110.565217,87.826087
453,2,115.142857,89.190476
454,2,120.769231,92.500000
455,2,124.958333,92.583333
456,2,130.000000,92.217391
457,2,135.807692,92.269231
459,2,145.920000,94.360000
460,2,152.291667,91.750000
462,2,162.565217,96.000000
466,2,182.259259,89.814815
469,2,191.956522,90.869565
471,2,206.227273,92.863636
476,2,232.346154,90.923077
477,2,26.875000,99.875000
478,2,31.625000,97.458333
479,2,35.083333,95.458333
481,2,49.333333,95.583333
482,2,57.166667,97.666667
483,2,60.000000,102.041667
484,2,61.347826,97.565217
485,2,65.560000,98.640000
486,2,70.652174,97.000000
487,2,79.640000,93.040000
488,2,81.555556,98.444444
489,2,90.347826,90.565217
490,2,89.320000,95.320000
491,2,94.913043,97.913043
492,2,99.227273,96.090909
496,2,122.640000,97.560000
497,2,130.260870,98.173913
498,2,134.120000,96.680000
499,2,138.600000,98.160000
501,2,150.086957,94.826087
504,2,160.750000,100.416667
509,2,186.304348,98.695652
510,2,192.125000,98.916667
511,2,198.000000,93.833333
513,2,209.230769,98.769231
515,2,217.045455,101.500000
516,2,221.920000,97.960000
517,2,226.640000,96.120000
518,2,231.708333,96.375000
519,2,236.423077,95.230769
520,2,24.458333,107.750000
521,2,26.875000,104.375000
522,2,31.333333,103.333333
523,2,35.692308,101.346154
527,2,52.961538,100.076923
528,2,63.360000,105.680000
529,2,70.916667,102.000000
530,2,75.565217,101.130435
532,2,81.625000,104.041667
534,2,92.500000,101.041667
538,2,116.080000,105.600000
539,2,120.619048,105.904762
541,2,126.565217,98.826087
542,2,130.608696,102.565217
543,2,135.040000,106.200000
544,2,136.250000,102.000000
547,2,156.296296,103.000000
548,2,162.115385,105.153846
549,2,166.576923,99.615385
550,2,171.307692,104.076923
551,2,175.846154,107.576923
553,2,185.090909,102.590909
554,2,190.800000,104.000000
555,2,193.772727,94.409091
558,2,213.680000,98.760000
564,2,24.181818,112.500000
567,2,35.391304,107.130435
568,2,39.571429,105.035714
569,2,46.217391,107.913043
570,2,54.318182,111.045455
571,2,55.791667,104.416667
574,2,71.576923,108.000000
575,2,76.869565,104.826087
576,2,80.291667,109.125000
579,2,98.000000,101.653846
584,2,125.115385,105.653846
585,2,130.200000,107.120000
586,2,131.565217,111.913043
587,2,136.041667,112.291667
590,2,150.772727,102.772727
591,2,159.360000,108.560000
593,2,167.304348,104.739130
596,2,186.333333,106.583333
598,2,194.370370,106.148148
600,2,202.800000,109.000000
602,2,212.000000,103.791667
603,2,217.478261,106.000000
605,2,229.040000,105.320000
606,2,233.666667,107.407407
607,2,237.560000,106.320000
608,2,23.791667,117.375000
609,2,31.576923,116.807692
610,2,32.857143,111.000000
611,2,39.280000,111.680000
612,2,45.916667,113.000000
614,2,50.720000,114.760000
616,2,64.409091,114.272727
617,2,67.120000,111.080000
618,2,70.666667,113.703704
619,2,75.640000,110.400000
622,2,90.703704,112.962963
625,2,106.480000,111.040000
626,2,113.625000,110.958333
628,2,126.727273,110.318182
631,2,140.916667,112.916667
632,2,140.800000,118.520000
634,2,149.695652,108.217391
635,2,154.160000,107.280000
637,2,165.461538,109.038462
638,2,171.384615,109.538462
639,2,174.740741,113.592593
642,2,194.153846,111.692308
643,2,198.384615,110.192308
645,2,209.173913,111.652174
647,2,213.086957,109.521739
649,2,226.043478,109.217391
651,2,236.600000,112.680000
653,2,28.480000,120.360000
655,2,36.285714,114.761905
657,2,42.409091,110.090909
659,2,54.240000,116.480000
661,2,67.304348,118.434783
663,2,79.080000,114.320000
664,2,84.346154,117.846154
665,2,84.375000,113.250000
666,2,89.904762,117.285714
671,2,111.782609,118.347826
675,2,132.652174,116.913043
676,2,144.714286,120.904762
681,2,161.730769,117.269231
684,2,178.391304,118.391304
686,2,194.360000,117.200000
687,2,199.000000,116.086957
690,2,210.190476,115.428571
692,2,217.285714,117.714286
693,2,221.320000,116.720000
694,2,230.760000,111.400000
696,2,24.291667,122.125000
697,2,28.304348,125.565217
698,2,33.217391,121.347826
700,2,40.416667,117.541667
702,2,51.875000,126.958333
703,2,54.520000,121.560000
705,2,71.480000,120.560000
706,2,61.846154,122.269231
707,2,77.521739,122.782609
708,2,79.400000,119.160000
709,2,89.160000,122.200000
711,2,93.739130,120.695652
712,2,98.217391,123.478261
714,2,114.130435,124.260870
719,2,136.785714,118.357143
720,2,141.956522,124.000000
723,2,161.280000,121.640000
725,2,165.608696,124.347826
728,2,179.925926,123.740741
737,2,221.227273,121.909091
739,2,235.576923,116.346154
740,2,21.518519,127.629630
742,2,35.076923,126.230769
745,2,47.000000,127.739130
747,2,65.538462,128.500000
749,2,66.000000,122.875000
752,2,83.045455,123.045455
755,2,94.083333,126.208333
756,2,105.875000,126.833333
758,2,112.083333,128.458333
761,2,127.952381,131.428571
764,2,144.208333,128.416667
768,2,162.913043,126.826087
774,2,188.642857,133.928571
775,2,196.750000,128.083333
779,2,219.250000,126.750000
780,2,218.958333,131.125000
782,2,235.363636,131.772727
783,2,233.250000,126.250000
786,2,31.269231,129.461538
787,2,35.458333,131.458333
789,2,50.454545,137.136364
791,2,59.120000,131.880000
794,2,68.400000,133.840000
795,2,70.192308,129.423077
796,2,81.500000,134.500000
798,2,98.083333,131.166667
799,2,100.360000,127.440000
801,2,106.840000,132.520000
802,2,113.000000,132.680000
803,2,117.960000,131.800000
804,2,119.880000,135.760000
805,2,123.703704,132.851852
806,2,132.920000,129.520000
809,2,143.760000,133.560000
812,2,161.000000,130.208333
814,2,168.346154,131.307692
818,2,193.590909,130.363636
821,2,205.083333,131.916667
826,2,230.363636,129.272727
829,2,30.375000,135.000000
830,2,35.500000,136.375000
834,2,54.208333,132.541667
835,2,58.846154,137.230769
838,2,73.090909,134.272727
839,2,77.666667,134.958333
846,2,113.083333,138.458333
847,2,116.450000,139.450000
850,2,130.720000,134.560000
851,2,136.250000,135.000000
852,2,143.120000,138.840000
854,2,153.521739,139.086957
856,2,159.086957,134.391304
860,2,184.809524,130.952381
864,2,205.416667,137.416667
865,2,209.208333,136.375000
867,2,218.363636,136.318182
868,2,222.500000,134.625000
869,2,227.791667,134.625000
870,2,229.173913,138.565217
871,2,234.500000,139.500000
872,2,23.500000,145.750000
875,2,36.480000,141.720000
876,2,40.625000,141.250000
878,2,54.846154,139.076923
879,2,59.136364,142.454545
881,2,72.461538,143.653846
885,2,87.086957,147.478261
886,2,92.040000,137.960000
887,2,97.357143,139.964286
888,2,99.500000,143.500000
889,2,108.040000,146.400000
890,2,112.375000,143.791667
891,2,117.400000,145.560000
892,2,119.521739,140.826087
895,2,138.086957,137.913043
897,2,148.296296,140.481481
898,2,157.142857,138.333333
907,2,194.840000,146.040000
915,2,236.608696,145.173913
916,2,21.960000,150.880000
922,2,52.960000,144.880000
927,2,71.600000,151.480000
928,2,82.791667,147.541667
930,2,91.521739,142.956522
934,2,112.875000,149.041667
938,2,134.285714,149.666667
942,2,145.538462,147.076923
944,2,162.875000,149.375000
945,2,164.333333,144.583333
949,2,188.920000,150.960000
951,2,194.434783,150.086957
952,2,197.240000,142.600000
953,2,208.080000,142.760000
954,2,210.000000,150.750000
957,2,228.391304,145.434783
958,2,231.347826,143.000000
961,2,30.956522,151.130435
962,2,36.714286,147.047619
963,2,35.185185,151.037037
964,2,39.565217,155.347826
966,2,49.916667,153.916667
969,2,67.760000,153.760000
970,2,71.375000,158.625000
974,2,88.200000,151.680000
977,2,106.217391,152.000000
978,2,110.565217,152.478261
979,2,115.636364,152.954545
982,2,129.370370,151.629630
983,2,138.869565,152.086957
984,2,139.000000,156.840000
988,2,162.500000,154.250000
990,2,168.115385,147.653846
994,2,196.461538,153.961538
995,2,199.851852,148.518519
1004,2,21.739130,156.043478
1006,2,35.304348,155.869565
1008,2,43.083333,158.458333
1009,2,45.240000,152.920000
1010,2,47.875000,157.625000
1014,2,66.857143,158.523810
1016,2,83.400000,153.040000
1017,2,87.800000,156.840000
1020,2,105.600000,156.080000
1022,2,112.481481,157.296296
1023,2,119.592593,154.703704
1026,2,132.260870,157.956522
1027,2,133.652174,154.260870
1028,2,137.800000,161.200000
1029,2,146.291667,154.250000
1030,2,150.041667,153.583333
1032,2,160.208333,158.625000
1034,2,171.240000,160.640000
1035,2,177.125000,161.000000
1036,2,181.434783,157.130435
1037,2,185.045455,153.863636
1039,2,195.480000,157.600000
1041,2,201.360000,154.320000
1042,2,208.680000,155.560000
1048,2,24.818182,160.272727
1050,2,34.423077,163.115385
1053,2,53.909091,155.681818
1054,2,55.363636,160.681818
1059,2,82.692308,157.769231
1060,2,87.083333,162.083333
1062,2,100.280000,162.200000
1068,2,129.280000,169.280000
1069,2,128.913043,164.347826
1070,2,133.227273,161.727273
1075,2,163.304348,163.608696
1077,2,171.250000,164.916667
1078,2,181.083333,162.333333
1081,2,191.038462,162.153846
1082,2,195.869565,162.217391
1083,2,201.240000,159.880000
1084,2,205.541667,157.708333
1087,2,227.318182,163.727273
1091,2,29.217391,165.043478
1092,2,32.428571,167.761905
1093,2,37.884615,167.576923
1099,2,68.458333,163.083333
1101,2,82.375000,162.791667
1103,2,89.875000,167.875000
1105,2,96.680000,164.720000
1106,2,104.416667,163.291667
1107,2,108.333333,165.166667
1109,2,117.800000,165.280000
1110,2,123.333333,167.958333
1112,2,134.200000,166.320000
1118,2,161.185185,167.259259
1119,2,166.720000,165.680000
1121,2,175.636364,165.500000
1124,2,192.375000,166.708333
1125,2,197.800000,169.080000
1126,2,200.090909,164.227273
1127,2,204.250000,165.416667
1132,2,230.592593,167.481481
1135,2,38.217391,172.000000
1139,2,53.333333,172.571429
1140,2,56.818182,173.090909
1145,2,89.583333,173.416667
1146,2,93.875000,166.958333
1151,2,118.080000,170.400000
1153,2,123.541667,172.208333
1155,2,134.000000,170.750000
1157,2,148.681818,171.727273
1160,2,158.080000,173.480000
1164,2,179.625000,168.958333
1165,2,184.625000,179.625000
1168,2,200.583333,171.083333
1169,2,207.041667,169.333333
1170,2,204.263158,172.052632
1171,2,211.608696,169.782609
1174,2,231.083333,172.583333
1176,2,42.851852,172.851852
1178,2,48.791667,172.833333
1179,2,50.875000,178.208333
1180,2,57.423077,176.692308
1181,2,63.521739,177.652174
1183,2,70.592593,180.592593
1184,2,75.782609,179.565217
1185,2,79.333333,175.666667
1188,2,95.208333,179.625000
1191,2,109.750000,182.250000
1197,2,143.600000,174.840000
1198,2,148.375000,176.375000
1199,2,154.461538,172.269231
1200,2,153.275862,177.620690
1202,2,166.565217,178.086957
1204,2,175.458333,176.166667
1206,2,188.608696,181.173913
1210,2,206.086957,176.217391
1211,2,210.416667,173.916667
1216,2,33.904762,183.666667
1217,2,40.074074,181.703704
1220,2,57.739130,180.565217
1221,2,62.120000,182.200000
1222,2,66.421053,181.894737
1227,2,91.333333,178.375000
1230,2,105.440000,184.520000
1233,2,128.880000,188.200000
1235,2,133.840000,182.400000
1236,2,137.782609,186.391304
1238,2,145.038462,179.961538
1244,2,172.238095,177.476190
1245,2,179.560000,180.120000
1246,2,186.833333,186.708333
1249,2,201.076923,179.730769
1250,2,204.333333,180.888889
1256,2,43.904762,185.285714
1257,2,48.095238,188.095238
1258,2,53.375000,188.333333
1262,2,74.086957,185.217391
1263,2,77.416667,191.125000
1265,2,92.958333,184.416667
1266,2,95.142857,187.857143
1267,2,98.791667,185.708333
1268,2,101.739130,182.043478
1269,2,102.500000,188.958333
1272,2,124.652174,185.260870
1274,2,129.869565,183.521739
1275,2,137.045455,192.454545
1278,2,150.636364,187.318182
1279,2,155.888889,183.222222
1280,2,159.409091,181.545455
1284,2,183.000000,184.750000
1286,2,196.520000,186.440000
1287,2,200.409091,187.363636
1289,2,204.434783,187.304348
1290,2,207.818182,185.772727
1292,2,225.434783,183.347826
1295,2,49.045455,192.772727
1297,2,54.360000,192.000000
1298,2,62.772727,192.090909
1299,2,64.730769,187.230769
1301,2,74.000000,189.416667
1302,2,81.640000,191.800000
1309,2,117.956522,187.173913
1312,2,133.960000,188.800000
1314,2,144.625000,193.375000
1316,2,155.125000,187.625000
1322,2,181.360000,189.880000
1323,2,178.818182,192.863636
1325,2,199.250000,191.791667
1326,2,204.173913,193.478261
1330,2,220.173913,188.739130
1331,2,45.555556,197.592593
1335,2,58.960000,190.560000
1336,2,66.200000,197.400000
1338,2,75.458333,195.833333
1339,2,81.080000,196.760000
1340,2,86.250000,195.250000
1343,2,98.708333,201.083333
1345,2,107.041667,200.916667
1348,2,127.160000,199.200000
1349,2,129.333333,195.375000
1350,2,133.307692,194.538462
1351,2,140.347826,192.782609
1355,2,162.000000,200.826087
1357,2,173.739130,193.391304
1358,2,177.227273,196.818182
1362,2,197.440000,196.200000
1363,2,202.652174,197.826087
1366,2,214.347826,201.260870
1367,2,51.714286,196.000000
1368,2,50.208333,203.791667
1369,2,55.125000,203.458333
1371,2,67.440000,202.480000
1372,2,71.434783,201.608696
1373,2,76.416667,199.375000
1374,2,84.080000,200.800000
1375,2,87.791667,200.250000
1376,2,91.320000,201.480000
1377,2,94.192308,202.346154
1379,2,103.772727,203.772727
1382,2,122.800000,200.560000
1383,2,129.750000,204.625000
1388,2,151.120000,208.000000
1390,2,162.480000,204.840000
1393,2,180.666667,201.291667
1395,2,185.240000,203.040000
1396,2,192.680000,198.680000
1397,2,198.560000,200.400000
1399,2,206.615385,208.846154
1400,2,207.520000,204.600000
1401,2,58.545455,206.500000
1404,2,71.192308,206.884615
1405,2,75.720000,203.680000
1412,2,99.000000,205.739130
1416,2,125.083333,205.250000
1417,2,133.520000,209.240000
1421,2,154.791667,208.083333
1423,2,159.636364,209.409091
1425,2,167.260870,204.956522
1426,2,180.000000,207.269231
1428,2,184.769231,208.653846
1429,2,190.500000,202.000000
1435,2,64.423077,205.538462
1440,2,86.730769,206.038462
1442,2,107.291667,207.541667
1447,2,127.000000,209.333333
1448,2,128.807692,213.000000
1449,2,137.909091,213.227273
1451,2,147.040000,211.440000
1452,2,152.521739,217.391304
1453,2,155.666667,213.809524
1455,2,164.173913,214.565217
1459,2,188.962963,207.481481
1461,2,193.800000,215.640000
1462,2,198.920000,213.920000
1466,2,69.454545,220.818182
1470,2,98.086957,219.478261
1473,2,112.680000,218.440000
1474,2,117.565217,217.391304
1476,2,128.080000,217.600000
1479,2,142.777778,215.555556
1481,2,150.291667,213.750000
1482,2,159.888889,214.111111
1484,2,173.083333,219.750000
1485,2,168.666667,215.296296
1487,2,180.130435,216.913043
1488,2,184.416667,217.333333
1495,2,84.950000,226.500000
1499,2,108.160000,220.120000
1501,2,113.434783,222.695652
1504,2,132.375000,224.875000
1505,2,137.875000,226.041667
1506,2,136.230769,221.730769
1507,2,146.961538,218.576923
1508,2,147.958333,222.875000
1509,2,152.409091,222.272727
1514,2,181.750000,222.000000
1516,2,185.125000,225.250000
1517,2,76.625000,226.416667
1518,2,80.880000,227.640000
1519,2,88.200000,228.900000
1521,2,100.090909,224.954545
1522,2,104.173913,231.434783
1525,2,118.636364,222.090909
1528,2,130.250000,220.958333
1530,2,142.086957,221.260870
1533,2,161.444444,230.148148
1535,2,163.923077,233.884615
1537,2,174.840000,227.240000
1538,2,179.500000,226.833333
1539,2,92.272727,232.045455
1541,2,101.125000,229.041667
1543,2,106.071429,225.071429
1544,2,112.409091,231.409091
1549,2,135.961538,230.346154
1556,2,169.333333,231.916667
1558,2,99.500000,234.500000
1559,2,104.800000,236.600000
1565,2,134.000000,236.083333
1570,2,158.640000,237.520000
1,1,102.391304,30.347826
3,1,116.227273,22.545455
4,1,121.045455,29.863636
8,1,140.807692,24.807692
11,1,147.533333,27.266667
17,1,103.120000,26.560000
20,1,117.120000,28.400000
21,1,126.136364,25.727273
24,1,143.250000,23.416667
25,1,144.600000,29.280000
27,1,176.000000,36.125000
28,1,163.304348,33.652174
29,1,160.111111,35.037037
30,1,163.000000,26.500000
32,1,87.000000,45.142857
33,1,90.269231,42.269231
35,1,99.964286,35.571429
36,1,107.250000,31.250000
37,1,105.153846,37.076923
40,1,121.590909,25.909091
43,1,141.080000,32.760000
44,1,138.791667,30.291667
48,1,168.291667,31.666667
49,1,159.000000,39.576923
50,1,165.074074,41.777778
52,1,177.730769,33.961538
54,1,71.153846,46.076923
56,1,85.000000,39.160000
59,1,102.000000,39.652174
60,1,109.772727,39.227273
64,1,124.555556,31.185185
68,1,147.384615,37.769231
69,1,150.304348,41.347826
70,1,153.826087,37.826087
71,1,168.458333,28.083333
72,1,163.000000,46.040000
73,1,171.652174,44.260870
74,1,167.148148,34.481481
75,1,174.200000,40.920000
80,1,73.521739,42.086957
83,1,86.583333,44.000000
86,1,108.000000,31.269231
95,1,146.040000,43.600000
97,1,145.392857,42.250000
99,1,169.958333,36.791667
102,1,181.346154,37.346154
104,1,191.956522,42.391304
105,1,185.818182,42.181818
106,1,63.826087,47.217391
107,1,66.086957,42.478261
108,1,67.346154,47.076923
111,1,85.600000,42.880000
112,1,86.833333,36.000000
116,1,108.250000,47.500000
119,1,126.923077,48.807692
120,1,119.190476,52.619048
121,1,130.555556,48.333333
123,1,138.720000,51.920000
124,1,151.500000,52.285714
126,1,143.720000,37.760000
127,1,153.666667,47.583333
128,1,162.888889,53.000000
129,1,178.760000,52.720000
141,1,76.136364,58.727273
143,1,87.136364,56.636364
145,1,96.192308,52.000000
147,1,105.000000,58.652174
148,1,113.125000,56.416667
149,1,113.111111,52.962963
150,1,118.083333,48.750000
152,1,126.964286,45.607143
154,1,141.615385,48.230769
156,1,158.000000,50.250000
157,1,162.280000,57.360000
158,1,167.040000,47.720000
159,1,168.692308,41.692308
160,1,165.227273,55.227273
161,1,172.461538,50.307692
163,1,176.958333,57.166667
164,1,193.956522,54.304348
165,1,190.615385,51.115385
168,1,48.000000,59.192308
169,1,51.400000,57.600000
172,1,73.153846,58.576923
174,1,81.000000,68.925926
175,1,84.700000,62.800000
176,1,83.875000,48.958333
178,1,99.846154,56.038462
180,1,106.680000,66.160000
182,1,121.153846,65.423077
186,1,124.846154,49.730769
187,1,143.269231,56.307692
189,1,147.517241,50.724138
191,1,167.692308,51.230769
193,1,173.360000,59.960000
194,1,182.000000,65.909091
196,1,183.120000,51.680000
198,1,192.375000,57.750000
199,1,200.320000,56.760000
205,1,57.500000,68.192308
207,1,76.480000,68.760000
208,1,64.720000,64.200000
209,1,79.280000,63.600000
210,1,84.000000,60.173913
212,1,88.880000,53.760000
215,1,106.615385,72.538462
217,1,119.375000,57.083333
218,1,111.285714,68.785714
220,1,140.807692,67.307692
222,1,142.769231,52.500000
224,1,155.045455,54.045455
226,1,160.680000,61.840000
228,1,177.407407,66.333333
229,1,175.826087,54.130435
234,1,200.040000,53.320000
237,1,219.400000,71.520000
238,1,48.956522,74.086957
239,1,43.280000,69.880000
241,1,61.888889,69.518519
242,1,67.807692,63.230769
243,1,61.080000,65.680000
246,1,77.500000,72.708333
249,1,96.192308,64.384615
250,1,102.040000,66.560000
251,1,97.826087,67.130435
253,1,121.000000,61.692308
254,1,129.269231,62.923077
255,1,119.840000,69.680000
256,1,127.961538,70.884615
258,1,136.240000,67.840000
261,1,162.583333,65.041667
262,1,163.148148,72.703704
264,1,166.923077,73.346154
265,1,172.259259,63.925926
267,1,185.962963,68.296296
270,1,197.434783,72.217391
272,1,216.962963,67.518519
273,1,211.148148,71.074074
274,1,221.041667,68.416667
275,1,39.520000,71.080000
276,1,37.555556,72.000000
277,1,46.520000,67.720000
279,1,59.615385,75.653846
281,1,67.695652,65.304348
282,1,82.384615,75.615385
283,1,81.800000,74.800000
288,1,103.400000,77.480000
289,1,114.925926,73.666667
290,1,119.200000,77.920000
291,1,121.346154,74.038462
292,1,115.391304,68.086957
293,1,125.692308,66.615385
294,1,131.192308,72.923077
295,1,129.833333,67.875000
298,1,159.615385,70.076923
301,1,171.833333,77.666667
302,1,172.920000,67.640000
303,1,169.115385,73.846154
305,1,193.840000,74.960000
307,1,188.851852,73.962963
310,1,209.840000,73.480000
311,1,215.760000,74.760000
312,1,215.875000,84.791667
313,1,31.833333,81.833333
315,1,48.392857,73.428571
316,1,41.652174,78.130435
318,1,57.423077,78.692308
319,1,63.000000,79.217391
322,1,69.875000,71.500000
323,1,80.360000,76.920000
324,1,79.083333,81.000000
326,1,102.000000,89.666667
328,1,100.560000,70.800000
330,1,102.076923,72.307692
331,1,114.666667,78.291667
332,1,125.884615,76.230769
335,1,151.440000,78.000000
337,1,147.434783,77.130435
339,1,169.920000,73.360000
342,1,179.259259,70.703704
343,1,177.920000,78.680000
345,1,188.875000,70.916667
346,1,200.416667,80.208333
347,1,213.565217,88.521739
348,1,204.000000,74.043478
350,1,214.409091,80.090909
353,1,29.814815,87.666667
355,1,39.769231,78.730769
359,1,57.958333,91.041667
360,1,65.818182,82.500000
363,1,73.727273,75.909091
364,1,83.583333,82.916667
366,1,97.653846,83.076923
367,1,104.160000,95.680000
369,1,109.095238,83.095238
376,1,150.739130,80.130435
377,1,144.640000,80.520000
380,1,174.760000,79.960000
381,1,180.416667,86.541667
382,1,175.814815,85.333333
387,1,205.375000,88.375000
389,1,205.333333,80.208333
390,1,210.400000,91.520000
393,1,34.038462,77.230769
394,1,36.200000,89.320000
396,1,43.807692,90.769231
400,1,62.869565,92.739130
401,1,63.333333,88.541667
402,1,69.040000,85.840000
403,1,66.826087,83.434783
404,1,87.888889,99.888889
406,1,88.391304,87.217391
408,1,110.678571,93.035714
412,1,125.960000,88.440000
413,1,132.880000,85.960000
414,1,128.846154,85.192308
415,1,136.625000,88.166667
417,1,148.000000,83.000000
420,1,166.500000,93.750000
421,1,167.217391,86.739130
422,1,158.740741,88.370370
424,1,186.640000,92.120000
426,1,194.360000,84.440000
427,1,200.125000,76.333333
430,1,200.227273,83.181818
434,1,225.640000,92.520000
435,1,29.925926,86.629630
436,1,31.440000,91.680000
437,1,27.416667,94.458333
439,1,46.666667,98.625000
441,1,59.807692,84.961538
442,1,55.115385,93.884615
446,1,81.080000,88.360000
447,1,86.035714,87.142857
450,1,102.566667,101.833333
451,1,110.461538,99.538462
458,1,142.250000,96.000000
461,1,160.214286,92.678571
463,1,166.250000,90.400000
464,1,174.692308,96.538462
465,1,169.346154,88.307692
467,1,181.407407,96.592593
468,1,188.318182,94.818182
470,1,199.520000,97.920000
472,1,206.269231,83.576923
473,1,216.076923,93.923077
474,1,219.043478,94.434783
475,1,226.863636,88.863636
480,1,44.038462,92.615385
493,1,106.666667,94.083333
494,1,120.407407,101.666667
495,1,115.208333,93.875000
500,1,141.153846,90.615385
502,1,141.960000,109.000000
503,1,156.454545,92.909091
505,1,171.240000,95.280000
506,1,175.333333,89.791667
507,1,174.590909,101.318182
508,1,177.000000,99.238095
512,1,204.111111,102.296296
514,1,211.083333,89.500000
524,1,41.833333,100.833333
525,1,51.800000,106.000000
526,1,46.130435,102.913043
531,1,76.600000,97.080000
533,1,84.500000,93.625000
535,1,101.320000,107.600000
536,1,107.520000,104.560000
537,1,112.130435,98.391304
540,1,117.320000,96.680000
545,1,149.590909,98.681818
546,1,155.875000,98.250000
552,1,180.291667,110.916667
556,1,204.739130,96.434783
557,1,201.600000,101.280000
559,1,225.960000,102.080000
560,1,218.360000,107.640000
561,1,223.461538,112.538462
562,1,235.782609,100.434783
563,1,232.000000,101.863636
565,1,29.304348,109.217391
566,1,29.190476,113.809524
572,1,60.080000,115.000000
573,1,67.807692,103.692308
577,1,85.375000,102.916667
578,1,88.153846,109.115385
580,1,99.428571,107.250000
581,1,109.500000,104.416667
582,1,109.304348,114.695652
583,1,110.800000,106.950000
588,1,146.038462,105.653846
589,1,142.576923,105.576923
592,1,163.115385,113.192308
594,1,180.777778,103.185185
595,1,181.200000,107.720000
597,1,189.680000,111.200000
599,1,197.086957,102.695652
601,1,205.000000,105.818182
604,1,220.000000,110.000000
613,1,50.208333,107.500000
615,1,60.166667,110.541667
620,1,87.320000,106.640000
621,1,99.166667,113.916667
623,1,95.208333,111.666667
624,1,100.708333,119.000000
627,1,122.478261,111.173913
629,1,126.000000,119.520000
630,1,127.440000,116.440000
633,1,143.185185,100.518519
636,1,152.250000,112.208333
640,1,182.740741,113.370370
641,1,187.666667,119.416667
644,1,206.520000,108.640000
646,1,208.333333,120.791667
648,1,223.520000,103.760000
650,1,230.041667,116.333333
652,1,25.000000,130.434783
654,1,37.320000,121.240000
656,1,45.038462,118.192308
658,1,48.259259,120.777778
660,1,60.640000,109.840000
662,1,74.500000,116.250000
667,1,92.478261,106.913043
668,1,97.038462,116.076923
669,1,104.333333,115.291667
670,1,107.360000,122.760000
672,1,115.392857,116.464286
673,1,118.240000,111.640000
674,1,130.652174,124.913043
677,1,145.000000,111.384615
678,1,151.434783,116.826087
679,1,153.280000,123.520000
680,1,156.240000,117.800000
682,1,173.360000,134.680000
683,1,169.750000,114.291667
685,1,187.217391,114.391304
688,1,204.320000,125.120000
689,1,204.000000,118.840000
691,1,214.080000,116.720000
695,1,234.714286,121.380952
699,1,42.827586,133.000000
701,1,40.000000,126.521739
704,1,58.518519,119.666667
710,1,87.833333,125.416667
713,1,109.730769,121.884615
715,1,120.760000,123.320000
716,1,121.260870,120.913043
717,1,119.916667,116.250000
718,1,125.560000,126.720000
721,1,145.884615,117.269231
722,1,156.730769,127.423077
724,1,166.777778,118.407407
726,1,169.814815,122.740741
727,1,174.407407,123.037037
729,1,183.681818,120.000000
730,1,193.560000,122.360000
731,1,187.521739,119.173913
732,1,190.565217,124.913043
733,1,204.615385,114.692308
734,1,198.720000,124.200000
735,1,215.000000,128.538462
736,1,225.360000,125.760000
738,1,226.875000,117.541667
741,1,26.280000,133.000000
743,1,39.400000,134.240000
744,1,44.888889,122.888889
746,1,56.520000,126.800000
748,1,71.900000,124.833333
750,1,76.166667,127.541667
751,1,77.521739,129.478261
753,1,86.400000,134.280000
754,1,90.826087,130.478261
757,1,103.840000,123.120000
759,1,122.043478,119.695652
760,1,130.730769,122.884615
762,1,137.708333,128.791667
763,1,148.384615,126.384615
765,1,149.880000,121.600000
766,1,157.208333,113.041667
767,1,155.038462,124.692308
769,1,173.041667,118.208333
770,1,175.440000,129.520000
771,1,184.307692,125.653846
772,1,180.391304,129.086957
773,1,188.076923,128.846154
776,1,199.695652,120.782609
777,1,211.217391,123.086957
778,1,208.760000,127.680000
781,1,229.629630,121.555556
784,1,28.125000,137.875000
785,1,21.318182,133.636364
788,1,44.954545,124.909091
790,1,59.961538,127.961538
792,1,63.035714,136.107143
793,1,69.826087,141.217391
797,1,86.583333,129.416667
800,1,105.041667,134.291667
807,1,139.192308,130.884615
808,1,136.260870,124.739130
810,1,150.115385,134.576923
811,1,154.230769,132.000000
813,1,161.041667,140.541667
815,1,177.652174,135.000000
816,1,185.291667,146.291667
817,1,182.923077,141.115385
819,1,199.629630,132.000000
820,1,191.272727,136.772727
822,1,215.500000,123.000000
823,1,213.541667,134.500000
824,1,224.814815,130.518519
825,1,228.111111,122.407407
827,1,232.480000,134.040000
828,1,22.814815,139.518519
831,1,45.739130,134.608696
832,1,50.652174,141.434783
833,1,48.642857,132.642857
836,1,65.357143,139.285714
837,1,61.240000,144.280000
840,1,82.727273,127.863636
841,1,90.863636,134.727273
842,1,83.461538,140.461538
843,1,103.400000,138.800000
844,1,96.586207,135.103448
845,1,103.250000,136.208333
848,1,119.370370,127.814815
849,1,124.565217,143.695652
853,1,148.291667,132.916667
855,1,150.600000,146.720000
857,1,172.115385,127.576923
858,1,179.153846,141.576923
859,1,181.384615,135.884615
861,1,190.869565,140.695652
862,1,201.148148,137.222222
863,1,199.541667,130.791667
866,1,210.583333,130.041667
873,1,26.960000,152.120000
874,1,28.518519,143.518519
877,1,47.782609,144.956522
880,1,73.375000,145.833333
882,1,77.461538,142.000000
883,1,74.166667,139.333333
884,1,84.166667,143.750000
893,1,123.346154,143.884615
894,1,134.000000,139.600000
896,1,142.160000,143.480000
899,1,164.115385,133.423077
900,1,154.458333,142.958333
901,1,168.269231,138.576923
902,1,165.200000,139.240000
903,1,173.120000,136.600000
904,1,177.791667,144.625000
905,1,190.222222,144.777778
906,1,186.500000,139.125000
908,1,203.040000,142.800000
909,1,196.440000,138.600000
910,1,213.739130,143.521739
911,1,213.961538,140.115385
912,1,220.923077,146.269231
913,1,223.208333,140.375000
914,1,225.038462,145.730769
917,1,32.160000,141.440000
918,1,35.769231,146.153846
919,1,41.333333,150.037037
920,1,52.185185,151.222222
921,1,44.880000,142.520000
923,1,60.720000,148.240000
924,1,61.192308,145.500000
925,1,69.608696,147.869565
926,1,78.478261,149.826087
929,1,84.076923,138.538462
931,1,101.086957,151.913043
932,1,97.153846,146.807692
933,1,109.545455,137.545455
935,1,125.125000,155.458333
936,1,123.500000,150.346154
937,1,129.769231,145.576923
939,1,134.916667,145.625000
940,1,137.375000,144.541667
941,1,142.600000,149.720000
943,1,158.875000,146.583333
946,1,173.000000,151.320000
947,1,172.320000,142.080000
948,1,172.888889,146.148148
950,1,183.153846,149.307692
955,1,215.080000,146.160000
956,1,219.500000,141.909091
959,1,234.576923,150.884615
960,1,26.625000,152.083333
965,1,44.172414,145.068966
967,1,59.875000,154.166667
968,1,61.956522,157.130435
971,1,76.269231,154.153846
972,1,77.565217,157.086957
973,1,92.875000,147.583333
975,1,101.153846,148.346154
976,1,104.739130,143.521739
980,1,128.920000,141.400000
981,1,120.136364,149.727273
985,1,128.080000,139.040000
986,1,155.041667,148.500000
987,1,150.600000,148.680000
989,1,172.391304,155.782609
991,1,170.666667,157.000000
992,1,178.000000,149.916667
993,1,177.083333,154.041667
996,1,205.916667,146.625000
997,1,220.391304,151.304348
998,1,219.041667,168.791667
999,1,214.291667,149.166667
1000,1,221.040000,152.560000
1001,1,222.238095,156.333333
1002,1,226.869565,151.782609
1003,1,236.280000,152.280000
1005,1,31.037037,157.333333
1007,1,38.791667,161.458333
1011,1,58.782609,153.782609
1012,1,60.440000,162.400000
1013,1,60.739130,170.391304
1015,1,74.730769,160.000000
1018,1,91.518519,160.407407
1019,1,95.360000,151.560000
1021,1,113.307692,162.384615
1024,1,125.600000,159.520000
1025,1,123.958333,159.375000
1031,1,157.640000,152.760000
1033,1,168.440000,152.640000
1038,1,190.347826,155.956522
1040,1,205.269231,150.692308
1043,1,218.692308,162.346154
1044,1,224.863636,159.772727
1045,1,214.434783,154.608696
1046,1,230.370370,150.333333
1047,1,233.083333,158.708333
1049,1,30.291667,160.166667
1051,1,48.681818,163.363636
1052,1,54.153846,164.500000
1055,1,62.541667,151.291667
1056,1,64.208333,173.166667
1057,1,84.730769,174.384615
1058,1,70.391304,170.130435
1061,1,93.730769,154.807692
1063,1,107.583333,159.708333
1064,1,100.440000,156.920000
1065,1,117.739130,160.043478
1066,1,110.142857,170.571429
1067,1,123.814815,163.185185
1071,1,150.791667,165.958333
1072,1,155.000000,162.166667
1073,1,149.608696,159.478261
1074,1,155.142857,157.071429
1076,1,165.041667,159.250000
1079,1,187.583333,158.375000
1080,1,184.960000,164.640000
1085,1,208.000000,161.916667
1086,1,215.458333,158.791667
1088,1,211.692308,165.576923
1089,1,231.357143,157.357143
1090,1,229.458333,169.791667
1094,1,51.833333,167.500000
1095,1,44.208333,167.166667
1096,1,62.076923,166.076923
1097,1,60.071429,164.035714
1098,1,72.791667,167.875000
1100,1,76.619048,173.238095
1102,1,78.208333,163.500000
1104,1,96.000000,159.640000
1108,1,103.000000,168.666667
1111,1,139.038462,179.307692
1113,1,142.600000,158.200000
1114,1,139.846154,166.192308
1115,1,145.962963,167.148148
1116,1,143.692308,164.615385
1117,1,156.640000,165.400000
1120,1,168.730769,171.076923
1122,1,185.142857,165.464286
1123,1,185.851852,170.111111
1128,1,213.125000,160.708333
1129,1,216.080000,169.360000
1130,1,226.000000,171.250000
1131,1,219.480000,172.880000
1133,1,32.600000,171.960000
1134,1,30.363636,178.227273
1136,1,37.083333,176.791667
1137,1,47.458333,165.666667
1138,1,47.166667,175.750000
1141,1,67.884615,174.307692
1142,1,77.259259,168.740741
1143,1,84.920000,167.680000
1144,1,84.217391,168.782609
1147,1,100.916667,172.791667
1148,1,114.448276,176.620690
1149,1,100.821429,178.428571
1150,1,113.400000,169.480000
1152,1,119.600000,175.120000
1154,1,134.833333,176.958333
1156,1,140.478261,183.347826
1158,1,147.538462,160.192308
1159,1,154.086957,168.086957
1161,1,164.692308,171.500000
1162,1,175.360000,171.400000
1163,1,185.304348,175.086957
1166,1,196.500000,173.807692
1167,1,190.640000,174.400000
1172,1,218.000000,181.961538
1173,1,227.666667,158.185185
1175,1,36.875000,178.583333
1177,1,42.043478,164.086957
1182,1,67.375000,167.583333
1186,1,87.166667,186.166667
1187,1,88.291667,173.125000
1189,1,94.416667,173.333333
1190,1,108.076923,175.230769
1192,1,109.040000,177.280000
1193,1,120.928571,180.642857
1194,1,128.708333,179.208333
1195,1,130.041667,175.416667
1196,1,140.769231,170.884615
1201,1,160.043478,177.086957
1203,1,168.000000,172.500000
1205,1,179.640000,174.760000
1207,1,196.956522,181.478261
1208,1,194.769231,177.615385
1209,1,188.678571,169.571429
1212,1,217.720000,177.800000
1213,1,223.923077,179.730769
1214,1,222.115385,164.538462
1215,1,31.700000,174.450000
1218,1,49.083333,182.500000
1219,1,44.076923,179.076923
1223,1,78.636364,183.227273
1224,1,81.500000,187.166667
1225,1,88.041667,179.625000
1226,1,83.600000,180.640000
1228,1,106.391304,171.695652
1229,1,100.434783,172.086957
1231,1,115.880000,183.840000
1232,1,116.320000,183.560000
1234,1,125.625000,175.166667
1237,1,138.400000,174.360000
1239,1,150.000000,182.444444
1240,1,162.434783,181.434783
1241,1,175.625000,187.166667
1242,1,168.333333,194.259259
1243,1,171.037037,179.851852
1247,1,191.720000,185.840000
1248,1,192.375000,178.958333
1251,1,214.038462,177.576923
1252,1,209.538462,180.423077
1253,1,223.375000,174.916667
1254,1,228.200000,177.640000
1255,1,35.730769,188.692308
1259,1,59.181818,185.727273
1260,1,73.347826,176.782609
1261,1,67.461538,191.846154
1264,1,82.565217,182.652174
1270,1,117.416667,191.208333
1271,1,111.434783,191.739130
1273,1,125.560000,189.360000
1276,1,143.875000,188.750000
1277,1,145.560000,185.320000
1281,1,162.791667,197.208333
1282,1,165.000000,183.916667
1283,1,177.791667,183.875000
1285,1,187.560000,191.960000
1288,1,207.960000,192.080000
1291,1,214.347826,184.521739
1293,1,38.478261,186.434783
1294,1,42.923077,192.961538
1296,1,53.517241,183.793103
1300,1,70.000000,185.739130
1303,1,96.250000,193.833333
1304,1,88.272727,191.272727
1305,1,91.750000,189.125000
1306,1,104.925926,197.037037
1307,1,104.080000,192.920000
1308,1,115.333333,181.761905
1310,1,117.375000,195.583333
1311,1,123.521739,192.086957
1313,1,148.041667,200.333333
1315,1,153.520000,192.400000
1317,1,157.727273,201.363636
1318,1,160.920000,189.160000
1319,1,169.965517,184.275862
1320,1,173.307692,198.000000
1321,1,173.576923,188.807692
1324,1,192.461538,193.230769
1327,1,213.500000,196.541667
1328,1,212.560000,186.840000
1329,1,216.120000,189.160000
1332,1,42.607143,189.428571
1333,1,53.913043,198.130435
1334,1,56.583333,197.166667
1337,1,70.777778,194.259259
1341,1,91.391304,195.086957
1342,1,97.958333,195.250000
1344,1,112.739130,188.869565
1346,1,111.500000,202.384615
1347,1,122.166667,195.208333
1352,1,160.720000,194.680000
1353,1,147.833333,194.416667
1354,1,150.730769,195.692308
1356,1,161.304348,190.521739
1359,1,183.111111,196.925926
1360,1,187.541667,197.250000
1361,1,190.777778,191.407407
1364,1,212.269231,193.576923
1365,1,217.800000,195.720000
1370,1,58.444444,199.296296
1378,1,90.777778,210.740741
1380,1,107.739130,194.913043
1381,1,115.840000,199.000000
1384,1,132.520000,200.800000
1385,1,135.217391,204.782609
1386,1,142.000000,203.481481
1387,1,146.040000,207.200000
1389,1,152.652174,201.521739
1391,1,176.615385,204.307692
1392,1,168.000000,199.851852
1394,1,173.322581,203.967742
1398,1,211.440000,196.080000
1402,1,60.375000,201.583333
1403,1,64.600000,208.040000
1406,1,74.083333,210.208333
1407,1,95.259259,208.740741
1408,1,86.640000,219.480000
1409,1,94.518519,210.814815
1410,1,105.423077,193.230769
1411,1,103.083333,215.541667
1413,1,111.541667,206.583333
1414,1,114.814815,202.222222
1415,1,119.440000,202.760000
1418,1,139.000000,204.500000
1419,1,142.615385,199.192308
1420,1,138.956522,201.173913
1422,1,153.791667,196.958333
1424,1,167.041667,189.208333
1427,1,174.130435,210.782609
1430,1,199.296296,210.592593
1431,1,202.115385,204.538462
1432,1,205.807692,201.192308
1433,1,66.692308,209.769231
1434,1,64.625000,215.375000
1436,1,74.750000,219.166667
1437,1,71.000000,215.454545
1438,1,79.960000,212.680000
1439,1,80.772727,204.272727
1441,1,91.800000,224.600000
1443,1,114.814815,210.740741
1444,1,110.037037,214.037037
1445,1,118.130435,207.478261
1446,1,118.695652,212.826087
1450,1,151.607143,203.892857
1454,1,162.925926,226.296296
1456,1,170.346154,207.692308
1457,1,165.200000,209.840000
1458,1,192.615385,210.653846
1460,1,198.370370,204.777778
1463,1,73.954545,215.454545
1464,1,64.730769,218.038462
1465,1,80.230769,217.807692
1467,1,88.291667,214.750000
1468,1,86.291667,213.833333
1469,1,93.476190,221.095238
1471,1,94.321429,215.892857
1472,1,105.857143,213.904762
1475,1,123.076923,212.269231
1477,1,133.500000,215.192308
1478,1,137.333333,217.208333
1480,1,139.720000,207.440000
1483,1,160.120000,219.680000
1486,1,181.833333,212.333333
1489,1,195.076923,206.307692
1490,1,188.080000,213.400000
1491,1,77.541667,209.791667
1492,1,78.130435,222.043478
1493,1,82.480000,221.760000
1494,1,81.565217,208.043478
1496,1,86.708333,222.541667
1497,1,101.400000,209.160000
1498,1,103.269231,220.423077
1500,1,109.181818,227.636364
1502,1,122.111111,216.666667
1503,1,125.000000,221.833333
1510,1,165.115385,219.615385
1511,1,175.750000,222.083333
1512,1,174.416667,213.166667
1513,1,176.000000,216.571429
1515,1,188.208333,219.250000
1520,1,102.958333,213.666667
1523,1,114.250000,227.208333
1524,1,122.080000,232.920000
1526,1,130.782609,228.739130
1527,1,129.440000,234.040000
1529,1,143.923077,225.730769
1531,1,147.730769,229.961538
1532,1,157.269231,223.500000
1534,1,167.200000,221.840000
1536,1,169.545455,225.409091
1540,1,95.333333,225.166667
1542,1,108.958333,233.083333
1545,1,116.481481,236.666667
1546,1,120.920000,236.320000
1547,1,125.269231,228.153846
1548,1,143.333333,229.750000
1550,1,148.000000,236.000000
1551,1,157.192308,223.423077
1552,1,140.576923,233.153846
1553,1,151.347826,228.130435
1554,1,155.760000,231.040000
1555,1,168.956522,227.608696
1557,1,95.652174,230.217391
1560,1,113.000000,235.730769
1561,1,117.916667,229.041667
1562,1,122.481481,227.037037
1563,1,127.750000,236.250000
1564,1,124.791667,228.958333
1566,1,139.240000,234.880000
1567,1,150.583333,233.041667
1568,1,146.681818,236.636364
1569,1,156.250000,235.375000
