ID,type,x COM, y COM
2,2,113.157895,24.736842
5,2,122.695652,21.000000
6,2,127.333333,20.500000
7,2,132.760000,20.280000
9,2,136.304348,22.565217
10,2,151.083333,22.500000
12,2,155.640000,24.640000
13,2,85.625000,28.625000
14,2,89.590909,27.409091
15,2,98.000000,28.925926
16,2,94.166667,26.708333
18,2,109.416667,24.958333
19,2,115.384615,29.115385
22,2,131.961538,25.192308
23,2,135.692308,29.461538
26,2,154.038462,29.500000
31,2,78.600000,34.760000
34,2,90.000000,32.480000
38,2,113.909091,34.136364
39,2,117.521739,35.608696
41,2,130.120000,29.840000
42,2,133.636364,33.863636
45,2,150.640000,34.680000
46,2,154.590909,33.409091
47,2,159.000000,28.538462
51,2,173.173913,29.478261
53,2,74.772727,36.727273
55,2,84.076923,32.576923
57,2,96.791667,36.833333
58,2,94.434783,32.608696
61,2,116.240000,40.120000
62,2,123.391304,40.217391
63,2,122.681818,36.636364
65,2,128.708333,36.416667
66,2,136.041667,37.791667
67,2,139.040000,32.360000
76,2,190.217391,38.347826
77,2,194.884615,40.153846
78,2,64.080000,40.240000
79,2,70.260870,39.652174
81,2,78.280000,45.080000
82,2,80.666667,39.833333
84,2,96.440000,41.480000
85,2,98.769231,45.576923
87,2,104.125000,43.458333
88,2,111.730769,39.769231
89,2,116.500000,44.772727
90,2,120.791667,43.541667
91,2,128.480000,41.120000
92,2,132.760000,41.560000
93,2,138.153846,41.807692
94,2,138.227273,45.818182
96,2,150.833333,39.708333
98,2,155.333333,42.125000
100,2,176.080000,46.080000
101,2,181.080000,41.560000
103,2,186.291667,37.041667
109,2,74.625000,49.083333
110,2,78.692308,51.423077
113,2,93.086957,45.521739
114,2,100.666667,50.666667
115,2,104.380952,48.333333
117,2,106.250000,52.500000
118,2,112.478261,47.217391
122,2,134.240000,48.840000
125,2,152.434783,56.086957
130,2,180.583333,47.000000
131,2,184.500000,48.500000
132,2,188.380952,47.380952
133,2,193.000000,47.200000
134,2,197.720000,49.600000
135,2,197.916667,45.000000
136,2,57.115385,53.692308
137,2,60.760000,52.240000
138,2,63.720000,50.040000
139,2,66.807692,55.307692
140,2,69.923077,52.230769
142,2,80.476190,56.476190
144,2,95.250000,49.541667
146,2,102.115385,56.807692
151,2,123.347826,55.173913
153,2,135.769231,53.192308
155,2,152.000000,59.681818
162,2,179.913043,57.434783
166,2,203.583333,49.208333
167,2,204.333333,53.958333
170,2,56.840000,58.160000
171,2,62.791667,58.083333
173,2,74.958333,55.083333
177,2,91.240000,56.160000
179,2,107.851852,57.074074
181,2,112.173913,59.608696
183,2,131.111111,56.592593
184,2,127.416667,57.541667
185,2,136.481481,57.629630
188,2,146.400000,61.160000
190,2,157.521739,59.434783
192,2,166.615385,62.576923
195,2,180.400000,61.760000
197,2,185.153846,58.576923
200,2,202.520000,63.520000
201,2,202.720000,58.720000
202,2,41.045455,65.000000
203,2,47.346154,63.846154
204,2,54.652174,62.347826
206,2,61.083333,62.083333
211,2,88.407407,64.740741
213,2,95.920000,59.160000
214,2,101.666667,60.875000
216,2,115.652174,61.739130
219,2,132.583333,61.750000
221,2,141.416667,62.083333
223,2,150.320000,64.400000
225,2,154.923077,64.192308
227,2,164.727273,66.090909
230,2,185.461538,63.884615
231,2,189.500000,58.954545
232,2,194.750000,64.875000
233,2,198.375000,62.916667
235,2,208.269231,59.500000
236,2,215.304348,63.217391
240,2,52.000000,66.458333
244,2,71.695652,61.391304
245,2,74.960000,65.080000
247,2,93.565217,68.913043
248,2,90.826087,61.000000
252,2,109.259259,62.703704
257,2,137.826087,62.000000
259,2,144.800000,65.680000
260,2,154.409091,68.590909
263,2,163.869565,70.130435
266,2,183.000000,71.640000
268,2,190.125000,64.375000
269,2,198.960000,69.040000
271,2,211.086957,65.217391
278,2,50.720000,72.480000
280,2,65.384615,73.961538
284,2,86.000000,71.000000
285,2,87.583333,75.250000
286,2,90.541667,70.416667
287,2,96.320000,77.720000
296,2,145.260870,71.000000
297,2,149.080000,70.360000
299,2,153.272727,72.136364
300,2,160.931034,78.724138
304,2,181.880000,76.720000
306,2,192.208333,68.958333
308,2,205.043478,68.130435
309,2,206.818182,64.000000
314,2,39.304348,82.173913
317,2,52.545455,76.227273
320,2,63.153846,77.461538
321,2,68.285714,78.619048
325,2,95.190476,73.952381
327,2,105.958333,78.083333
329,2,111.080000,77.480000
333,2,138.600000,72.600000
334,2,136.400000,76.880000
336,2,143.047619,75.333333
338,2,155.500000,79.500000
340,2,165.111111,82.518519
341,2,172.782609,80.130435
344,2,187.576923,80.692308
349,2,213.043478,77.391304
351,2,222.541667,77.666667
352,2,223.681818,81.181818
354,2,39.240000,86.680000
356,2,47.739130,76.869565
357,2,47.240000,82.600000
358,2,52.269231,81.692308
361,2,78.680000,84.640000
362,2,72.846154,86.807692
365,2,95.346154,82.307692
368,2,104.347826,82.000000
370,2,120.083333,82.916667
371,2,124.307692,80.730769
372,2,128.500000,79.727273
373,2,132.454545,78.090909
374,2,135.541667,82.000000
375,2,140.769231,79.384615
378,2,155.208333,84.625000
379,2,160.217391,83.608696
383,2,182.192308,80.923077
384,2,182.521739,85.086957
385,2,192.269231,82.692308
386,2,192.869565,77.739130
388,2,212.916667,82.458333
391,2,217.833333,83.708333
392,2,231.181818,87.136364
395,2,40.461538,91.115385
397,2,44.259259,86.666667
398,2,50.920000,86.800000
399,2,54.120000,89.480000
405,2,91.200000,77.440000
407,2,93.708333,87.291667
409,2,103.521739,87.217391
410,2,113.952381,83.476190
411,2,119.608696,87.652174
416,2,140.920000,84.840000
418,2,144.653846,89.615385
419,2,151.440000,89.600000
423,2,183.269231,96.538462
425,2,189.772727,86.000000
428,2,195.217391,88.000000
429,2,199.818182,88.681818
431,2,220.681818,89.454545
432,2,221.600000,85.600000
433,2,226.541667,85.583333
438,2,39.833333,96.666667
440,2,49.320000,91.440000
443,2,64.807692,94.884615
444,2,72.458333,93.750000
445,2,76.160000,89.120000
448,2,94.375000,92.250000
449,2,98.250000,90.166667
452,2,109.080000,86.120000
453,2,115.440000,87.120000
454,2,121.000000,93.600000
455,2,124.037037,89.555556
456,2,126.761905,94.333333
457,2,136.583333,91.166667
459,2,145.909091,95.363636
460,2,152.666667,91.166667
462,2,163.000000,96.736842
466,2,181.041667,90.125000
469,2,190.826087,90.652174
471,2,204.200000,91.960000
476,2,228.375000,90.125000
477,2,30.000000,99.500000
478,2,28.440000,95.880000
479,2,34.960000,96.120000
481,2,48.409091,96.000000
482,2,55.434783,97.521739
483,2,57.761905,102.142857
484,2,60.750000,98.875000
485,2,65.750000,99.708333
486,2,69.958333,96.875000
487,2,79.800000,94.120000
488,2,79.391304,100.478261
489,2,89.666667,90.523810
490,2,89.625000,95.666667
491,2,94.000000,97.000000
492,2,100.653846,95.384615
496,2,122.961538,98.538462
497,2,131.391304,97.217391
498,2,132.227273,92.318182
499,2,135.625000,97.125000
501,2,149.478261,94.652174
504,2,160.520000,99.040000
509,2,188.550000,97.650000
510,2,192.454545,98.727273
511,2,199.428571,93.142857
513,2,207.296296,96.185185
515,2,217.916667,103.916667
516,2,221.818182,97.727273
517,2,226.360000,97.120000
518,2,232.000000,97.583333
519,2,235.857143,95.619048
520,2,23.708333,107.916667
521,2,24.260870,104.304348
522,2,29.678571,104.392857
523,2,35.000000,101.173913
527,2,52.541667,100.041667
528,2,62.840000,105.440000
529,2,69.260870,102.391304
530,2,74.538462,100.538462
532,2,81.370370,104.518519
534,2,90.476190,101.095238
538,2,115.227273,104.727273
539,2,120.720000,105.760000
541,2,128.043478,98.608696
542,2,130.115385,103.923077
543,2,136.692308,107.576923
544,2,135.240000,102.760000
547,2,156.125000,102.041667
548,2,160.925926,104.259259
549,2,167.880000,101.080000
550,2,171.666667,105.500000
551,2,177.111111,107.185185
553,2,185.720000,102.360000
554,2,190.869565,102.826087
555,2,193.480000,93.360000
558,2,212.200000,99.320000
564,2,21.500000,112.500000
567,2,35.521739,105.434783
568,2,40.153846,105.807692
569,2,46.521739,110.826087
570,2,55.750000,114.000000
571,2,58.653846,106.230769
574,2,72.560000,105.560000
575,2,76.782609,106.086957
576,2,79.920000,110.600000
579,2,96.160000,99.640000
584,2,125.400000,103.320000
585,2,132.136364,108.272727
586,2,131.105263,112.421053
587,2,135.791667,113.458333
590,2,151.772727,103.500000
591,2,160.000000,109.520000
593,2,165.875000,104.375000
596,2,187.640000,108.520000
598,2,193.750000,106.708333
600,2,203.708333,110.041667
602,2,213.173913,104.391304
603,2,217.208333,108.250000
605,2,229.000000,106.409091
606,2,233.826087,110.000000
607,2,237.407407,106.703704
608,2,24.518519,116.740741
609,2,30.040000,117.160000
610,2,32.291667,109.375000
611,2,37.080000,110.160000
612,2,43.347826,115.565217
614,2,49.384615,114.576923
616,2,65.192308,111.076923
617,2,70.590909,110.090909
618,2,70.880000,114.960000
619,2,74.916667,111.666667
622,2,90.961538,111.192308
625,2,107.083333,109.916667
626,2,111.833333,110.916667
628,2,126.291667,107.875000
631,2,140.000000,112.521739
632,2,140.380952,117.285714
634,2,151.500000,110.115385
635,2,155.727273,106.590909
637,2,165.375000,109.250000
638,2,171.478261,109.173913
639,2,177.280000,112.560000
642,2,195.380952,110.476190
643,2,199.375000,109.041667
645,2,208.125000,111.875000
647,2,212.230769,109.576923
649,2,228.240000,110.480000
651,2,237.500000,113.708333
653,2,27.440000,121.600000
655,2,36.304348,118.173913
657,2,42.640000,110.200000
659,2,56.954545,117.727273
661,2,65.375000,116.958333
663,2,79.230769,115.423077
664,2,84.750000,117.750000
665,2,84.920000,112.680000
666,2,89.000000,114.913043
671,2,113.608696,120.434783
675,2,132.720000,117.680000
676,2,146.227273,123.272727
681,2,165.090909,117.500000
684,2,177.565217,117.565217
686,2,195.280000,113.960000
687,2,200.142857,115.000000
690,2,212.080000,115.320000
692,2,215.400000,122.400000
693,2,222.428571,117.619048
694,2,231.185185,114.185185
696,2,23.480000,122.120000
697,2,30.291667,125.708333
698,2,33.000000,120.700000
700,2,37.875000,114.416667
702,2,53.217391,128.478261
703,2,53.130435,118.782609
705,2,68.920000,119.680000
706,2,61.590909,127.409091
707,2,77.423077,122.961538
708,2,79.136364,119.136364
709,2,87.857143,122.142857
711,2,91.800000,120.240000
712,2,97.666667,121.500000
714,2,112.347826,125.086957
719,2,136.916667,119.708333
720,2,142.076923,122.346154
723,2,161.440000,120.320000
725,2,165.640000,123.440000
728,2,179.960000,123.720000
737,2,219.240000,121.840000
739,2,231.875000,117.500000
740,2,21.826087,129.217391
742,2,38.782609,128.434783
745,2,48.360000,127.360000
747,2,66.086957,127.086957
749,2,65.000000,122.833333
752,2,83.083333,122.916667
755,2,93.391304,124.565217
756,2,107.571429,126.428571
758,2,111.608696,129.521739
761,2,129.208333,128.208333
764,2,144.583333,128.208333
768,2,161.545455,125.863636
774,2,189.923077,134.615385
775,2,196.000000,128.666667
779,2,219.076923,127.269231
780,2,217.136364,130.636364
782,2,232.652174,134.260870
783,2,234.880000,125.920000
786,2,31.520000,130.200000
787,2,37.000000,131.708333
789,2,53.782609,135.739130
791,2,58.962963,130.851852
794,2,66.000000,131.875000
795,2,69.826087,126.043478
796,2,80.958333,134.291667
798,2,97.409091,130.590909
799,2,99.640000,126.760000
801,2,107.363636,132.363636
802,2,112.440000,133.800000
803,2,116.652174,130.173913
804,2,121.153846,137.653846
805,2,121.130435,132.086957
806,2,132.695652,126.739130
809,2,142.791667,132.916667
812,2,162.080000,130.320000
814,2,167.800000,132.880000
818,2,192.160000,129.880000
821,2,206.041667,132.458333
826,2,232.807692,130.961538
829,2,32.040000,134.120000
830,2,36.090909,136.545455
834,2,53.250000,132.250000
835,2,59.571429,135.761905
838,2,71.760000,131.840000
839,2,76.500000,134.500000
846,2,112.826087,137.869565
847,2,117.370370,137.000000
850,2,130.500000,133.750000
851,2,136.629630,132.444444
852,2,143.434783,137.826087
854,2,151.650000,138.550000
856,2,157.840000,133.560000
860,2,186.500000,131.076923
864,2,203.120000,137.520000
865,2,208.086957,136.217391
867,2,220.625000,136.583333
868,2,221.615385,132.192308
869,2,225.952381,136.095238
870,2,226.040000,141.040000
871,2,234.521739,139.434783
872,2,22.391304,143.739130
875,2,35.708333,140.958333
876,2,40.291667,143.833333
878,2,55.782609,139.608696
879,2,60.541667,141.541667
881,2,68.840000,143.880000
885,2,86.153846,146.846154
886,2,95.086957,137.304348
887,2,98.454545,139.000000
888,2,96.920000,145.520000
889,2,108.846154,143.846154
890,2,114.043478,142.391304
891,2,118.217391,148.086957
892,2,119.520000,144.760000
895,2,137.920000,137.080000
897,2,148.125000,139.041667
898,2,156.321429,137.892857
907,2,195.500000,145.500000
915,2,236.083333,146.083333
916,2,22.000000,149.173913
922,2,56.500000,144.250000
927,2,73.541667,149.791667
928,2,81.260870,147.043478
930,2,93.782609,141.521739
934,2,112.840000,147.040000
938,2,136.038462,151.961538
942,2,143.760000,148.720000
944,2,162.391304,149.434783
945,2,162.458333,145.583333
949,2,189.434783,150.521739
951,2,194.720000,150.160000
952,2,200.423077,142.653846
953,2,206.880000,141.000000
954,2,211.421053,150.526316
957,2,225.916667,145.916667
958,2,230.740741,143.370370
961,2,32.772727,151.590909
962,2,35.791667,145.833333
963,2,36.916667,150.291667
964,2,38.130435,156.826087
966,2,49.560000,152.200000
969,2,69.304348,152.652174
970,2,72.450000,155.550000
974,2,89.250000,152.250000
977,2,107.444444,149.925926
978,2,111.960000,152.320000
979,2,116.347826,151.217391
982,2,130.720000,151.360000
983,2,142.214286,152.321429
984,2,137.625000,157.916667
988,2,162.250000,154.791667
990,2,167.391304,146.869565
994,2,196.958333,153.708333
995,2,199.590909,148.818182
1004,2,21.916667,154.833333
1006,2,34.333333,157.000000
1008,2,43.652174,156.391304
1009,2,40.500000,152.590909
1010,2,48.961538,156.038462
1014,2,67.480000,156.720000
1016,2,85.360000,152.360000
1017,2,89.692308,157.923077
1020,2,108.260870,155.739130
1022,2,115.615385,158.807692
1023,2,117.739130,155.000000
1026,2,132.600000,156.720000
1027,2,139.904762,154.523810
1028,2,137.217391,163.086957
1029,2,147.761905,152.952381
1030,2,151.296296,156.185185
1032,2,159.800000,158.280000
1034,2,171.521739,161.565217
1035,2,175.916667,160.291667
1036,2,180.708333,156.041667
1037,2,182.750000,151.000000
1039,2,197.307692,158.500000
1041,2,201.840000,154.080000
1042,2,208.761905,157.619048
1048,2,25.730769,157.576923
1050,2,34.520000,163.320000
1053,2,54.818182,155.409091
1054,2,54.916667,158.958333
1059,2,84.809524,157.904762
1060,2,87.826087,163.000000
1062,2,97.043478,162.695652
1068,2,126.769231,169.269231
1069,2,128.560000,164.080000
1070,2,133.520000,162.720000
1075,2,163.818182,161.181818
1077,2,171.217391,166.826087
1078,2,182.370370,161.444444
1081,2,191.818182,160.181818
1082,2,194.440000,164.120000
1083,2,201.863636,160.363636
1084,2,205.076923,158.000000
1087,2,231.869565,165.478261
1091,2,28.047619,162.428571
1092,2,33.181818,166.818182
1093,2,42.428571,167.857143
1099,2,67.250000,162.958333
1101,2,82.909091,161.136364
1103,2,91.153846,168.884615
1105,2,100.136364,166.318182
1106,2,107.000000,161.000000
1107,2,105.727273,165.954545
1109,2,116.625000,164.500000
1110,2,122.653846,167.115385
1112,2,132.083333,167.833333
1118,2,160.958333,165.708333
1119,2,166.360000,165.120000
1121,2,175.384615,166.000000
1124,2,190.555556,166.148148
1125,2,198.875000,168.166667
1126,2,199.150000,163.750000
1127,2,203.560000,165.640000
1132,2,231.608696,169.869565
1135,2,41.142857,174.380952
1139,2,53.538462,172.730769
1140,2,59.125000,171.166667
1145,2,88.619048,171.952381
1146,2,94.000000,165.583333
1151,2,116.913043,169.086957
1153,2,118.608696,173.956522
1155,2,134.760000,171.360000
1157,2,152.884615,170.692308
1160,2,158.260870,177.086957
1164,2,179.720000,165.360000
1165,2,186.192308,178.692308
1168,2,199.541667,173.541667
1169,2,207.851852,167.962963
1170,2,203.851852,171.666667
1171,2,211.750000,169.083333
1174,2,230.739130,174.000000
1176,2,43.761905,171.904762
1178,2,48.000000,175.000000
1179,2,53.458333,177.125000
1180,2,58.800000,175.760000
1181,2,63.590909,177.090909
1183,2,73.160000,179.480000
1184,2,77.142857,181.904762
1185,2,77.291667,176.583333
1188,2,96.375000,178.250000
1191,2,111.045455,183.500000
1197,2,145.958333,173.583333
1198,2,148.666667,176.083333
1199,2,157.269231,172.153846
1200,2,153.833333,176.583333
1202,2,166.583333,178.166667
1204,2,177.380952,176.428571
1206,2,188.444444,184.259259
1210,2,205.772727,178.363636
1211,2,207.782609,174.043478
1216,2,34.217391,183.652174
1217,2,41.363636,181.318182
1220,2,57.791667,180.791667
1221,2,62.730769,181.769231
1222,2,67.681818,180.954545
1227,2,91.590909,179.272727
1230,2,105.869565,183.347826
1233,2,129.625000,189.583333
1235,2,136.375000,182.750000
1236,2,139.153846,187.423077
1238,2,144.480000,179.240000
1244,2,171.269231,176.576923
1245,2,181.826087,178.913043
1246,2,185.560000,188.080000
1249,2,200.120000,177.320000
1250,2,203.826087,182.130435
1256,2,45.038462,184.500000
1257,2,46.120000,189.000000
1258,2,51.347826,188.956522
1262,2,71.863636,184.090909
1263,2,75.227273,190.818182
1265,2,92.090909,183.181818
1266,2,92.920000,187.720000
1267,2,97.166667,184.333333
1268,2,100.869565,181.869565
1269,2,102.333333,187.428571
1272,2,125.750000,184.142857
1274,2,131.772727,184.227273
1275,2,137.240000,194.240000
1278,2,149.960000,188.960000
1279,2,155.375000,181.708333
1280,2,161.692308,179.884615
1284,2,182.500000,183.727273
1286,2,196.280000,187.320000
1287,2,199.913043,185.521739
1289,2,205.608696,189.956522
1290,2,205.791667,185.625000
1292,2,226.000000,183.230769
1295,2,50.227273,192.954545
1297,2,55.280000,193.560000
1298,2,64.652174,191.130435
1299,2,63.480000,187.360000
1301,2,75.040000,186.680000
1302,2,80.041667,189.958333
1309,2,120.642857,184.392857
1312,2,134.807692,188.769231
1314,2,145.920000,190.480000
1316,2,153.480000,188.680000
1322,2,181.400000,188.840000
1323,2,181.153846,193.692308
1325,2,199.958333,191.500000
1326,2,203.826087,194.130435
1330,2,221.153846,188.500000
1331,2,45.913043,199.173913
1335,2,57.333333,189.583333
1336,2,66.500000,197.083333
1338,2,76.185185,195.962963
1339,2,81.653846,194.769231
1340,2,87.280000,199.240000
1343,2,97.230769,203.115385
1345,2,104.130435,198.086957
1348,2,129.360000,200.360000
1349,2,128.958333,195.750000
1350,2,132.960000,193.800000
1351,2,141.173913,193.043478
1355,2,163.120000,200.040000
1357,2,173.000000,195.192308
1358,2,176.400000,191.120000
1362,2,199.346154,196.500000
1363,2,204.454545,198.772727
1366,2,215.640000,202.120000
1367,2,49.730769,197.884615
1368,2,50.375000,203.166667
1369,2,57.083333,203.750000
1371,2,69.250000,201.375000
1372,2,72.590909,201.272727
1373,2,78.120000,200.120000
1374,2,82.956522,199.695652
1375,2,86.000000,204.272727
1376,2,90.565217,204.521739
1377,2,93.518519,202.296296
1379,2,104.913043,201.956522
1382,2,123.608696,201.565217
1383,2,129.958333,204.708333
1388,2,150.962963,206.592593
1390,2,160.592593,204.666667
1393,2,181.833333,201.916667
1395,2,185.863636,200.818182
1396,2,193.384615,199.538462
1397,2,198.583333,201.166667
1399,2,206.428571,208.571429
1400,2,209.083333,204.333333
1401,2,61.703704,206.629630
1404,2,71.640000,206.560000
1405,2,77.440000,203.760000
1412,2,101.166667,205.791667
1416,2,123.285714,205.238095
1417,2,131.666667,212.125000
1421,2,154.846154,209.307692
1423,2,161.727273,209.136364
1425,2,165.166667,205.083333
1426,2,181.615385,206.653846
1428,2,188.360000,205.920000
1429,2,189.375000,201.541667
1435,2,64.260870,202.565217
1440,2,86.478261,208.217391
1442,2,106.185185,206.629630
1447,2,127.500000,207.958333
1448,2,126.545455,213.045455
1449,2,139.535714,213.250000
1451,2,148.416667,212.250000
1452,2,156.760000,218.480000
1453,2,156.521739,212.956522
1455,2,166.250000,215.166667
1459,2,194.458333,204.541667
1461,2,193.666667,213.666667
1462,2,199.541667,213.583333
1466,2,68.440000,222.760000
1470,2,99.833333,220.500000
1473,2,111.076923,217.884615
1474,2,115.727273,217.954545
1476,2,129.400000,216.480000
1479,2,143.777778,215.666667
1481,2,152.318182,214.272727
1482,2,162.476190,212.857143
1484,2,172.272727,220.727273
1485,2,170.173913,215.391304
1487,2,181.041667,215.708333
1488,2,184.636364,219.500000
1495,2,85.909091,228.772727
1499,2,106.120000,221.800000
1501,2,113.640000,222.800000
1504,2,132.888889,225.370370
1505,2,137.904762,225.523810
1506,2,136.304348,221.391304
1507,2,147.800000,217.000000
1508,2,145.625000,221.250000
1509,2,152.080000,220.040000
1514,2,181.166667,220.958333
1516,2,188.173913,220.652174
1517,2,76.120000,226.040000
1518,2,81.181818,226.590909
1519,2,90.333333,228.375000
1521,2,102.363636,225.045455
1522,2,103.478261,233.434783
1525,2,119.320000,223.160000
1528,2,130.043478,220.782609
1530,2,140.560000,219.800000
1533,2,162.230769,232.500000
1535,2,165.884615,231.692308
1537,2,174.958333,227.541667
1538,2,179.538462,224.576923
1539,2,95.125000,233.375000
1541,2,100.391304,228.521739
1543,2,108.260870,224.478261
1544,2,114.600000,233.360000
1549,2,137.280000,230.880000
1556,2,170.666667,229.708333
1558,2,99.791667,235.333333
1559,2,104.160000,238.200000
1565,2,135.000000,235.875000
1570,2,159.560000,236.960000
1,1,101.000000,32.217391
3,1,117.857143,22.666667
4,1,124.173913,30.956522
8,1,140.625000,24.708333
11,1,148.800000,26.520000
17,1,103.038462,27.576923
20,1,119.333333,26.541667
21,1,126.120000,25.280000
24,1,143.791667,21.500000
25,1,144.892857,28.535714
27,1,171.217391,33.304348
28,1,167.576923,37.961538
29,1,164.880000,34.600000
30,1,161.960000,30.360000
32,1,88.192308,45.884615
33,1,88.769231,41.769231
35,1,101.720000,37.960000
36,1,107.400000,30.760000
37,1,105.384615,36.269231
40,1,121.320000,28.920000
43,1,141.884615,36.576923
44,1,141.520000,25.760000
48,1,173.956522,39.347826
49,1,166.500000,44.458333
50,1,162.000000,42.115385
52,1,181.680000,35.680000
54,1,69.041667,44.041667
56,1,86.230769,40.076923
59,1,104.217391,36.217391
60,1,108.166667,41.083333
64,1,125.625000,32.875000
68,1,143.120000,36.720000
69,1,147.880000,45.120000
70,1,160.391304,38.086957
71,1,165.818182,29.318182
72,1,160.320000,46.560000
73,1,168.714286,44.785714
74,1,167.160000,33.120000
75,1,174.730769,36.346154
80,1,75.478261,40.913043
83,1,82.250000,45.083333
86,1,110.576923,30.846154
95,1,155.333333,38.238095
97,1,143.807692,47.307692
99,1,172.478261,43.260870
102,1,178.480000,34.520000
104,1,190.880000,43.120000
105,1,185.480000,42.440000
106,1,63.833333,45.916667
107,1,70.809524,43.523810
108,1,69.541667,48.041667
111,1,88.555556,45.074074
112,1,86.640000,36.160000
116,1,108.692308,47.346154
119,1,126.703704,46.148148
120,1,119.708333,53.458333
121,1,129.739130,48.347826
123,1,141.320000,53.960000
124,1,148.481481,54.555556
126,1,147.560000,33.280000
127,1,149.916667,44.500000
128,1,162.478261,52.130435
129,1,180.307692,52.538462
141,1,77.541667,60.958333
143,1,85.964286,60.964286
145,1,93.739130,52.695652
147,1,107.208333,66.000000
148,1,118.125000,57.958333
149,1,112.760000,51.920000
150,1,118.240000,49.400000
152,1,123.416667,47.791667
154,1,148.800000,48.640000
156,1,158.708333,46.458333
157,1,165.291667,57.416667
158,1,156.960000,51.960000
159,1,164.428571,47.285714
160,1,170.240000,54.560000
161,1,173.500000,53.083333
163,1,175.318182,61.500000
164,1,192.222222,52.851852
165,1,188.037037,53.851852
168,1,48.875000,60.250000
169,1,50.814815,57.555556
172,1,72.720000,58.960000
174,1,82.500000,75.576923
175,1,81.653846,61.538462
176,1,87.440000,49.560000
178,1,98.304348,54.391304
180,1,103.480000,65.760000
182,1,124.346154,61.269231
186,1,129.440000,50.880000
187,1,145.037037,55.000000
189,1,146.375000,40.375000
191,1,168.695652,51.478261
193,1,170.320000,58.440000
194,1,178.480000,66.320000
196,1,182.916667,52.916667
198,1,194.041667,59.916667
199,1,198.115385,54.961538
205,1,56.666667,66.208333
207,1,81.000000,68.400000
208,1,68.869565,71.652174
209,1,79.590909,68.136364
210,1,82.727273,54.909091
212,1,86.440000,53.920000
215,1,115.958333,67.750000
217,1,114.666667,54.333333
218,1,112.535714,69.000000
220,1,140.166667,68.000000
222,1,141.680000,50.800000
224,1,155.960000,54.240000
226,1,160.708333,61.041667
228,1,172.916667,65.500000
229,1,175.217391,52.478261
234,1,198.640000,54.400000
237,1,220.875000,71.166667
238,1,42.423077,76.269231
239,1,43.636364,67.545455
241,1,60.840000,68.040000
242,1,68.750000,61.125000
243,1,65.130435,67.260870
246,1,76.560000,79.000000
249,1,95.576923,63.923077
250,1,107.461538,71.115385
251,1,99.260870,66.130435
253,1,123.000000,65.840000
254,1,129.846154,67.615385
255,1,118.956522,73.565217
256,1,132.730769,71.269231
258,1,136.040000,67.840000
261,1,160.086957,66.565217
262,1,158.875000,73.458333
264,1,173.125000,73.000000
265,1,169.809524,63.666667
267,1,184.296296,67.925926
270,1,193.217391,72.565217
272,1,210.040000,70.480000
273,1,214.375000,71.333333
274,1,216.703704,69.000000
275,1,37.904762,69.380952
276,1,36.714286,74.464286
277,1,47.520000,70.080000
279,1,59.166667,72.875000
281,1,71.192308,69.038462
282,1,82.592593,76.629630
283,1,74.130435,71.826087
288,1,100.080000,78.440000
289,1,106.956522,74.000000
290,1,119.880000,78.120000
291,1,117.440000,71.560000
292,1,119.800000,63.920000
293,1,128.666667,64.416667
294,1,129.391304,74.565217
295,1,125.428571,70.250000
298,1,157.916667,74.000000
301,1,165.785714,74.857143
302,1,170.434783,69.391304
303,1,167.666667,76.222222
305,1,201.800000,73.040000
307,1,188.954545,74.181818
310,1,205.320000,73.400000
311,1,214.961538,74.730769
312,1,209.791667,88.708333
313,1,34.115385,79.653846
315,1,55.920000,73.320000
316,1,39.730769,72.538462
318,1,57.040000,79.720000
319,1,60.000000,81.913043
322,1,66.892857,67.178571
323,1,77.560000,79.360000
324,1,80.956522,79.086957
326,1,105.260870,94.956522
328,1,101.481481,70.259259
330,1,100.391304,72.043478
331,1,115.720000,77.000000
332,1,124.583333,73.875000
335,1,151.181818,82.272727
337,1,148.192308,75.884615
339,1,173.846154,74.500000
342,1,177.520000,69.920000
343,1,177.480000,78.840000
345,1,186.772727,74.363636
346,1,203.541667,85.458333
347,1,214.958333,88.708333
348,1,198.708333,77.375000
350,1,217.500000,79.000000
353,1,29.043478,84.347826
355,1,36.080000,77.120000
359,1,59.166667,90.250000
360,1,62.217391,89.260870
363,1,72.333333,77.481481
364,1,88.476190,83.571429
366,1,99.760000,84.960000
367,1,102.680000,100.280000
369,1,109.863636,81.727273
376,1,149.640000,79.440000
377,1,144.958333,82.625000
380,1,174.200000,84.600000
381,1,177.458333,86.416667
382,1,174.181818,90.318182
387,1,209.608696,93.000000
389,1,207.280000,77.560000
390,1,214.925926,93.333333
393,1,32.153846,76.576923
394,1,34.821429,91.357143
396,1,43.880000,81.080000
400,1,67.666667,90.541667
401,1,63.961538,88.423077
402,1,68.360000,84.880000
403,1,66.120000,82.680000
404,1,87.956522,105.565217
406,1,89.333333,84.518519
408,1,109.681818,90.772727
412,1,126.703704,86.296296
413,1,131.166667,84.333333
414,1,130.291667,88.875000
415,1,137.000000,87.111111
417,1,148.708333,84.791667
420,1,171.720000,95.920000
421,1,168.347826,88.000000
422,1,158.615385,88.923077
424,1,185.440000,93.400000
426,1,198.653846,82.653846
427,1,196.360000,77.200000
430,1,204.958333,80.166667
434,1,218.416667,95.500000
435,1,33.640000,85.520000
436,1,28.640000,91.160000
437,1,30.166667,89.250000
439,1,44.333333,103.041667
441,1,57.153846,83.846154
442,1,56.518519,93.814815
446,1,84.576923,90.038462
447,1,83.347826,85.521739
450,1,101.076923,103.923077
451,1,108.720000,96.560000
458,1,142.517241,97.655172
461,1,161.791667,90.000000
463,1,164.826087,92.000000
464,1,173.200000,95.720000
465,1,169.208333,82.875000
467,1,180.416667,98.625000
468,1,186.148148,88.518519
470,1,196.291667,97.833333
472,1,203.727273,84.454545
473,1,223.428571,92.666667
474,1,217.375000,98.916667
475,1,229.708333,93.708333
480,1,44.360000,93.240000
493,1,103.652174,91.608696
494,1,118.785714,100.357143
495,1,115.961538,91.807692
500,1,140.888889,92.925926
502,1,144.666667,111.000000
503,1,155.875000,94.083333
505,1,166.000000,92.750000
506,1,175.291667,92.958333
507,1,173.760000,101.280000
508,1,175.565217,98.652174
512,1,202.153846,100.384615
514,1,209.481481,84.074074
524,1,41.320000,100.000000
525,1,51.600000,109.360000
526,1,46.160000,100.280000
531,1,76.692308,94.038462
533,1,85.416667,96.333333
535,1,98.666667,106.444444
536,1,110.695652,102.826087
537,1,108.000000,99.520000
540,1,114.166667,94.875000
545,1,147.391304,102.391304
546,1,154.826087,97.956522
552,1,182.833333,110.166667
556,1,202.346154,97.423077
557,1,207.583333,102.625000
559,1,225.360000,101.320000
560,1,219.238095,115.095238
561,1,222.916667,111.958333
562,1,233.750000,101.458333
563,1,232.800000,104.040000
565,1,26.653846,111.615385
566,1,31.173913,112.782609
572,1,62.041667,114.375000
573,1,67.000000,106.391304
577,1,82.416667,93.916667
578,1,85.181818,108.500000
580,1,98.240000,108.880000
581,1,113.653846,100.076923
582,1,109.434783,114.956522
583,1,107.520000,105.360000
588,1,148.730769,105.769231
589,1,140.857143,106.178571
592,1,163.625000,113.083333
594,1,183.041667,104.916667
595,1,180.208333,107.250000
597,1,190.222222,111.185185
599,1,197.347826,102.565217
601,1,202.000000,105.000000
604,1,223.583333,108.458333
613,1,48.423077,104.307692
615,1,53.000000,105.814815
620,1,93.320000,105.600000
621,1,95.272727,113.318182
623,1,101.461538,111.500000
624,1,103.833333,118.666667
627,1,117.863636,112.227273
629,1,127.962963,121.814815
630,1,121.791667,114.666667
633,1,141.840000,100.440000
636,1,151.833333,116.083333
640,1,184.083333,116.041667
641,1,190.625000,119.208333
644,1,207.727273,106.681818
646,1,209.090909,118.681818
648,1,223.565217,104.391304
650,1,225.310345,118.724138
652,1,25.692308,127.730769
654,1,35.576923,124.769231
656,1,44.916667,118.833333
658,1,48.592593,121.740741
660,1,57.884615,110.807692
662,1,73.739130,118.434783
667,1,86.080000,102.000000
668,1,96.037037,117.000000
669,1,101.600000,116.680000
670,1,103.291667,125.250000
672,1,113.111111,113.407407
673,1,119.480000,109.040000
674,1,124.541667,123.083333
677,1,143.740741,103.185185
678,1,147.250000,115.875000
679,1,154.640000,124.160000
680,1,156.730769,112.615385
682,1,175.840000,131.280000
683,1,172.892857,116.250000
685,1,188.040000,115.480000
688,1,201.869565,123.434783
689,1,195.291667,118.875000
691,1,211.280000,121.640000
695,1,237.592593,120.037037
699,1,47.880000,137.000000
701,1,43.307692,128.269231
704,1,53.391304,123.391304
710,1,85.250000,126.666667
713,1,106.541667,118.625000
715,1,124.666667,114.740741
716,1,118.148148,116.074074
717,1,122.043478,121.695652
718,1,125.884615,130.423077
721,1,146.000000,116.280000
722,1,152.347826,128.782609
724,1,175.416667,119.791667
726,1,168.560000,119.280000
727,1,172.583333,124.041667
729,1,183.280000,120.640000
730,1,204.111111,120.074074
731,1,185.800000,123.360000
732,1,192.428571,123.357143
733,1,204.952381,115.761905
734,1,199.576923,126.307692
735,1,211.041667,129.875000
736,1,227.038462,128.115385
738,1,224.777778,123.074074
741,1,25.960000,136.720000
743,1,40.730769,135.846154
744,1,40.392857,121.964286
746,1,60.481481,120.629630
748,1,74.250000,125.875000
750,1,79.869565,128.000000
751,1,75.269231,128.307692
753,1,84.653846,138.692308
754,1,93.318182,128.363636
757,1,107.680000,120.840000
759,1,117.166667,124.416667
760,1,127.642857,117.035714
762,1,133.440000,124.320000
763,1,150.095238,126.952381
765,1,155.482759,120.310345
766,1,158.720000,116.680000
767,1,150.541667,119.416667
769,1,169.680000,114.040000
770,1,171.434783,126.652174
771,1,182.640000,129.320000
772,1,179.680000,130.440000
773,1,187.600000,126.960000
776,1,202.000000,119.423077
777,1,216.478261,114.347826
778,1,205.769231,127.653846
781,1,229.500000,123.785714
784,1,30.520000,139.720000
785,1,27.000000,133.880000
788,1,43.560000,123.240000
790,1,57.440000,125.200000
792,1,64.346154,135.384615
793,1,69.640000,137.240000
797,1,87.875000,132.291667
800,1,107.960000,139.360000
807,1,139.375000,129.000000
808,1,137.791667,124.500000
810,1,152.517241,132.862069
811,1,156.272727,128.136364
813,1,164.111111,141.037037
815,1,176.608696,129.695652
816,1,189.000000,147.043478
817,1,173.958333,143.041667
819,1,200.000000,131.863636
820,1,189.370370,139.962963
822,1,211.791667,127.083333
823,1,213.291667,139.541667
824,1,227.360000,130.120000
825,1,233.416667,121.083333
827,1,230.320000,137.400000
828,1,22.560000,136.920000
831,1,47.416667,137.000000
832,1,52.037037,142.962963
833,1,46.884615,133.653846
836,1,65.120000,139.880000
837,1,63.714286,144.714286
840,1,85.730769,130.461538
841,1,89.166667,137.041667
842,1,88.857143,140.285714
843,1,100.111111,136.814815
844,1,92.318182,132.181818
845,1,102.923077,131.730769
848,1,120.307692,126.346154
849,1,124.076923,139.423077
853,1,147.291667,133.250000
855,1,151.217391,147.434783
857,1,167.625000,129.375000
858,1,176.038462,138.038462
859,1,184.625000,135.958333
861,1,192.750000,141.083333
862,1,200.080000,133.560000
863,1,196.391304,140.043478
866,1,213.120000,132.480000
873,1,27.590909,146.818182
874,1,31.260870,144.434783
877,1,55.307692,151.000000
880,1,77.000000,148.958333
882,1,76.920000,141.000000
883,1,72.375000,138.583333
884,1,83.153846,142.730769
893,1,125.920000,146.960000
894,1,137.869565,141.695652
896,1,143.111111,142.962963
899,1,162.875000,135.750000
900,1,158.807692,141.884615
901,1,171.500000,134.230769
902,1,166.416667,138.750000
903,1,171.800000,141.080000
904,1,179.692308,141.692308
905,1,187.541667,144.458333
906,1,181.916667,138.375000
908,1,205.095238,145.000000
909,1,195.250000,135.333333
910,1,215.800000,147.800000
911,1,214.666667,136.291667
912,1,221.000000,144.375000
913,1,220.615385,142.461538
914,1,218.851852,152.148148
917,1,26.695652,143.565217
918,1,47.680000,148.240000
919,1,42.821429,149.464286
920,1,50.217391,146.217391
921,1,44.782609,142.434783
923,1,61.272727,147.909091
924,1,67.875000,148.333333
925,1,75.960000,145.520000
926,1,81.304348,153.391304
929,1,78.541667,140.875000
931,1,96.076923,150.230769
932,1,102.520000,144.760000
933,1,104.692308,136.000000
935,1,128.240000,159.520000
936,1,128.481481,143.037037
937,1,133.916667,147.583333
939,1,134.920000,143.600000
940,1,130.750000,141.083333
941,1,143.038462,147.538462
943,1,156.518519,148.000000
946,1,175.111111,150.814815
947,1,172.200000,150.000000
948,1,173.720000,144.320000
950,1,186.230769,153.000000
955,1,209.629630,146.074074
956,1,215.481481,143.185185
959,1,235.851852,156.185185
960,1,26.040000,152.280000
965,1,43.625000,140.625000
967,1,62.000000,155.269231
968,1,63.259259,160.666667
971,1,77.160000,152.680000
972,1,75.250000,160.041667
973,1,91.400000,146.160000
975,1,101.125000,154.208333
976,1,103.037037,143.222222
980,1,131.560000,136.720000
981,1,123.111111,152.185185
985,1,124.370370,139.481481
986,1,153.384615,144.153846
987,1,147.346154,144.038462
989,1,175.560000,155.160000
991,1,166.833333,159.416667
992,1,180.800000,144.880000
993,1,178.916667,151.375000
996,1,205.500000,147.384615
997,1,225.333333,150.458333
998,1,226.416667,168.125000
999,1,212.440000,153.640000
1000,1,223.250000,161.958333
1001,1,218.000000,160.375000
1002,1,230.840000,153.040000
1003,1,231.761905,147.857143
1005,1,28.375000,152.250000
1007,1,42.600000,161.920000
1011,1,60.043478,150.130435
1012,1,56.423077,165.269231
1013,1,63.500000,170.000000
1015,1,76.291667,165.458333
1018,1,94.086957,154.608696
1019,1,104.192308,154.192308
1021,1,111.640000,164.760000
1024,1,125.884615,151.115385
1025,1,126.869565,155.869565
1031,1,155.680000,151.040000
1033,1,166.074074,152.333333
1038,1,189.461538,156.653846
1040,1,205.782609,151.782609
1043,1,220.000000,166.538462
1044,1,227.458333,163.583333
1045,1,215.291667,155.708333
1046,1,234.520000,152.120000
1047,1,232.782609,161.260870
1049,1,30.148148,160.222222
1051,1,47.434783,162.956522
1052,1,52.500000,161.416667
1055,1,61.181818,154.363636
1056,1,69.840000,171.880000
1057,1,86.520000,176.520000
1058,1,68.888889,172.074074
1061,1,96.791667,149.875000
1063,1,111.500000,159.346154
1064,1,97.500000,157.125000
1065,1,120.692308,159.692308
1066,1,108.260870,170.913043
1067,1,122.607143,162.785714
1071,1,153.461538,160.384615
1072,1,156.500000,160.142857
1073,1,151.695652,163.956522
1074,1,151.080000,156.280000
1076,1,169.320000,155.480000
1079,1,186.565217,157.130435
1080,1,189.750000,163.791667
1085,1,211.800000,161.240000
1086,1,212.840000,159.880000
1088,1,216.818182,164.727273
1089,1,230.750000,157.416667
1090,1,220.391304,161.304348
1094,1,49.000000,169.333333
1095,1,43.583333,163.083333
1096,1,69.500000,166.333333
1097,1,57.750000,165.000000
1098,1,71.000000,160.666667
1100,1,85.043478,169.695652
1102,1,78.720000,160.080000
1104,1,94.666667,160.000000
1108,1,108.782609,179.608696
1111,1,134.480000,179.320000
1113,1,142.730769,159.730769
1114,1,140.956522,168.173913
1115,1,144.520000,167.840000
1116,1,144.074074,168.703704
1117,1,155.250000,166.541667
1120,1,164.666667,171.583333
1122,1,183.291667,167.333333
1123,1,187.125000,167.291667
1128,1,220.538462,171.653846
1129,1,215.814815,167.000000
1130,1,224.782609,175.521739
1131,1,214.583333,173.625000
1133,1,31.363636,171.590909
1134,1,33.652174,174.695652
1136,1,36.000000,170.000000
1137,1,50.400000,165.240000
1138,1,48.240000,180.160000
1141,1,61.636364,165.909091
1142,1,74.045455,167.590909
1143,1,81.652174,166.478261
1144,1,85.086957,169.000000
1147,1,98.680000,170.160000
1148,1,110.960000,175.080000
1149,1,102.916667,178.041667
1150,1,111.040000,168.560000
1152,1,122.413793,172.344828
1154,1,126.535714,178.678571
1156,1,140.814815,181.148148
1158,1,144.826087,160.695652
1159,1,149.440000,166.560000
1161,1,166.904762,169.333333
1162,1,180.040000,170.800000
1163,1,182.920000,173.360000
1166,1,195.347826,171.565217
1167,1,191.480000,177.520000
1172,1,221.714286,181.904762
1173,1,225.000000,152.480000
1175,1,37.464286,176.000000
1177,1,39.640000,163.560000
1182,1,68.136364,175.318182
1186,1,88.041667,187.000000
1187,1,95.600000,172.200000
1189,1,94.913043,175.565217
1190,1,102.208333,172.958333
1192,1,115.925926,184.740741
1193,1,114.304348,178.130435
1194,1,123.923077,178.153846
1195,1,129.740741,173.740741
1196,1,137.259259,171.185185
1201,1,161.884615,173.307692
1203,1,174.291667,171.416667
1205,1,178.791667,183.083333
1207,1,196.769231,180.961538
1208,1,188.200000,173.640000
1209,1,193.045455,173.818182
1212,1,211.560000,177.200000
1213,1,220.590909,178.363636
1214,1,224.772727,156.727273
1215,1,34.166667,179.666667
1218,1,50.840000,182.360000
1219,1,43.450000,177.750000
1223,1,80.652174,183.956522
1224,1,84.214286,184.392857
1225,1,85.416667,181.458333
1226,1,80.480000,171.040000
1228,1,102.384615,161.307692
1229,1,105.480000,173.800000
1231,1,125.541667,189.583333
1232,1,116.615385,176.692308
1234,1,128.000000,179.038462
1237,1,139.379310,175.137931
1239,1,150.458333,180.583333
1240,1,167.760000,183.560000
1241,1,169.814815,189.518519
1242,1,164.782609,185.391304
1243,1,170.652174,173.130435
1247,1,192.571429,186.333333
1248,1,193.458333,181.833333
1251,1,213.923077,179.000000
1252,1,212.259259,182.703704
1253,1,223.481481,172.962963
1254,1,228.320000,178.960000
1255,1,38.222222,185.407407
1259,1,58.680000,186.000000
1260,1,74.692308,173.730769
1261,1,68.500000,188.750000
1264,1,82.423077,177.423077
1270,1,111.304348,192.043478
1271,1,112.291667,199.208333
1273,1,121.090909,190.727273
1276,1,143.629630,186.333333
1277,1,147.875000,183.666667
1281,1,167.272727,196.318182
1282,1,163.620690,185.482759
1283,1,175.136364,186.681818
1285,1,189.826087,195.478261
1288,1,213.807692,187.884615
1291,1,216.833333,188.166667
1293,1,40.083333,191.750000
1294,1,37.875000,188.708333
1296,1,53.846154,184.038462
1300,1,69.625000,189.791667
1303,1,96.500000,189.958333
1304,1,87.478261,194.347826
1305,1,85.720000,191.040000
1306,1,99.846154,197.884615
1307,1,108.230769,195.038462
1308,1,113.125000,188.333333
1310,1,123.320000,197.080000
1311,1,117.434783,188.086957
1313,1,145.600000,201.880000
1315,1,157.560000,185.800000
1317,1,157.538462,195.961538
1318,1,160.217391,190.782609
1319,1,172.346154,183.653846
1320,1,177.500000,199.961538
1321,1,175.240000,180.600000
1324,1,193.090909,194.272727
1327,1,208.625000,201.333333
1328,1,212.047619,188.904762
1329,1,216.833333,184.666667
1332,1,44.346154,192.346154
1333,1,54.454545,198.181818
1334,1,59.708333,194.250000
1337,1,71.478261,195.260870
1341,1,91.035714,195.321429
1342,1,95.461538,195.961538
1344,1,107.160000,192.120000
1346,1,114.320000,205.720000
1347,1,123.333333,194.625000
1352,1,159.071429,195.607143
1353,1,144.960000,198.520000
1354,1,150.545455,196.045455
1356,1,163.375000,195.166667
1359,1,184.956522,195.434783
1360,1,184.920000,194.400000
1361,1,193.560000,191.200000
1364,1,211.407407,190.148148
1365,1,213.478261,198.739130
1370,1,58.461538,200.384615
1378,1,92.500000,212.964286
1380,1,105.760000,196.400000
1381,1,115.720000,198.720000
1384,1,134.250000,200.125000
1385,1,134.166667,206.708333
1386,1,143.375000,203.791667
1387,1,141.120000,207.920000
1389,1,154.333333,202.814815
1391,1,171.840000,200.920000
1392,1,171.458333,201.541667
1394,1,169.884615,205.807692
1398,1,214.782609,195.608696
1402,1,62.480000,197.160000
1403,1,65.111111,212.888889
1406,1,72.125000,211.500000
1407,1,94.541667,208.291667
1408,1,87.208333,220.416667
1409,1,96.217391,211.086957
1410,1,98.280000,192.280000
1411,1,121.857143,215.642857
1413,1,111.000000,204.884615
1414,1,107.730769,188.653846
1415,1,118.961538,203.423077
1418,1,146.320000,207.560000
1419,1,146.720000,194.280000
1420,1,137.869565,200.565217
1422,1,153.961538,195.230769
1424,1,167.666667,191.875000
1427,1,180.961538,213.884615
1430,1,201.909091,209.545455
1431,1,196.846154,209.769231
1432,1,208.750000,195.083333
1433,1,65.111111,208.074074
1434,1,70.360000,217.240000
1436,1,72.320000,213.000000
1437,1,68.923077,216.730769
1438,1,82.520000,213.480000
1439,1,81.521739,206.304348
1441,1,93.000000,221.708333
1443,1,116.857143,196.571429
1444,1,108.520000,212.320000
1445,1,121.115385,209.192308
1446,1,113.538462,210.807692
1450,1,154.192308,201.230769
1454,1,162.576923,226.961538
1456,1,176.333333,203.625000
1457,1,169.500000,209.791667
1458,1,188.608696,210.304348
1460,1,202.923077,204.153846
1463,1,77.600000,216.320000
1464,1,63.560000,215.560000
1465,1,83.923077,219.923077
1467,1,86.296296,213.222222
1468,1,89.956522,215.739130
1469,1,97.230769,227.230769
1471,1,97.653846,217.192308
1472,1,100.904762,214.142857
1475,1,119.521739,212.217391
1477,1,135.680000,217.360000
1478,1,135.807692,211.769231
1480,1,138.520000,203.280000
1483,1,160.521739,217.043478
1486,1,175.074074,209.703704
1489,1,195.680000,207.040000
1490,1,186.000000,212.333333
1491,1,77.250000,209.500000
1492,1,74.458333,221.291667
1493,1,80.000000,222.040000
1494,1,78.347826,212.956522
1496,1,86.625000,223.125000
1497,1,103.695652,215.695652
1498,1,108.750000,214.666667
1500,1,108.920000,228.480000
1502,1,120.040000,217.080000
1503,1,124.464286,222.321429
1510,1,161.708333,221.708333
1511,1,175.423077,222.000000
1512,1,175.360000,212.160000
1513,1,175.086957,214.217391
1515,1,187.416667,215.166667
1520,1,104.086957,211.260870
1523,1,113.600000,228.960000
1524,1,120.259259,230.962963
1526,1,131.208333,229.458333
1527,1,129.708333,234.791667
1529,1,142.250000,227.083333
1531,1,148.333333,231.000000
1532,1,157.480000,222.680000
1534,1,167.360000,220.520000
1536,1,168.833333,225.125000
1540,1,93.909091,220.863636
1542,1,106.727273,232.636364
1545,1,112.592593,237.222222
1546,1,119.916667,234.833333
1547,1,130.120000,229.120000
1548,1,143.400000,230.320000
1550,1,146.125000,236.250000
1551,1,154.208333,228.666667
1552,1,142.461538,234.923077
1553,1,146.884615,225.153846
1554,1,152.480000,225.680000
1555,1,163.272727,224.954545
1557,1,94.250000,228.666667
1560,1,111.250000,234.208333
1561,1,116.720000,227.320000
1562,1,124.916667,223.666667
1563,1,125.320000,231.560000
1564,1,123.739130,233.260870
1566,1,139.269231,238.000000
1567,1,151.520000,233.080000
1568,1,153.692308,236.192308
1569,1,158.458333,231.875000
