ID,type,x COM, y COM
1,2,102.791667,22.875000
2,2,107.153846,21.615385
3,2,112.130435,22.695652
4,2,116.538462,21.730769
5,2,121.555556,22.074074
6,2,127.153846,21.461538
8,2,137.230769,21.807692
9,2,142.380952,21.904762
10,2,146.916667,21.916667
12,2,156.428571,21.571429
18,2,111.043478,27.086957
19,2,116.000000,27.642857
20,2,122.038462,26.307692
27,2,157.000000,26.750000
31,2,77.000000,33.666667
34,2,92.000000,32.208333
35,2,96.954545,32.090909
37,2,107.160000,32.200000
39,2,117.423077,31.807692
41,2,127.222222,32.074074
42,2,132.280000,32.160000
43,2,136.750000,32.125000
45,2,147.695652,32.347826
47,2,157.296296,32.000000
48,2,162.600000,32.240000
50,2,172.760000,32.320000
51,2,176.708333,31.500000
53,2,71.500000,36.846154
58,2,97.391304,37.043478
60,2,106.846154,37.538462
61,2,111.956522,37.173913
62,2,116.920000,36.480000
69,2,152.125000,37.250000
70,2,156.826087,37.130435
71,2,161.884615,36.538462
72,2,167.384615,37.153846
73,2,171.708333,37.166667
81,2,76.520000,42.720000
82,2,82.166667,42.166667
83,2,87.166667,41.750000
85,2,96.760000,42.080000
86,2,101.320000,42.760000
89,2,117.407407,41.925926
91,2,126.923077,42.192308
92,2,131.857143,42.142857
93,2,136.481481,41.814815
94,2,142.130435,41.782609
98,2,161.851852,41.407407
99,2,166.923077,42.269231
101,2,177.200000,42.080000
103,2,187.076923,41.884615
105,2,197.166667,42.416667
107,2,61.478261,46.869565
113,2,91.880000,47.760000
115,2,102.142857,47.607143
116,2,106.916667,47.000000
117,2,112.040000,46.240000
118,2,115.961538,47.500000
120,2,127.769231,47.346154
121,2,132.192308,47.192308
125,2,151.916667,46.916667
127,2,161.916667,46.833333
128,2,166.535714,47.464286
131,2,183.041667,46.875000
132,2,187.521739,47.217391
133,2,192.076923,46.884615
134,2,197.346154,46.692308
135,2,202.090909,47.545455
137,2,57.115385,51.538462
138,2,61.833333,51.666667
139,2,66.080000,52.480000
140,2,71.500000,52.000000
141,2,76.400000,52.280000
142,2,81.960000,52.160000
143,2,87.166667,51.583333
146,2,101.869565,52.173913
148,2,112.370370,51.925926
149,2,117.880000,52.360000
152,2,131.791667,52.916667
153,2,136.884615,51.923077
154,2,142.280000,52.080000
155,2,145.826087,51.739130
157,2,156.695652,52.173913
158,2,161.291667,51.708333
160,2,172.090909,52.181818
163,2,186.666667,51.916667
164,2,192.080000,52.240000
166,2,202.450000,52.150000
168,2,47.434783,57.260870
169,2,52.125000,57.125000
171,2,61.413793,56.931034
173,2,72.346154,57.000000
174,2,77.666667,56.416667
177,2,91.625000,56.875000
178,2,97.750000,57.750000
180,2,107.700000,56.950000
181,2,111.960000,56.560000
184,2,127.346154,57.153846
185,2,132.958333,57.250000
186,2,137.846154,57.346154
188,2,147.000000,56.800000
191,2,162.521739,57.086957
193,2,171.960000,56.920000
194,2,177.083333,57.083333
195,2,182.045455,56.909091
196,2,187.000000,57.000000
197,2,192.500000,57.041667
199,2,201.923077,57.192308
200,2,206.695652,56.869565
201,2,211.434783,57.434783
202,2,42.727273,61.954545
204,2,52.391304,62.391304
205,2,57.041667,62.625000
209,2,77.120000,61.800000
210,2,82.115385,61.923077
212,2,92.444444,62.333333
213,2,97.120000,61.680000
214,2,101.880000,62.320000
215,2,107.153846,62.038462
219,2,127.160000,62.120000
220,2,132.375000,62.125000
221,2,137.090909,62.136364
223,2,147.375000,61.541667
224,2,152.000000,62.333333
226,2,161.869565,62.173913
227,2,166.583333,62.125000
228,2,171.807692,61.346154
232,2,191.640000,61.120000
233,2,197.250000,62.000000
235,2,207.200000,62.040000
236,2,212.916667,62.125000
238,2,42.153846,66.923077
239,2,47.153846,66.653846
240,2,52.333333,67.074074
241,2,57.565217,67.608696
242,2,61.833333,67.166667
243,2,66.461538,67.961538
244,2,72.136364,66.954545
246,2,81.833333,67.291667
252,2,112.000000,67.000000
253,2,116.904762,67.142857
254,2,121.720000,67.520000
255,2,126.391304,67.173913
256,2,131.500000,66.615385
257,2,136.782609,66.869565
258,2,141.181818,66.590909
260,2,151.956522,67.173913
261,2,156.884615,66.538462
262,2,161.772727,66.772727
267,2,187.320000,67.000000
270,2,201.481481,67.629630
274,2,221.739130,67.826087
275,2,37.375000,71.625000
277,2,47.000000,71.750000
278,2,52.200000,72.160000
280,2,62.240000,72.040000
282,2,73.000000,71.777778
283,2,76.954545,72.090909
284,2,82.000000,72.166667
286,2,91.916667,71.708333
287,2,96.320000,72.560000
288,2,102.153846,72.192308
295,2,137.461538,72.038462
297,2,146.454545,72.500000
299,2,157.148148,71.481481
303,2,177.130435,72.304348
308,2,202.629630,72.148148
309,2,207.708333,71.958333
310,2,212.291667,71.666667
313,2,32.583333,76.708333
316,2,47.038462,76.692308
317,2,52.208333,76.541667
319,2,61.080000,76.840000
320,2,66.703704,77.185185
321,2,72.576923,77.230769
322,2,77.681818,76.363636
325,2,92.347826,77.434783
326,2,97.068966,77.068966
328,2,107.200000,76.880000
329,2,111.652174,77.826087
330,2,115.173913,76.521739
331,2,121.476190,77.190476
332,2,126.160000,76.280000
336,2,147.086957,76.217391
340,2,166.423077,77.461538
342,2,177.240000,77.200000
346,2,196.560000,77.040000
347,2,201.807692,77.230769
348,2,206.750000,77.000000
350,2,216.125000,77.166667
352,2,227.035714,76.785714
357,2,50.958333,81.958333
361,2,71.692308,81.615385
362,2,77.250000,81.642857
365,2,91.600000,82.400000
366,2,96.500000,82.307692
368,2,107.083333,82.083333
370,2,116.791667,81.291667
371,2,122.625000,81.166667
372,2,127.615385,81.576923
373,2,132.518519,81.777778
374,2,137.560000,81.480000
375,2,141.961538,81.846154
379,2,162.304348,82.217391
380,2,167.000000,82.111111
382,2,176.800000,82.440000
383,2,182.296296,82.074074
384,2,187.083333,82.250000
385,2,192.142857,81.571429
386,2,196.916667,82.083333
389,2,212.000000,82.000000
390,2,217.083333,81.916667
391,2,221.750000,83.000000
392,2,227.296296,82.111111
394,2,31.384615,87.115385
395,2,36.833333,87.500000
396,2,41.769231,87.192308
397,2,47.074074,87.444444
401,2,66.807692,87.115385
402,2,72.045455,86.727273
403,2,76.920000,86.680000
404,2,82.083333,87.041667
405,2,86.461538,87.538462
408,2,101.920000,87.240000
409,2,106.916667,87.083333
411,2,116.956522,85.913043
413,2,127.120000,86.400000
415,2,137.130435,86.652174
417,2,147.240000,86.440000
418,2,151.600000,86.120000
421,2,166.291667,86.916667
422,2,171.111111,87.407407
424,2,182.120000,87.040000
426,2,192.173913,87.913043
427,2,196.423077,86.769231
430,2,211.407407,86.814815
431,2,217.250000,86.964286
434,2,231.458333,86.375000
435,2,26.875000,92.833333
436,2,32.250000,91.666667
442,2,62.409091,91.363636
444,2,71.956522,91.173913
445,2,77.107143,91.892857
446,2,82.181818,91.681818
449,2,97.720000,91.680000
450,2,102.619048,92.095238
451,2,106.954545,91.863636
459,2,146.888889,92.777778
462,2,161.653846,92.423077
463,2,166.400000,91.960000
470,2,202.560000,92.120000
472,2,212.222222,91.851852
473,2,216.640000,91.760000
474,2,221.454545,92.681818
476,2,232.083333,92.083333
477,2,27.500000,97.500000
479,2,37.000000,97.000000
480,2,42.200000,97.000000
481,2,47.304348,97.217391
482,2,52.130435,97.347826
483,2,57.500000,97.125000
485,2,67.423077,96.307692
490,2,92.080000,96.960000
492,2,101.962963,97.333333
493,2,106.920000,97.120000
497,2,126.920000,97.040000
498,2,131.739130,97.173913
501,2,147.826087,98.521739
504,2,161.923077,97.884615
507,2,176.875000,97.250000
508,2,182.173913,97.565217
509,2,187.307692,97.923077
511,2,197.875000,96.625000
513,2,206.280000,97.000000
515,2,216.840000,97.120000
517,2,226.480000,96.640000
518,2,232.153846,97.230769
519,2,237.083333,96.958333
520,2,23.375000,102.375000
522,2,31.720000,102.280000
523,2,36.692308,101.884615
525,2,46.909091,102.045455
526,2,51.560000,102.760000
528,2,61.230769,101.730769
532,2,82.291667,102.500000
534,2,91.960000,102.120000
535,2,97.120000,101.800000
537,2,106.320000,101.720000
540,2,122.000000,101.347826
542,2,131.680000,102.160000
543,2,137.000000,102.080000
546,2,151.680000,102.240000
548,2,161.703704,102.666667
550,2,171.666667,101.791667
551,2,176.680000,101.920000
552,2,181.434783,102.565217
556,2,201.500000,102.500000
557,2,206.769231,101.961538
558,2,212.192308,101.961538
560,2,223.000000,101.461538
561,2,227.000000,102.304348
563,2,236.392857,102.392857
565,2,27.523810,107.238095
567,2,37.720000,106.320000
571,2,57.478261,107.173913
576,2,81.833333,107.500000
578,2,92.291667,107.208333
582,2,112.428571,106.678571
583,2,117.208333,106.625000
585,2,127.000000,107.200000
586,2,132.250000,107.250000
589,2,147.086957,106.826087
590,2,151.423077,108.153846
591,2,156.923077,107.115385
594,2,172.541667,107.041667
595,2,177.086957,106.956522
597,2,186.650000,106.600000
600,2,201.307692,107.192308
602,2,211.760000,107.160000
605,2,227.000000,107.125000
608,2,21.750000,111.875000
609,2,26.666667,112.083333
611,2,36.920000,111.120000
612,2,41.384615,112.269231
614,2,51.909091,112.090909
618,2,71.652174,111.869565
619,2,77.000000,111.800000
620,2,82.037037,112.037037
624,2,102.818182,111.500000
627,2,117.208333,112.250000
628,2,122.222222,111.592593
629,2,127.190476,112.238095
630,2,131.833333,111.958333
632,2,142.041667,111.875000
633,2,147.125000,112.125000
641,2,186.608696,111.347826
643,2,196.869565,111.608696
644,2,202.107143,112.785714
646,2,211.708333,112.083333
648,2,221.956522,111.956522
649,2,227.080000,111.960000
653,2,27.458333,117.041667
656,2,41.923077,116.884615
657,2,46.440000,116.120000
661,2,66.962963,117.296296
670,2,112.478261,117.304348
672,2,121.416667,116.500000
673,2,126.240000,117.240000
675,2,136.280000,116.880000
678,2,151.840000,117.600000
680,2,161.480000,117.480000
681,2,166.555556,117.666667
682,2,171.916667,116.916667
683,2,176.826087,116.869565
689,2,207.240000,117.120000
693,2,227.583333,116.791667
694,2,232.692308,117.153846
697,2,26.478261,121.391304
702,2,51.800000,122.000000
705,2,67.260870,122.347826
706,2,72.000000,122.346154
714,2,112.080000,122.600000
716,2,121.920000,121.280000
718,2,132.260870,120.956522
720,2,141.681818,121.818182
721,2,146.769231,121.423077
722,2,151.560000,122.480000
723,2,156.760000,121.800000
726,2,170.954545,122.136364
728,2,182.461538,121.538462
730,2,192.217391,122.260870
731,2,197.000000,122.000000
732,2,202.416667,122.000000
738,2,230.958333,122.000000
741,2,26.916667,126.916667
742,2,31.880000,126.560000
743,2,37.250000,127.583333
745,2,47.370370,127.000000
749,2,67.000000,127.000000
752,2,81.962963,127.333333
753,2,87.192308,127.115385
758,2,112.000000,127.590909
762,2,131.821429,126.392857
764,2,142.240000,126.400000
766,2,151.521739,127.304348
770,2,171.666667,127.208333
773,2,186.708333,127.125000
774,2,192.250000,127.458333
775,2,197.400000,126.880000
776,2,202.407407,126.777778
777,2,207.640000,126.520000
778,2,211.863636,127.227273
785,2,27.000000,132.000000
787,2,37.166667,132.125000
788,2,41.916667,131.916667
789,2,47.458333,131.708333
794,2,71.576923,132.730769
796,2,82.615385,131.769231
797,2,88.000000,132.125000
801,2,107.434783,132.913043
804,2,122.720000,131.880000
806,2,132.000000,132.000000
807,2,136.840000,132.080000
808,2,141.814815,131.740741
811,2,157.185185,132.296296
812,2,161.666667,132.166667
814,2,171.625000,131.750000
816,2,182.185185,130.592593
818,2,191.916667,132.291667
819,2,197.222222,132.111111
820,2,202.500000,132.000000
823,2,216.857143,132.000000
826,2,231.708333,132.541667
827,2,236.800000,131.640000
829,2,27.000000,137.000000
830,2,32.115385,136.615385
834,2,51.400000,137.960000
836,2,61.880000,137.120000
838,2,72.000000,136.791667
840,2,82.041667,136.208333
841,2,86.857143,138.035714
842,2,91.884615,136.961538
843,2,97.250000,137.208333
846,2,112.454545,138.000000
851,2,136.958333,136.666667
855,2,157.000000,137.653846
856,2,162.080000,137.000000
860,2,182.192308,136.307692
861,2,186.560000,137.000000
862,2,192.440000,137.280000
863,2,197.040000,136.960000
864,2,201.777778,137.259259
866,2,212.250000,138.291667
867,2,216.884615,137.038462
868,2,221.869565,138.173913
869,2,227.090909,137.227273
871,2,237.291667,137.875000
874,2,31.920000,142.040000
875,2,36.760000,142.120000
876,2,42.250000,141.958333
877,2,46.840000,142.720000
878,2,51.961538,142.000000
880,2,62.000000,142.000000
881,2,67.360000,142.880000
882,2,71.960000,141.440000
887,2,96.826087,141.695652
888,2,101.869565,142.173913
889,2,106.960000,142.160000
890,2,111.958333,141.833333
891,2,117.833333,142.125000
894,2,132.125000,142.250000
896,2,142.107143,142.321429
897,2,147.166667,142.458333
901,2,166.846154,141.115385
903,2,177.083333,142.083333
904,2,181.640000,141.520000
907,2,196.555556,142.222222
908,2,202.043478,142.043478
909,2,206.892857,141.500000
910,2,211.708333,143.041667
911,2,217.160000,142.040000
912,2,221.909091,142.727273
913,2,227.000000,142.000000
915,2,237.458333,143.583333
917,2,27.000000,147.000000
918,2,32.000000,147.173913
920,2,41.148148,147.111111
922,2,51.807692,146.769231
923,2,57.000000,147.000000
930,2,91.600000,146.720000
932,2,102.518519,146.666667
933,2,107.478261,147.130435
934,2,112.083333,147.083333
935,2,116.769231,146.500000
938,2,131.875000,147.041667
941,2,146.521739,146.782609
942,2,151.750000,146.750000
946,2,172.038462,146.923077
947,2,176.692308,147.423077
948,2,182.000000,146.629630
949,2,187.250000,147.375000
950,2,191.538462,147.115385
951,2,197.041667,146.791667
953,2,206.884615,147.000000
956,2,222.217391,147.347826
957,2,227.043478,146.652174
961,2,26.720000,151.920000
962,2,31.833333,151.916667
963,2,36.913043,152.217391
964,2,41.958333,151.708333
969,2,66.160000,152.000000
972,2,81.833333,152.500000
973,2,86.173913,153.260870
974,2,91.677419,152.000000
975,2,97.250000,152.250000
979,2,116.875000,151.916667
981,2,127.130435,152.173913
982,2,131.923077,151.884615
990,2,172.120000,152.000000
991,2,177.260870,152.347826
992,2,182.185185,151.592593
993,2,186.875000,152.375000
995,2,197.038462,152.346154
996,2,201.520000,151.960000
998,2,210.863636,151.727273
1004,2,22.240000,157.480000
1006,2,32.400000,157.520000
1008,2,42.041667,156.875000
1011,2,56.913043,156.956522
1013,2,66.730769,157.346154
1014,2,72.640000,156.800000
1015,2,77.954545,157.090909
1019,2,97.090909,157.045455
1021,2,107.740741,156.962963
1022,2,113.125000,158.125000
1024,2,122.040000,157.120000
1025,2,127.000000,157.000000
1026,2,132.038462,157.115385
1027,2,136.800000,156.240000
1032,2,161.875000,157.000000
1034,2,171.500000,156.769231
1035,2,176.640000,156.960000
1040,2,202.208333,156.666667
1045,2,227.000000,156.916667
1046,2,232.040000,157.560000
1047,2,237.291667,157.041667
1050,2,36.608696,161.565217
1052,2,46.904762,161.571429
1054,2,57.040000,161.840000
1056,2,66.952381,161.809524
1060,2,87.043478,162.478261
1061,2,91.600000,162.240000
1062,2,96.545455,161.590909
1065,2,111.652174,162.347826
1066,2,116.956522,162.695652
1068,2,126.115385,162.153846
1070,2,136.689655,161.551724
1071,2,142.040000,162.120000
1072,2,147.600000,161.840000
1073,2,152.600000,162.800000
1076,2,167.416667,161.416667
1077,2,171.640000,162.480000
1081,2,192.458333,162.625000
1082,2,196.920000,161.800000
1085,2,212.347826,161.913043
1087,2,222.200000,161.960000
1088,2,227.565217,161.304348
1089,2,231.875000,162.625000
1094,2,41.916667,166.916667
1100,2,71.730769,166.653846
1106,2,101.807692,167.230769
1107,2,107.173913,166.869565
1108,2,112.769231,167.269231
1111,2,126.826087,166.695652
1112,2,132.458333,166.791667
1115,2,147.535714,166.535714
1117,2,157.280000,165.880000
1118,2,161.115385,167.884615
1120,2,172.478261,166.521739
1121,2,177.320000,166.000000
1123,2,187.000000,167.000000
1124,2,191.769231,167.500000
1125,2,197.592593,166.925926
1127,2,206.666667,167.541667
1128,2,212.363636,167.454545
1132,2,232.880000,168.040000
1133,2,26.916667,171.291667
1139,2,57.000000,172.200000
1143,2,77.440000,171.720000
1145,2,86.703704,171.518519
1147,2,97.000000,171.500000
1150,2,112.000000,172.000000
1151,2,117.208333,172.000000
1153,2,127.777778,171.555556
1154,2,132.363636,171.681818
1156,2,142.090909,172.090909
1157,2,146.521739,171.782609
1159,2,156.434783,171.913043
1162,2,172.173913,171.347826
1165,2,186.960000,171.960000
1166,2,192.478261,172.304348
1167,2,197.407407,171.555556
1168,2,202.200000,172.560000
1169,2,207.333333,171.629630
1170,2,211.739130,172.869565
1175,2,31.923077,176.884615
1178,2,47.809524,177.571429
1180,2,57.000000,176.954545
1181,2,62.040000,176.960000
1183,2,72.521739,176.304348
1184,2,76.928571,177.035714
1186,2,86.916667,176.916667
1187,2,91.739130,176.913043
1190,2,107.083333,175.958333
1193,2,122.047619,177.380952
1195,2,132.130435,176.652174
1197,2,141.642857,177.035714
1198,2,146.782609,176.956522
1199,2,151.800000,177.320000
1209,2,202.090909,177.863636
1210,2,206.708333,176.500000
1213,2,222.208333,177.000000
1215,2,33.080000,181.880000
1216,2,36.956522,180.478261
1217,2,41.772727,181.909091
1218,2,47.240000,181.960000
1219,2,52.307692,182.000000
1220,2,57.291667,181.583333
1231,2,111.520000,181.960000
1232,2,117.120000,182.280000
1235,2,131.739130,181.260870
1236,2,137.280000,182.480000
1237,2,141.958333,181.541667
1238,2,147.321429,181.892857
1241,2,161.880000,181.760000
1242,2,167.307692,182.500000
1243,2,171.920000,181.120000
1244,2,176.478261,181.913043
1249,2,201.000000,182.458333
1251,2,212.375000,182.208333
1254,2,226.708333,181.500000
1258,2,51.391304,186.826087
1261,2,67.035714,188.107143
1262,2,72.208333,186.458333
1264,2,82.615385,186.615385
1269,2,106.875000,186.541667
1270,2,111.800000,186.920000
1271,2,117.153846,186.807692
1272,2,122.130435,186.869565
1275,2,136.416667,186.625000
1276,2,141.800000,186.640000
1277,2,146.777778,187.111111
1279,2,157.150000,187.550000
1282,2,172.461538,186.269231
1283,2,177.730769,186.846154
1284,2,181.840000,186.640000
1287,2,197.461538,187.115385
1290,2,212.000000,186.880000
1291,2,217.000000,186.916667
1292,2,222.636364,186.772727
1293,2,37.500000,192.291667
1295,2,47.090909,192.590909
1297,2,57.076923,191.884615
1298,2,62.185185,191.814815
1299,2,68.576923,191.923077
1302,2,82.086957,191.913043
1305,2,96.555556,192.222222
1308,2,112.125000,192.166667
1312,2,132.458333,191.458333
1314,2,142.115385,191.730769
1315,2,146.750000,192.416667
1317,2,157.458333,192.041667
1318,2,162.280000,192.040000
1320,2,172.500000,191.500000
1322,2,182.083333,192.083333
1325,2,196.560000,191.680000
1326,2,201.416667,192.250000
1328,2,211.695652,191.782609
1329,2,217.000000,192.000000
1330,2,221.888889,191.777778
1334,2,57.000000,196.826087
1336,2,66.880000,197.280000
1344,2,106.681818,197.636364
1346,2,117.100000,196.400000
1349,2,132.037037,196.518519
1350,2,136.125000,198.041667
1354,2,156.760000,197.080000
1357,2,172.000000,197.500000
1358,2,177.230769,196.807692
1359,2,182.037037,197.222222
1360,2,186.640000,196.760000
1361,2,191.846154,197.346154
1363,2,202.120000,197.040000
1365,2,212.250000,196.178571
1366,2,217.000000,197.291667
1368,2,51.958333,202.083333
1369,2,56.739130,201.304348
1370,2,61.960000,201.920000
1372,2,73.739130,202.391304
1375,2,87.166667,202.750000
1377,2,96.869565,202.130435
1381,2,117.370370,201.740741
1382,2,122.038462,201.538462
1383,2,126.708333,202.000000
1384,2,132.375000,202.333333
1385,2,137.521739,201.652174
1386,2,142.000000,202.500000
1387,2,147.125000,201.708333
1391,2,165.965517,202.275862
1392,2,172.041667,202.000000
1396,2,192.000000,202.000000
1399,2,208.208333,202.250000
1400,2,211.454545,200.863636
1402,2,57.040000,206.760000
1403,2,61.758621,207.413793
1406,2,76.760000,206.960000
1411,2,101.916667,207.083333
1412,2,107.240000,206.920000
1414,2,116.478261,207.217391
1417,2,131.826087,206.956522
1418,2,136.818182,206.954545
1419,2,141.692308,207.192308
1420,2,146.458333,206.875000
1421,2,151.653846,207.307692
1422,2,156.521739,206.869565
1423,2,162.040000,206.960000
1424,2,166.727273,206.863636
1425,2,171.720000,206.800000
1427,2,181.521739,206.652174
1428,2,187.040000,206.840000
1429,2,192.080000,206.920000
1435,2,66.590909,211.727273
1440,2,92.363636,212.136364
1446,2,121.800000,211.160000
1448,2,131.809524,212.095238
1450,2,141.695652,211.869565
1451,2,147.230769,211.769231
1454,2,161.600000,212.200000
1455,2,166.678571,211.964286
1456,2,171.560000,211.600000
1458,2,182.680000,211.720000
1459,2,187.040000,211.920000
1464,2,67.423077,216.692308
1466,2,77.409091,216.136364
1467,2,81.840000,216.880000
1468,2,86.652174,217.000000
1470,2,96.800000,217.040000
1476,2,126.916667,216.166667
1478,2,137.407407,217.185185
1480,2,146.576923,216.346154
1484,2,167.925926,217.296296
1485,2,172.333333,217.041667
1486,2,176.500000,216.571429
1487,2,181.518519,216.777778
1488,2,187.259259,217.148148
1493,2,77.391304,222.000000
1494,2,82.560000,222.040000
1496,2,91.625000,222.166667
1497,2,96.875000,221.583333
1498,2,101.565217,222.130435
1500,2,111.583333,222.416667
1505,2,136.360000,221.760000
1508,2,151.880000,221.760000
1509,2,157.217391,221.913043
1510,2,162.038462,221.961538
1512,2,171.958333,222.291667
1514,2,182.037037,222.185185
1515,2,186.615385,222.576923
1516,2,191.720000,221.960000
1518,2,81.291667,227.458333
1521,2,97.230769,226.730769
1522,2,101.960000,227.720000
1523,2,106.846154,227.038462
1528,2,131.791667,227.500000
1530,2,141.440000,226.840000
1532,2,152.925926,227.407407
1533,2,157.521739,226.782609
1535,2,166.038462,226.730769
1537,2,176.360000,227.600000
1540,2,91.666667,231.833333
1541,2,97.000000,231.409091
1544,2,112.307692,232.461538
1546,2,121.458333,231.875000
1547,2,126.800000,231.840000
1548,2,132.208333,232.291667
1551,2,146.884615,231.884615
1552,2,151.769231,231.615385
1553,2,157.083333,232.000000
1554,2,161.769231,231.807692
1555,2,166.500000,232.500000
1559,2,106.925926,236.333333
1560,2,111.391304,238.130435
1561,2,116.160000,237.200000
1562,2,122.280000,236.880000
1566,2,141.272727,237.636364
1567,2,146.640000,236.560000
1568,2,151.560000,237.160000
1570,2,161.500000,237.000000
7,1,132.000000,22.115385
11,1,151.956522,22.086957
13,1,88.076923,27.923077
14,1,92.440000,27.280000
15,1,96.807692,26.076923
16,1,100.807692,27.846154
17,1,106.695652,26.913043
21,1,126.730769,27.346154
22,1,131.560000,26.920000
23,1,136.931034,26.551724
24,1,141.730769,26.961538
25,1,147.379310,26.827586
26,1,152.960000,27.000000
28,1,161.666667,27.375000
29,1,166.629630,26.851852
30,1,171.500000,27.208333
32,1,82.909091,32.454545
33,1,85.960000,31.440000
36,1,102.444444,32.000000
38,1,111.916667,32.625000
40,1,121.920000,32.120000
44,1,142.423077,31.692308
46,1,151.680000,31.520000
49,1,167.869565,31.391304
52,1,181.240000,33.080000
54,1,77.720000,37.960000
55,1,82.307692,36.538462
56,1,87.760000,36.960000
57,1,91.916667,37.416667
59,1,102.080000,37.400000
63,1,122.259259,37.444444
64,1,126.200000,36.800000
65,1,131.600000,37.240000
66,1,137.423077,37.500000
67,1,141.962963,36.037037
68,1,146.434783,37.434783
74,1,178.703704,37.925926
75,1,181.250000,36.791667
76,1,186.291667,36.416667
77,1,191.360000,37.560000
78,1,61.840000,42.720000
79,1,67.083333,41.750000
80,1,71.576923,42.076923
84,1,92.555556,41.444444
87,1,106.652174,42.217391
88,1,111.360000,41.840000
90,1,122.500000,43.166667
95,1,146.840000,41.000000
96,1,151.960000,41.720000
97,1,157.269231,42.576923
100,1,172.148148,42.333333
102,1,181.800000,42.300000
104,1,192.260870,41.739130
106,1,56.520000,46.320000
108,1,67.333333,47.037037
109,1,71.615385,47.692308
110,1,77.555556,46.962963
111,1,81.521739,46.260870
112,1,86.846154,46.923077
114,1,96.360000,47.440000
119,1,121.692308,46.769231
122,1,137.000000,47.120000
123,1,142.192308,46.576923
124,1,147.615385,46.500000
126,1,156.615385,47.230769
129,1,172.653846,47.423077
130,1,176.961538,46.923077
136,1,52.269231,51.769231
144,1,92.920000,53.040000
145,1,97.461538,52.576923
147,1,106.840000,52.440000
150,1,121.814815,52.037037
151,1,126.384615,52.384615
156,1,151.576923,51.846154
159,1,167.384615,52.615385
161,1,177.357143,51.964286
162,1,182.080000,52.160000
165,1,197.777778,51.666667
167,1,207.043478,52.565217
170,1,56.400000,56.880000
172,1,66.821429,58.035714
175,1,82.320000,57.040000
176,1,86.961538,56.461538
179,1,102.913043,57.000000
182,1,116.576923,57.692308
183,1,121.695652,57.521739
187,1,142.080000,57.240000
189,1,152.000000,56.576923
190,1,157.153846,57.115385
192,1,166.280000,56.400000
198,1,196.592593,56.000000
203,1,47.869565,61.434783
206,1,62.153846,62.269231
207,1,67.892857,62.071429
208,1,72.280000,62.640000
211,1,87.000000,62.000000
216,1,112.500000,61.923077
217,1,117.272727,62.545455
218,1,122.481481,61.851852
222,1,142.095238,62.428571
225,1,156.777778,61.296296
229,1,177.360000,61.800000
230,1,181.304348,63.130435
231,1,186.720000,62.080000
234,1,201.962963,62.111111
237,1,218.120000,63.920000
245,1,77.272727,67.045455
247,1,86.821429,66.928571
248,1,91.869565,66.869565
249,1,96.892857,67.464286
250,1,102.347826,66.913043
251,1,107.080000,67.040000
259,1,147.074074,66.703704
263,1,167.230769,67.307692
264,1,172.615385,65.653846
265,1,177.461538,67.538462
266,1,183.280000,65.800000
268,1,192.115385,66.653846
269,1,196.230769,67.692308
271,1,206.500000,66.708333
272,1,211.041667,66.666667
273,1,215.840000,67.040000
276,1,41.958333,72.083333
279,1,57.000000,72.521739
281,1,68.208333,72.083333
285,1,87.160000,72.400000
289,1,106.125000,71.833333
290,1,111.541667,71.750000
291,1,116.640000,72.440000
292,1,122.259259,72.851852
293,1,125.814815,70.814815
294,1,132.875000,71.541667
296,1,143.520000,70.760000
298,1,152.043478,72.043478
300,1,161.777778,72.074074
301,1,167.607143,72.250000
302,1,171.923077,70.961538
304,1,182.458333,71.958333
305,1,186.038462,71.461538
306,1,191.920000,72.240000
307,1,197.318182,71.954545
311,1,217.346154,72.923077
312,1,221.925926,72.518519
314,1,37.391304,77.130435
315,1,42.043478,75.869565
318,1,56.961538,78.730769
323,1,82.416667,77.833333
324,1,86.192308,76.576923
327,1,101.782609,77.130435
333,1,131.035714,76.035714
334,1,136.458333,77.250000
335,1,141.280000,75.600000
337,1,151.958333,78.166667
338,1,154.416667,76.708333
339,1,161.846154,75.730769
341,1,172.821429,77.035714
343,1,182.080000,76.920000
344,1,187.307692,76.307692
345,1,191.714286,76.523810
349,1,211.320000,77.360000
351,1,221.777778,77.962963
353,1,32.923077,81.500000
354,1,37.115385,82.846154
355,1,42.040000,81.200000
356,1,46.440000,81.920000
358,1,56.333333,82.518519
359,1,62.541667,81.458333
360,1,66.666667,82.037037
363,1,82.260870,82.173913
364,1,87.250000,81.750000
367,1,102.222222,81.925926
369,1,111.750000,82.750000
376,1,146.608696,81.173913
377,1,152.346154,81.730769
378,1,158.407407,80.333333
381,1,171.629630,81.629630
387,1,201.480000,82.280000
388,1,207.240000,82.320000
393,1,28.142857,85.857143
398,1,51.846154,87.115385
399,1,56.961538,86.884615
400,1,60.920000,88.080000
406,1,92.000000,87.125000
407,1,96.200000,87.240000
410,1,112.230769,87.692308
412,1,121.250000,86.035714
414,1,132.160000,87.520000
416,1,142.192308,87.000000
419,1,156.800000,87.160000
420,1,161.217391,86.695652
423,1,176.750000,87.392857
425,1,187.538462,87.038462
428,1,201.636364,88.227273
429,1,204.920000,86.080000
432,1,222.960000,87.880000
433,1,226.640000,87.200000
437,1,37.400000,92.520000
438,1,42.642857,91.464286
439,1,47.695652,92.869565
440,1,52.090909,92.500000
441,1,56.600000,91.960000
443,1,66.954545,91.681818
447,1,88.280000,93.480000
448,1,91.851852,91.740741
452,1,111.666667,92.370370
453,1,117.600000,92.400000
454,1,121.740741,89.888889
455,1,127.000000,91.814815
456,1,131.962963,91.814815
457,1,136.925926,92.148148
458,1,142.440000,91.120000
460,1,152.440000,91.080000
461,1,157.000000,92.125000
464,1,172.333333,92.285714
465,1,177.814815,91.185185
466,1,181.600000,93.120000
467,1,186.600000,92.000000
468,1,191.192308,92.692308
469,1,196.958333,92.041667
471,1,207.888889,91.555556
475,1,227.320000,91.680000
478,1,32.000000,96.500000
484,1,62.481481,96.777778
486,1,72.583333,96.458333
487,1,76.037037,97.259259
488,1,81.739130,97.086957
489,1,85.678571,96.857143
491,1,97.185185,96.555556
494,1,112.769231,97.692308
495,1,116.807692,96.384615
496,1,122.720000,96.080000
499,1,137.040000,96.960000
500,1,142.400000,97.000000
502,1,151.392857,95.464286
503,1,157.148148,97.481481
505,1,166.785714,97.035714
506,1,172.384615,96.192308
510,1,192.653846,96.538462
512,1,201.880000,97.640000
514,1,211.960000,96.840000
516,1,220.875000,97.750000
521,1,27.458333,102.291667
524,1,42.041667,101.750000
527,1,56.173913,101.652174
529,1,66.913043,101.304348
530,1,71.360000,102.040000
531,1,77.000000,101.440000
533,1,87.000000,102.160000
536,1,102.041667,103.166667
538,1,112.640000,101.880000
539,1,117.666667,101.541667
541,1,127.000000,102.000000
544,1,140.964286,100.821429
545,1,146.115385,101.730769
547,1,155.538462,101.884615
549,1,168.259259,101.888889
553,1,186.230769,102.653846
554,1,191.500000,101.666667
555,1,196.217391,101.652174
559,1,217.500000,102.708333
562,1,231.375000,101.458333
564,1,22.416667,106.791667
566,1,32.076923,107.961538
568,1,42.576923,106.538462
569,1,47.772727,106.954545
570,1,52.923077,106.730769
572,1,62.814815,106.370370
573,1,67.640000,106.640000
574,1,72.800000,107.560000
575,1,76.730769,105.384615
577,1,87.250000,107.285714
579,1,97.178571,107.571429
580,1,102.545455,106.181818
581,1,106.958333,107.333333
584,1,122.259259,106.407407
587,1,137.040000,106.600000
588,1,141.920000,106.840000
592,1,162.130435,106.782609
593,1,167.280000,107.440000
596,1,181.708333,107.916667
598,1,190.962963,107.518519
599,1,195.793103,106.689655
601,1,206.962963,106.851852
603,1,217.625000,106.875000
604,1,221.760000,107.160000
606,1,232.750000,108.125000
607,1,237.280000,107.480000
610,1,32.160000,112.480000
613,1,46.730769,110.884615
615,1,57.400000,111.520000
616,1,62.000000,112.925926
617,1,66.958333,111.375000
621,1,88.750000,113.428571
622,1,92.821429,111.964286
623,1,98.416667,112.750000
625,1,107.807692,111.423077
626,1,112.400000,111.840000
631,1,137.000000,111.541667
634,1,152.923077,112.307692
635,1,158.478261,112.869565
636,1,162.166667,111.041667
637,1,166.892857,111.892857
638,1,171.923077,112.461538
639,1,177.217391,111.826087
640,1,182.608696,112.913043
642,1,191.608696,112.521739
645,1,206.592593,111.518519
647,1,216.464286,111.928571
650,1,231.600000,109.920000
651,1,235.869565,112.826087
652,1,21.962963,117.222222
654,1,31.800000,117.760000
655,1,36.814815,117.000000
658,1,52.304348,116.000000
659,1,55.739130,117.304348
660,1,62.360000,115.600000
662,1,72.222222,116.851852
663,1,76.962963,117.296296
664,1,81.217391,116.739130
665,1,86.208333,116.833333
666,1,91.260870,117.652174
667,1,97.555556,117.185185
668,1,101.714286,117.964286
669,1,107.961538,117.000000
671,1,116.814815,117.740741
674,1,131.375000,116.625000
676,1,141.038462,116.730769
677,1,146.307692,116.346154
679,1,156.520000,116.360000
684,1,181.480000,116.560000
685,1,187.296296,117.407407
686,1,193.080000,117.320000
687,1,196.500000,116.076923
688,1,201.130435,117.782609
690,1,212.400000,116.520000
691,1,217.041667,117.583333
692,1,222.346154,116.692308
695,1,237.320000,117.360000
696,1,22.333333,122.333333
698,1,32.520000,122.800000
699,1,37.037037,122.296296
700,1,42.208333,122.000000
701,1,47.481481,121.259259
703,1,57.466667,120.866667
704,1,61.928571,121.821429
707,1,77.357143,122.285714
708,1,82.653846,121.730769
709,1,87.000000,121.652174
710,1,92.888889,121.074074
711,1,98.320000,122.360000
712,1,103.363636,123.363636
713,1,106.857143,120.535714
715,1,117.423077,123.384615
717,1,127.043478,122.043478
719,1,136.800000,122.120000
724,1,161.916667,121.750000
725,1,167.360000,123.400000
727,1,175.800000,121.880000
729,1,187.960000,122.600000
733,1,207.130435,121.434783
734,1,212.320000,121.920000
735,1,218.400000,122.400000
736,1,222.000000,121.600000
737,1,226.666667,121.666667
739,1,236.428571,121.928571
740,1,22.000000,126.960000
744,1,42.692308,126.115385
746,1,52.206897,127.551724
747,1,57.461538,126.500000
748,1,62.125000,127.333333
750,1,72.777778,128.111111
751,1,76.920000,127.280000
754,1,92.148148,126.777778
755,1,97.086957,125.826087
756,1,101.880000,128.040000
757,1,106.956522,127.000000
759,1,116.833333,127.500000
760,1,123.000000,126.500000
761,1,126.958333,127.000000
763,1,137.269231,126.846154
765,1,146.875000,127.041667
767,1,156.130435,126.695652
768,1,161.500000,126.423077
769,1,165.640000,128.200000
771,1,177.192308,125.500000
772,1,181.555556,125.185185
779,1,217.642857,126.857143
780,1,221.200000,127.480000
781,1,225.961538,127.769231
782,1,231.560000,126.680000
783,1,236.640000,127.160000
784,1,21.680000,132.000000
786,1,32.038462,131.538462
790,1,52.640000,133.240000
791,1,58.148148,130.888889
792,1,62.640000,132.720000
793,1,66.960000,132.080000
795,1,77.576923,133.076923
798,1,93.185185,132.370370
799,1,97.375000,131.291667
800,1,102.880000,131.960000
802,1,111.560000,132.000000
803,1,116.925926,131.925926
805,1,127.200000,131.040000
809,1,146.875000,131.416667
810,1,152.785714,132.000000
813,1,167.166667,133.208333
815,1,176.208333,130.708333
817,1,187.200000,131.840000
821,1,208.148148,132.333333
822,1,212.125000,131.500000
824,1,222.500000,133.500000
825,1,227.384615,131.692308
828,1,21.920000,137.200000
831,1,37.153846,137.423077
832,1,42.000000,137.033333
833,1,47.043478,136.304348
835,1,56.800000,136.800000
837,1,66.652174,137.869565
839,1,76.956522,138.434783
844,1,102.370370,136.444444
845,1,106.434783,138.173913
847,1,116.800000,135.960000
848,1,121.400000,136.800000
849,1,127.500000,136.769231
850,1,132.360000,137.680000
852,1,142.000000,137.173913
853,1,146.851852,136.407407
854,1,152.000000,137.360000
857,1,168.500000,136.958333
858,1,172.653846,137.115385
859,1,177.851852,135.777778
865,1,207.280000,135.920000
870,1,232.192308,136.769231
872,1,22.259259,141.925926
873,1,27.500000,142.083333
879,1,56.960000,141.960000
883,1,78.000000,141.962963
884,1,83.000000,142.458333
885,1,86.956522,142.826087
886,1,92.481481,142.444444
892,1,122.076923,141.692308
893,1,126.962963,142.185185
895,1,137.500000,141.318182
898,1,151.153846,141.269231
899,1,158.040000,143.360000
900,1,161.760000,141.680000
902,1,172.360000,141.640000
905,1,186.680000,142.280000
906,1,191.160000,141.480000
914,1,232.333333,141.185185
916,1,22.458333,146.416667
919,1,36.608696,147.000000
921,1,46.478261,147.913043
924,1,62.000000,146.750000
925,1,67.521739,147.956522
926,1,72.115385,146.346154
927,1,75.923077,148.153846
928,1,80.960000,146.560000
929,1,87.040000,147.760000
931,1,96.708333,147.416667
936,1,121.880000,147.160000
937,1,126.461538,147.269231
939,1,136.346154,147.153846
940,1,141.000000,147.520000
943,1,156.500000,147.071429
944,1,162.560000,146.840000
945,1,167.320000,147.240000
952,1,202.307692,147.192308
954,1,213.040000,148.040000
955,1,216.592593,147.111111
958,1,232.076923,146.307692
959,1,236.791667,148.125000
960,1,21.814815,152.000000
965,1,47.000000,152.440000
966,1,51.280000,151.520000
967,1,56.217391,152.260870
968,1,61.692308,151.153846
970,1,71.678571,152.892857
971,1,78.360000,151.400000
976,1,101.384615,152.115385
977,1,106.500000,151.892857
978,1,112.185185,152.370370
980,1,121.920000,152.000000
983,1,138.166667,151.916667
984,1,142.760000,151.240000
985,1,146.958333,152.416667
986,1,152.260870,151.913043
987,1,156.791667,152.458333
988,1,162.333333,152.125000
989,1,165.958333,151.375000
994,1,192.800000,151.880000
997,1,207.517241,152.620690
999,1,215.961538,152.961538
1000,1,220.846154,152.846154
1001,1,225.880000,151.720000
1002,1,231.607143,152.500000
1003,1,235.444444,151.222222
1005,1,27.576923,156.307692
1007,1,37.000000,157.000000
1009,1,46.814815,157.074074
1010,1,52.560000,157.560000
1012,1,61.433333,156.466667
1016,1,82.583333,158.208333
1017,1,87.782609,157.739130
1018,1,91.680000,156.640000
1020,1,101.807692,157.153846
1023,1,117.217391,156.826087
1028,1,142.086957,157.521739
1029,1,146.703704,156.185185
1030,1,151.307692,156.269231
1031,1,156.080000,158.160000
1033,1,166.416667,156.375000
1036,1,182.115385,157.230769
1037,1,187.666667,156.416667
1038,1,191.960000,157.280000
1039,1,196.954545,157.181818
1041,1,207.708333,159.083333
1042,1,212.653846,157.115385
1043,1,217.538462,159.038462
1044,1,222.520000,156.720000
1048,1,27.366667,161.366667
1049,1,32.590909,163.545455
1051,1,42.120000,162.200000
1053,1,50.846154,161.923077
1055,1,62.727273,161.681818
1057,1,72.038462,161.384615
1058,1,76.115385,162.384615
1059,1,81.416667,162.333333
1063,1,102.777778,161.481481
1064,1,107.535714,161.892857
1067,1,121.045455,161.681818
1069,1,131.384615,162.153846
1074,1,158.538462,160.384615
1075,1,162.607143,162.821429
1078,1,177.653846,160.923077
1079,1,182.148148,163.370370
1080,1,187.259259,161.555556
1083,1,202.217391,161.260870
1084,1,207.076923,161.884615
1086,1,217.347826,163.782609
1090,1,236.400000,161.640000
1091,1,27.680000,166.920000
1092,1,32.652174,167.000000
1093,1,37.185185,167.370370
1095,1,46.347826,167.217391
1096,1,51.833333,166.000000
1097,1,56.413793,167.172414
1098,1,61.555556,166.703704
1099,1,66.440000,167.240000
1101,1,77.000000,167.333333
1102,1,81.666667,166.541667
1103,1,87.520000,167.160000
1104,1,92.041667,167.500000
1105,1,97.320000,165.920000
1109,1,118.360000,167.760000
1110,1,122.115385,167.653846
1113,1,137.695652,168.260870
1114,1,142.080000,166.800000
1116,1,152.185185,168.074074
1119,1,167.384615,167.576923
1122,1,182.041667,167.083333
1126,1,202.500000,166.000000
1129,1,217.166667,167.416667
1130,1,222.320000,167.840000
1131,1,227.347826,166.260870
1134,1,32.000000,171.880000
1135,1,38.200000,174.000000
1136,1,41.652174,171.217391
1137,1,47.208333,172.083333
1138,1,51.461538,171.615385
1140,1,62.148148,171.851852
1141,1,67.560000,171.720000
1142,1,71.600000,171.880000
1144,1,81.692308,173.038462
1146,1,92.320000,171.960000
1148,1,101.708333,172.333333
1149,1,106.653846,171.500000
1152,1,122.222222,172.777778
1155,1,136.720000,170.360000
1158,1,151.458333,172.583333
1160,1,161.640000,173.000000
1161,1,166.384615,171.500000
1163,1,177.800000,172.880000
1164,1,180.208333,170.916667
1171,1,216.583333,171.875000
1172,1,222.461538,172.730769
1173,1,226.416667,170.500000
1174,1,231.363636,171.863636
1176,1,38.272727,175.409091
1177,1,43.000000,177.080000
1179,1,52.346154,176.576923
1182,1,67.038462,177.269231
1185,1,83.120000,177.000000
1188,1,96.884615,177.076923
1189,1,101.800000,177.280000
1191,1,112.440000,177.400000
1192,1,116.782609,177.130435
1194,1,127.291667,176.458333
1196,1,137.000000,176.538462
1200,1,157.629630,176.925926
1201,1,163.384615,176.961538
1202,1,167.909091,177.318182
1203,1,172.125000,176.083333
1204,1,176.913043,176.739130
1205,1,182.360000,176.280000
1206,1,187.240000,178.120000
1207,1,191.153846,176.807692
1208,1,197.500000,176.958333
1211,1,212.440000,176.960000
1212,1,217.478261,177.130435
1214,1,226.450000,176.550000
1221,1,62.080000,182.480000
1222,1,66.640000,182.680000
1223,1,71.269231,181.423077
1224,1,77.464286,182.607143
1225,1,81.166667,181.666667
1226,1,87.653846,181.846154
1227,1,93.615385,181.500000
1228,1,97.730769,182.961538
1229,1,103.043478,181.521739
1230,1,107.347826,180.956522
1233,1,122.307692,181.423077
1234,1,126.875000,181.750000
1239,1,152.800000,182.320000
1240,1,156.692308,181.884615
1245,1,182.407407,181.222222
1246,1,186.500000,182.500000
1247,1,192.291667,181.208333
1248,1,196.076923,181.115385
1250,1,207.321429,181.500000
1252,1,217.080000,182.280000
1253,1,221.576923,182.076923
1255,1,37.461538,186.923077
1256,1,42.000000,186.777778
1257,1,47.217391,187.565217
1259,1,56.629630,186.740741
1260,1,61.760000,186.720000
1263,1,77.148148,187.444444
1265,1,86.538462,187.923077
1266,1,92.153846,186.346154
1267,1,97.625000,187.583333
1268,1,102.160000,186.640000
1273,1,127.259259,186.925926
1274,1,131.576923,186.230769
1278,1,152.360000,186.720000
1280,1,162.230769,186.384615
1281,1,166.481481,188.222222
1285,1,187.000000,186.958333
1286,1,191.923077,186.846154
1288,1,203.080000,187.920000
1289,1,206.714286,186.071429
1294,1,42.600000,190.760000
1296,1,52.320000,192.360000
1300,1,72.120000,192.600000
1301,1,76.500000,193.076923
1303,1,88.821429,191.285714
1304,1,91.125000,192.625000
1306,1,102.481481,191.888889
1307,1,107.518519,191.851852
1309,1,117.080000,192.360000
1310,1,121.923077,191.038462
1311,1,127.800000,192.600000
1313,1,137.375000,192.000000
1316,1,151.966667,191.400000
1319,1,167.962963,192.296296
1321,1,176.680000,191.880000
1323,1,187.833333,190.708333
1324,1,191.347826,192.304348
1327,1,206.500000,191.833333
1331,1,42.851852,196.814815
1332,1,47.080000,197.520000
1333,1,51.250000,196.625000
1335,1,61.629630,196.888889
1337,1,71.115385,198.769231
1338,1,76.458333,197.166667
1339,1,82.307692,196.115385
1340,1,87.416667,197.208333
1341,1,93.807692,197.384615
1342,1,97.821429,197.250000
1343,1,102.692308,197.307692
1345,1,112.148148,197.518519
1347,1,122.500000,195.576923
1348,1,126.962963,197.592593
1351,1,140.800000,197.200000
1352,1,146.000000,196.703704
1353,1,152.440000,196.480000
1355,1,161.920000,196.840000
1356,1,167.384615,197.192308
1362,1,196.000000,195.730769
1364,1,206.761905,196.809524
1367,1,46.480000,201.960000
1371,1,67.000000,202.560000
1373,1,78.720000,201.680000
1374,1,82.880000,200.360000
1376,1,91.576923,202.769231
1378,1,102.916667,203.125000
1379,1,107.142857,200.892857
1380,1,112.954545,202.045455
1388,1,151.555556,201.851852
1389,1,157.076923,202.769231
1390,1,160.826087,200.652174
1393,1,177.964286,202.285714
1394,1,183.523810,201.761905
1395,1,186.173913,202.304348
1397,1,197.391304,201.173913
1398,1,202.653846,201.576923
1401,1,53.565217,207.086957
1404,1,67.269231,206.692308
1405,1,71.708333,207.875000
1407,1,82.083333,206.666667
1408,1,86.576923,208.038462
1409,1,91.708333,206.666667
1410,1,96.571429,207.428571
1413,1,111.708333,207.125000
1415,1,121.740741,206.592593
1416,1,126.916667,207.083333
1426,1,176.600000,206.560000
1430,1,196.551724,207.172414
1431,1,201.518519,206.037037
1432,1,206.391304,206.260870
1433,1,56.565217,211.782609
1434,1,61.807692,212.576923
1436,1,72.653846,213.384615
1437,1,76.320000,210.720000
1438,1,81.961538,211.500000
1439,1,87.269231,212.807692
1441,1,97.000000,211.875000
1442,1,102.037037,211.851852
1443,1,106.480000,212.440000
1444,1,111.769231,212.038462
1445,1,117.814815,212.555556
1447,1,126.851852,211.962963
1449,1,136.178571,212.000000
1452,1,152.384615,212.538462
1453,1,156.961538,211.692308
1457,1,177.259259,211.703704
1460,1,193.153846,213.538462
1461,1,196.440000,211.520000
1462,1,201.500000,211.791667
1463,1,62.500000,217.346154
1465,1,72.120000,217.320000
1469,1,91.640000,218.080000
1471,1,102.240000,216.680000
1472,1,106.500000,218.076923
1473,1,111.583333,216.958333
1474,1,116.222222,216.740741
1475,1,121.428571,217.142857
1477,1,132.115385,217.423077
1479,1,142.280000,216.880000
1481,1,152.230769,217.346154
1482,1,157.291667,217.541667
1483,1,162.400000,216.960000
1489,1,191.814815,216.888889
1490,1,197.240000,217.400000
1491,1,67.720000,221.960000
1492,1,72.884615,221.961538
1495,1,86.807692,223.153846
1499,1,106.608696,222.521739
1501,1,116.142857,222.285714
1502,1,121.520000,222.840000
1503,1,126.285714,220.892857
1504,1,130.625000,221.958333
1506,1,142.538462,222.000000
1507,1,147.444444,222.296296
1511,1,167.703704,222.962963
1513,1,177.230769,222.115385
1517,1,77.409091,226.545455
1519,1,86.153846,227.384615
1520,1,91.714286,226.714286
1524,1,111.666667,227.791667
1525,1,117.360000,226.360000
1526,1,121.153846,227.461538
1527,1,126.785714,226.142857
1529,1,136.962963,226.185185
1531,1,146.230769,227.384615
1534,1,162.368421,227.421053
1536,1,171.440000,227.560000
1538,1,181.291667,227.250000
1539,1,86.521739,231.869565
1542,1,101.518519,233.296296
1543,1,107.260870,231.869565
1545,1,117.307692,233.115385
1549,1,136.318182,230.727273
1550,1,141.000000,232.428571
1556,1,171.148148,232.629630
1557,1,96.961538,236.653846
1558,1,102.608696,237.869565
1563,1,127.115385,236.961538
1564,1,131.608696,236.782609
1565,1,137.080000,236.080000
1569,1,156.250000,236.750000
