ID,type,x COM, y COM
2,2,111.615385,21.730769
5,2,121.173913,21.956522
6,2,126.240000,21.640000
7,2,133.346154,22.153846
9,2,143.875000,22.458333
10,2,151.304348,21.913043
12,2,156.727273,24.181818
13,2,86.000000,31.125000
14,2,91.913043,25.782609
15,2,97.000000,27.565217
16,2,98.304348,24.260870
18,2,111.913043,25.565217
19,2,112.500000,29.500000
22,2,130.880000,26.520000
23,2,136.000000,26.454545
26,2,153.681818,28.636364
31,2,79.391304,34.347826
34,2,91.962963,30.296296
38,2,111.739130,34.521739
39,2,116.583333,33.708333
41,2,129.291667,32.458333
42,2,133.541667,32.041667
45,2,148.500000,33.500000
46,2,153.913043,33.521739
47,2,157.833333,30.000000
51,2,176.040000,31.920000
53,2,73.727273,36.363636
55,2,83.250000,35.416667
57,2,94.000000,36.304348
58,2,97.708333,31.916667
61,2,115.090909,38.227273
62,2,119.880000,38.960000
63,2,121.260870,33.434783
65,2,129.272727,36.909091
66,2,134.703704,36.777778
67,2,141.708333,36.458333
76,2,186.875000,35.916667
77,2,194.571429,40.142857
78,2,61.586207,41.827586
79,2,67.708333,38.541667
81,2,78.375000,44.541667
82,2,79.576923,39.538462
84,2,93.777778,42.481481
85,2,101.363636,42.363636
87,2,106.409091,43.454545
88,2,111.875000,43.708333
89,2,116.240000,43.760000
90,2,121.000000,44.200000
91,2,125.259259,40.518519
92,2,130.360000,41.800000
93,2,137.565217,39.652174
94,2,138.047619,43.523810
96,2,154.222222,41.037037
98,2,157.333333,44.583333
100,2,174.800000,47.000000
101,2,177.125000,41.916667
103,2,187.541667,39.541667
109,2,74.000000,45.750000
110,2,78.652174,49.043478
113,2,91.083333,46.916667
114,2,97.000000,45.600000
115,2,101.600000,46.920000
117,2,108.041667,51.875000
118,2,113.115385,49.346154
122,2,135.037037,49.814815
125,2,150.000000,52.590909
130,2,179.666667,45.583333
131,2,182.956522,46.695652
132,2,187.520000,47.360000
133,2,193.083333,48.333333
134,2,197.636364,48.590909
135,2,199.400000,43.880000
136,2,54.440000,53.880000
137,2,59.391304,51.695652
138,2,63.434783,53.608696
139,2,68.120000,53.880000
140,2,73.120000,51.200000
142,2,80.500000,53.653846
144,2,94.041667,51.416667
146,2,103.000000,51.703704
151,2,123.360000,56.080000
153,2,133.500000,53.375000
155,2,150.260870,58.043478
162,2,182.230769,57.269231
166,2,203.333333,48.000000
167,2,206.083333,53.125000
170,2,57.880000,57.120000
171,2,63.814815,58.296296
173,2,76.608696,54.521739
177,2,91.565217,56.956522
179,2,104.653846,57.384615
181,2,113.384615,58.500000
183,2,128.090909,57.500000
184,2,131.347826,57.565217
185,2,135.916667,57.708333
188,2,147.043478,60.739130
190,2,157.000000,59.500000
192,2,167.217391,57.695652
195,2,181.318182,61.181818
197,2,186.958333,55.291667
200,2,203.166667,61.041667
201,2,208.440000,57.800000
202,2,42.678571,64.142857
203,2,49.125000,63.000000
204,2,54.615385,61.346154
206,2,60.240000,62.160000
211,2,88.391304,65.086957
213,2,95.120000,61.640000
214,2,100.291667,60.666667
216,2,111.208333,62.625000
219,2,133.961538,62.576923
221,2,142.259259,64.925926
223,2,149.541667,64.750000
225,2,154.043478,63.260870
227,2,168.333333,63.458333
230,2,186.086957,63.391304
231,2,189.120000,59.440000
232,2,194.956522,62.826087
233,2,198.120000,60.760000
235,2,208.560000,62.040000
236,2,214.720000,62.800000
240,2,51.652174,67.043478
244,2,72.840000,63.120000
245,2,74.166667,67.333333
247,2,91.961538,68.307692
248,2,90.545455,62.454545
252,2,114.000000,66.826087
257,2,139.125000,61.708333
259,2,145.541667,66.458333
260,2,153.500000,68.000000
263,2,166.500000,69.083333
266,2,181.625000,72.333333
268,2,190.541667,63.791667
269,2,197.360000,67.040000
271,2,207.869565,66.304348
278,2,53.173913,71.391304
280,2,65.045455,73.045455
284,2,86.120000,69.160000
285,2,87.608696,77.260870
286,2,90.760000,72.520000
287,2,96.875000,77.041667
296,2,144.120000,72.120000
297,2,150.208333,70.625000
299,2,155.826087,73.347826
300,2,162.884615,77.076923
304,2,183.560000,76.760000
306,2,191.739130,68.521739
308,2,201.814815,70.962963
309,2,203.461538,66.500000
314,2,37.380952,78.809524
317,2,53.000000,77.913043
320,2,68.708333,76.291667
321,2,72.772727,79.954545
325,2,93.115385,76.769231
327,2,106.000000,78.666667
329,2,112.217391,77.782609
333,2,134.476190,72.809524
334,2,137.040000,75.920000
336,2,142.909091,77.000000
338,2,156.600000,78.500000
340,2,165.666667,82.761905
341,2,169.695652,82.043478
344,2,188.772727,77.681818
349,2,209.708333,75.291667
351,2,221.416667,75.750000
352,2,225.307692,79.884615
354,2,40.250000,85.083333
356,2,48.125000,78.208333
357,2,48.181818,81.954545
358,2,54.840000,82.440000
361,2,78.416667,85.583333
362,2,73.545455,84.590909
365,2,92.608696,83.521739
368,2,104.875000,83.375000
370,2,117.347826,82.260870
371,2,123.846154,83.230769
372,2,128.125000,79.500000
373,2,132.884615,79.346154
374,2,136.884615,82.269231
375,2,141.200000,81.320000
378,2,157.714286,83.238095
379,2,160.880000,80.360000
383,2,182.782609,81.173913
384,2,185.826087,83.695652
385,2,191.148148,81.259259
386,2,195.920000,80.320000
388,2,208.500000,80.818182
391,2,219.869565,79.826087
392,2,231.272727,85.863636
395,2,40.166667,90.000000
397,2,49.090909,85.681818
398,2,53.100000,88.700000
399,2,56.840000,86.280000
405,2,89.760000,80.800000
407,2,93.925926,87.629630
409,2,105.884615,87.115385
410,2,112.869565,83.652174
411,2,118.240000,86.640000
416,2,141.370370,86.629630
418,2,148.407407,87.703704
419,2,154.217391,86.826087
423,2,178.791667,91.041667
425,2,189.115385,86.846154
428,2,197.916667,88.458333
429,2,201.523810,91.666667
431,2,221.782609,88.478261
432,2,220.800000,84.000000
433,2,226.192308,85.500000
438,2,39.000000,95.896552
440,2,48.703704,89.666667
443,2,67.739130,93.347826
444,2,71.615385,91.807692
445,2,76.125000,89.791667
448,2,93.840000,93.360000
449,2,98.222222,89.703704
452,2,110.375000,89.208333
453,2,115.192308,89.230769
454,2,119.840000,91.920000
455,2,126.840000,94.120000
456,2,132.041667,91.791667
457,2,137.782609,91.304348
459,2,147.347826,92.869565
460,2,152.458333,90.750000
462,2,164.920000,94.600000
466,2,183.040000,89.200000
469,2,193.772727,90.818182
471,2,208.166667,92.416667
476,2,233.791667,90.875000
477,2,25.080000,99.400000
478,2,31.777778,97.925926
479,2,35.750000,94.041667
481,2,50.708333,96.333333
482,2,55.636364,96.272727
483,2,58.521739,101.434783
484,2,62.250000,98.375000
485,2,66.961538,100.423077
486,2,71.153846,97.576923
487,2,77.269231,93.461538
488,2,81.913043,96.608696
489,2,89.454545,91.545455
490,2,90.250000,96.250000
491,2,96.040000,98.560000
492,2,99.416667,96.166667
496,2,123.333333,95.750000
497,2,130.375000,96.541667
498,2,133.541667,97.625000
499,2,137.680000,96.560000
501,2,151.720000,95.760000
504,2,161.640000,99.000000
509,2,185.375000,98.458333
510,2,190.521739,98.521739
511,2,198.826087,94.739130
513,2,208.769231,97.153846
515,2,217.500000,100.000000
516,2,222.500000,98.208333
517,2,226.428571,94.714286
518,2,232.086957,95.652174
519,2,236.565217,96.956522
520,2,23.960000,106.440000
521,2,27.434783,103.000000
522,2,32.111111,102.407407
523,2,37.160000,102.160000
527,2,54.125000,100.416667
528,2,63.583333,103.791667
529,2,70.960000,102.800000
530,2,76.800000,102.080000
532,2,81.962963,102.629630
534,2,91.640000,101.000000
538,2,116.826087,104.913043
539,2,120.120000,104.000000
541,2,125.521739,100.434783
542,2,129.833333,102.958333
543,2,134.739130,104.869565
544,2,136.913043,101.869565
547,2,157.272727,103.045455
548,2,162.240000,103.800000
549,2,166.760000,99.840000
550,2,172.346154,103.230769
551,2,175.720000,109.400000
553,2,185.090909,102.772727
554,2,190.150000,103.200000
555,2,193.888889,95.185185
558,2,212.869565,100.260870
564,2,24.692308,112.269231
567,2,34.458333,106.666667
568,2,40.538462,107.153846
569,2,45.875000,106.666667
570,2,54.083333,110.625000
571,2,57.458333,105.000000
574,2,70.884615,108.038462
575,2,75.541667,105.833333
576,2,80.320000,108.240000
579,2,96.185185,104.370370
584,2,124.208333,105.833333
585,2,128.043478,106.913043
586,2,132.500000,109.416667
587,2,136.769231,111.923077
590,2,153.227273,104.454545
591,2,158.652174,107.478261
593,2,168.074074,104.703704
596,2,186.458333,106.750000
598,2,194.000000,104.863636
600,2,202.615385,109.346154
602,2,212.304348,107.782609
603,2,215.521739,105.565217
605,2,226.000000,104.923077
606,2,232.208333,106.416667
607,2,236.555556,107.111111
608,2,22.750000,117.375000
609,2,30.120000,118.040000
610,2,32.076923,113.269231
611,2,38.250000,111.166667
612,2,47.185185,111.407407
614,2,49.304348,117.521739
616,2,62.190476,117.619048
617,2,65.375000,113.916667
618,2,70.692308,112.615385
619,2,76.045455,111.136364
622,2,90.444444,112.777778
625,2,105.217391,110.652174
626,2,113.913043,113.652174
628,2,128.136364,111.272727
631,2,141.750000,112.000000
632,2,139.607143,116.678571
634,2,149.346154,110.692308
635,2,152.413793,108.724138
637,2,165.692308,108.692308
638,2,170.772727,109.590909
639,2,173.240000,113.720000
642,2,194.960000,113.560000
643,2,198.333333,110.333333
645,2,209.590909,110.500000
647,2,216.739130,110.521739
649,2,227.560000,108.400000
651,2,235.518519,112.925926
653,2,26.086957,121.000000
655,2,35.958333,115.208333
657,2,41.740741,113.148148
659,2,54.320000,116.640000
661,2,69.280000,117.440000
663,2,80.080000,113.680000
664,2,85.333333,117.458333
665,2,85.000000,113.000000
666,2,90.454545,118.136364
671,2,111.227273,118.454545
675,2,133.739130,115.521739
676,2,144.166667,117.958333
681,2,163.333333,115.500000
684,2,177.217391,117.391304
686,2,193.772727,117.772727
687,2,199.304348,115.956522
690,2,208.320000,115.640000
692,2,217.666667,117.666667
693,2,222.680000,117.640000
694,2,230.480000,111.840000
696,2,20.869565,122.826087
697,2,30.826087,126.260870
698,2,31.000000,122.000000
700,2,41.434783,119.173913
702,2,52.038462,125.192308
703,2,54.500000,121.625000
705,2,71.680000,120.520000
706,2,63.391304,120.652174
707,2,76.370370,122.074074
708,2,80.217391,119.130435
709,2,87.407407,121.518519
711,2,93.666667,120.416667
712,2,97.769231,123.846154
714,2,115.800000,123.400000
719,2,137.304348,120.652174
720,2,141.280000,123.240000
723,2,162.653846,121.038462
725,2,165.166667,127.041667
728,2,178.730769,123.192308
737,2,219.920000,121.920000
739,2,235.590909,117.727273
740,2,20.863636,127.545455
742,2,34.791667,127.583333
745,2,48.000000,128.043478
747,2,64.869565,128.130435
749,2,65.040000,123.400000
752,2,82.423077,123.846154
755,2,94.115385,127.500000
756,2,104.880000,129.120000
758,2,113.375000,129.000000
761,2,130.120000,130.720000
764,2,146.720000,129.720000
768,2,159.615385,125.846154
774,2,190.111111,132.370370
775,2,196.833333,127.416667
779,2,219.130435,126.391304
780,2,219.040000,131.120000
782,2,235.043478,131.565217
783,2,235.760000,127.440000
786,2,30.791667,131.458333
787,2,35.347826,132.565217
789,2,49.478261,136.608696
791,2,57.500000,132.500000
794,2,68.916667,134.916667
795,2,71.461538,130.730769
796,2,82.043478,132.869565
798,2,96.652174,131.086957
799,2,100.321429,128.892857
801,2,108.625000,130.958333
802,2,112.625000,133.500000
803,2,118.416667,131.166667
804,2,119.777778,135.666667
805,2,123.041667,132.125000
806,2,133.760000,132.160000
809,2,144.000000,134.200000
812,2,160.086957,131.043478
814,2,169.560000,131.680000
818,2,193.760000,129.360000
821,2,205.520000,131.960000
826,2,230.000000,129.000000
829,2,29.863636,136.681818
830,2,34.142857,137.428571
834,2,51.925926,131.740741
835,2,58.791667,137.625000
838,2,72.739130,135.652174
839,2,76.920000,135.480000
846,2,112.576923,137.692308
847,2,117.040000,139.520000
850,2,132.565217,136.652174
851,2,138.304348,134.217391
852,2,143.434783,138.739130
854,2,152.461538,138.615385
856,2,161.333333,136.375000
860,2,186.083333,131.333333
864,2,204.916667,136.916667
865,2,209.576923,136.384615
867,2,218.791667,136.375000
868,2,222.520000,135.920000
869,2,227.000000,134.520000
870,2,230.095238,138.619048
871,2,234.916667,138.916667
872,2,23.760000,144.480000
875,2,37.923077,141.846154
876,2,41.692308,140.730769
878,2,54.480000,137.720000
879,2,58.500000,141.636364
881,2,71.458333,142.750000
885,2,86.608696,145.695652
886,2,92.040000,139.440000
887,2,96.181818,141.272727
888,2,101.730769,142.192308
889,2,107.115385,147.038462
890,2,112.800000,143.440000
891,2,117.000000,145.461538
892,2,120.840000,141.200000
895,2,138.576923,138.730769
897,2,147.153846,141.423077
898,2,156.727273,136.318182
907,2,194.480000,144.600000
915,2,237.541667,144.166667
916,2,22.000000,149.250000
922,2,54.269231,145.461538
927,2,72.521739,150.956522
928,2,82.500000,148.500000
930,2,90.869565,144.304348
934,2,112.200000,148.960000
938,2,133.304348,150.347826
942,2,146.750000,146.500000
944,2,162.869565,148.956522
945,2,166.800000,144.560000
949,2,190.875000,148.083333
951,2,196.000000,149.500000
952,2,199.625000,146.208333
953,2,208.320000,143.760000
954,2,209.565217,150.608696
957,2,228.791667,146.791667
958,2,233.105263,143.684211
961,2,30.826087,151.956522
962,2,35.227273,147.363636
963,2,34.739130,151.913043
964,2,40.708333,154.416667
966,2,51.000000,152.260870
969,2,67.000000,155.125000
970,2,71.590909,157.772727
974,2,87.695652,153.608696
977,2,105.913043,151.217391
978,2,111.692308,153.692308
979,2,116.541667,150.166667
982,2,129.478261,152.956522
983,2,138.760000,153.760000
984,2,141.333333,156.500000
988,2,162.360000,155.120000
990,2,167.772727,148.454545
994,2,194.500000,153.458333
995,2,199.962963,152.222222
1004,2,21.500000,154.636364
1006,2,36.083333,156.166667
1008,2,43.950000,159.450000
1009,2,45.080000,153.800000
1010,2,48.500000,157.458333
1014,2,67.269231,160.153846
1016,2,83.166667,154.500000
1017,2,88.708333,158.041667
1020,2,106.384615,156.192308
1022,2,112.208333,158.250000
1023,2,118.000000,154.952381
1026,2,130.240000,158.560000
1027,2,134.307692,155.576923
1028,2,139.576923,160.461538
1029,2,145.818182,153.409091
1030,2,150.615385,153.807692
1032,2,162.000000,160.360000
1034,2,173.130435,160.260870
1035,2,176.761905,158.666667
1036,2,180.958333,158.708333
1037,2,184.434783,155.782609
1039,2,194.769231,157.730769
1041,2,206.636364,158.545455
1042,2,209.478261,155.782609
1048,2,23.880000,160.960000
1050,2,33.521739,161.782609
1053,2,52.700000,155.900000
1054,2,58.000000,159.320000
1059,2,83.074074,160.370370
1060,2,87.227273,162.227273
1062,2,100.666667,163.370370
1068,2,127.740741,168.518519
1069,2,130.375000,164.416667
1070,2,134.307692,161.576923
1075,2,161.680000,165.360000
1077,2,171.680000,163.720000
1078,2,179.851852,163.629630
1081,2,191.173913,162.652174
1082,2,195.280000,162.280000
1083,2,200.250000,158.500000
1084,2,205.043478,159.608696
1087,2,225.920000,164.680000
1091,2,28.217391,163.869565
1092,2,33.400000,166.920000
1093,2,37.565217,165.173913
1099,2,69.041667,165.041667
1101,2,79.130435,162.217391
1103,2,89.760000,167.120000
1105,2,97.240000,166.040000
1106,2,104.875000,164.208333
1107,2,108.666667,164.666667
1109,2,117.791667,166.208333
1110,2,123.695652,166.565217
1112,2,134.500000,167.166667
1118,2,162.680000,169.560000
1119,2,166.360000,163.720000
1121,2,174.925926,167.259259
1124,2,191.370370,167.740741
1125,2,196.695652,168.000000
1126,2,199.920000,164.040000
1127,2,203.592593,166.185185
1132,2,232.083333,165.916667
1135,2,37.884615,171.307692
1139,2,53.350000,172.550000
1140,2,58.541667,172.791667
1145,2,89.772727,175.318182
1146,2,93.307692,166.653846
1151,2,119.083333,170.125000
1153,2,123.681818,171.909091
1155,2,134.400000,171.200000
1157,2,149.958333,170.708333
1160,2,158.555556,173.925926
1164,2,180.120000,168.520000
1165,2,184.478261,178.391304
1168,2,201.392857,172.142857
1169,2,209.208333,170.041667
1170,2,205.130435,171.565217
1171,2,213.148148,171.370370
1174,2,231.434783,172.043478
1176,2,41.583333,173.833333
1178,2,49.142857,172.000000
1179,2,51.318182,177.545455
1180,2,56.000000,175.956522
1181,2,61.925926,176.666667
1183,2,69.961538,180.346154
1184,2,75.115385,179.923077
1185,2,79.318182,176.727273
1188,2,96.480000,180.360000
1191,2,111.375000,179.750000
1197,2,142.833333,174.333333
1198,2,148.619048,175.238095
1199,2,154.130435,173.217391
1200,2,153.208333,177.625000
1202,2,166.040000,179.040000
1204,2,175.791667,176.416667
1206,2,188.040000,182.440000
1210,2,206.240000,176.760000
1211,2,211.250000,176.250000
1216,2,34.913043,183.434783
1217,2,39.500000,182.500000
1220,2,56.538462,180.538462
1221,2,61.125000,183.541667
1222,2,65.040000,182.240000
1227,2,92.080000,179.400000
1230,2,106.347826,183.521739
1233,2,126.727273,184.318182
1235,2,135.807692,182.307692
1236,2,137.791667,186.875000
1238,2,146.400000,178.040000
1244,2,171.560000,178.720000
1245,2,178.000000,180.791667
1246,2,187.791667,187.375000
1249,2,200.772727,179.318182
1250,2,204.200000,181.280000
1256,2,42.760000,186.760000
1257,2,48.217391,186.347826
1258,2,51.000000,190.153846
1262,2,73.821429,187.071429
1263,2,78.653846,190.538462
1265,2,91.954545,184.272727
1266,2,95.000000,188.576923
1267,2,97.833333,185.750000
1268,2,101.250000,182.375000
1269,2,102.840000,187.840000
1272,2,122.565217,185.695652
1274,2,131.181818,183.500000
1275,2,136.304348,190.652174
1278,2,151.590909,186.909091
1279,2,155.130435,183.434783
1280,2,157.791667,180.708333
1284,2,182.185185,184.592593
1286,2,197.043478,187.565217
1287,2,199.884615,185.576923
1289,2,203.142857,187.857143
1290,2,206.608696,185.304348
1292,2,225.307692,182.923077
1295,2,47.920000,192.560000
1297,2,54.250000,192.916667
1298,2,63.541667,192.916667
1299,2,62.240000,187.720000
1301,2,74.318182,192.045455
1302,2,82.391304,192.043478
1309,2,120.259259,189.000000
1312,2,132.000000,188.333333
1314,2,142.461538,191.884615
1316,2,155.307692,189.653846
1322,2,183.000000,188.590909
1323,2,179.739130,193.782609
1325,2,199.181818,192.318182
1326,2,203.000000,194.181818
1330,2,222.695652,187.826087
1331,2,44.961538,197.846154
1335,2,58.916667,192.083333
1336,2,65.523810,197.523810
1338,2,76.375000,195.833333
1339,2,82.000000,197.318182
1340,2,86.913043,194.521739
1343,2,99.791667,201.416667
1345,2,107.640000,201.200000
1348,2,129.181818,198.636364
1349,2,130.666667,194.380952
1350,2,134.727273,195.227273
1351,2,139.444444,194.592593
1355,2,162.315789,200.368421
1357,2,176.083333,193.666667
1358,2,179.640000,198.560000
1362,2,196.800000,197.240000
1363,2,202.260870,198.130435
1366,2,214.041667,202.208333
1367,2,49.384615,198.038462
1368,2,49.954545,204.272727
1369,2,54.238095,203.904762
1371,2,68.181818,202.227273
1372,2,71.086957,198.956522
1373,2,77.125000,199.583333
1374,2,82.652174,201.652174
1375,2,86.863636,199.863636
1376,2,92.000000,202.304348
1377,2,95.583333,200.458333
1379,2,105.130435,204.565217
1382,2,125.375000,200.625000
1383,2,130.526316,202.578947
1388,2,151.137931,207.448276
1390,2,163.653846,205.923077
1393,2,180.391304,202.434783
1395,2,185.037037,203.629630
1396,2,193.041667,199.416667
1397,2,198.851852,201.703704
1399,2,205.409091,208.045455
1400,2,208.208333,203.583333
1401,2,59.076923,207.000000
1404,2,68.833333,206.458333
1405,2,73.040000,203.960000
1412,2,99.360000,205.480000
1416,2,125.250000,205.000000
1417,2,131.666667,208.208333
1421,2,156.192308,207.769231
1423,2,160.269231,210.307692
1425,2,168.791667,204.625000
1426,2,179.826087,207.000000
1428,2,184.200000,209.000000
1429,2,190.166667,202.791667
1435,2,64.909091,208.045455
1440,2,85.916667,204.750000
1442,2,107.115385,208.846154
1447,2,126.909091,208.818182
1448,2,129.629630,212.925926
1449,2,135.608696,212.565217
1451,2,145.583333,214.208333
1452,2,153.120000,215.840000
1453,2,155.280000,213.120000
1455,2,165.000000,214.000000
1459,2,189.791667,206.916667
1461,2,194.250000,215.375000
1462,2,200.068966,212.965517
1466,2,69.960000,218.720000
1470,2,97.043478,220.913043
1473,2,112.440000,219.760000
1474,2,117.880000,217.440000
1476,2,129.160000,217.960000
1479,2,140.958333,216.041667
1481,2,149.222222,213.555556
1482,2,159.960000,215.160000
1484,2,171.640000,219.840000
1485,2,169.500000,214.166667
1487,2,181.000000,217.000000
1488,2,184.200000,219.480000
1495,2,84.720000,225.240000
1499,2,106.692308,220.807692
1501,2,117.086957,221.739130
1504,2,132.954545,224.181818
1505,2,138.461538,225.884615
1506,2,136.720000,221.320000
1507,2,146.318182,219.363636
1508,2,149.000000,222.240000
1509,2,154.043478,219.695652
1514,2,178.782609,222.652174
1516,2,185.565217,223.869565
1517,2,76.615385,227.461538
1518,2,81.521739,227.565217
1519,2,87.560000,229.760000
1521,2,99.954545,225.090909
1522,2,104.166667,230.750000
1525,2,118.041667,224.583333
1528,2,128.545455,223.181818
1530,2,141.818182,220.909091
1533,2,159.833333,228.583333
1535,2,163.750000,231.500000
1537,2,175.583333,227.333333
1538,2,181.807692,226.230769
1539,2,91.720000,231.000000
1541,2,99.500000,231.000000
1543,2,106.869565,226.173913
1544,2,113.600000,230.040000
1549,2,134.958333,230.958333
1556,2,166.769231,233.692308
1558,2,99.480000,236.560000
1559,2,103.913043,235.913043
1565,2,134.120000,236.800000
1570,2,160.120000,236.560000
1,1,103.454545,31.636364
3,1,117.080000,21.720000
4,1,118.920000,28.880000
8,1,139.720000,24.280000
11,1,150.625000,26.375000
17,1,103.692308,26.807692
20,1,118.600000,26.300000
21,1,126.240000,26.880000
24,1,142.375000,26.875000
25,1,147.478261,26.826087
27,1,175.666667,36.625000
28,1,161.880000,29.360000
29,1,161.769231,34.653846
30,1,164.880000,27.240000
32,1,87.346154,43.076923
33,1,90.913043,36.304348
35,1,100.280000,36.000000
36,1,107.954545,29.136364
37,1,104.120000,38.120000
40,1,124.695652,27.869565
43,1,142.851852,31.814815
44,1,138.160000,30.480000
48,1,169.833333,31.416667
49,1,161.240000,41.080000
50,1,176.391304,39.652174
52,1,180.217391,34.608696
54,1,69.291667,43.208333
56,1,88.166667,37.250000
59,1,99.125000,37.791667
60,1,109.666667,39.148148
64,1,124.280000,34.840000
68,1,145.916667,36.125000
69,1,148.692308,37.153846
70,1,156.280000,36.880000
71,1,165.720000,28.160000
72,1,163.814815,42.259259
73,1,167.714286,41.380952
74,1,169.518519,33.777778
75,1,172.680000,40.760000
80,1,73.962963,40.444444
83,1,85.076923,49.269231
86,1,106.521739,32.347826
95,1,146.840000,43.600000
97,1,151.200000,44.640000
99,1,170.083333,39.458333
102,1,180.863636,38.500000
104,1,194.090909,44.272727
105,1,189.041667,42.916667
106,1,63.035714,47.750000
107,1,66.520000,45.080000
108,1,68.333333,49.083333
111,1,82.727273,44.818182
112,1,85.875000,39.500000
116,1,108.038462,47.384615
119,1,128.653846,47.192308
120,1,122.478261,51.826087
121,1,132.333333,44.962963
123,1,140.423077,50.038462
124,1,148.592593,48.592593
126,1,143.074074,42.518519
127,1,154.875000,50.458333
128,1,160.875000,51.875000
129,1,174.916667,53.583333
141,1,75.333333,57.291667
143,1,88.600000,52.160000
145,1,96.720000,52.880000
147,1,107.888889,58.074074
148,1,116.958333,53.958333
149,1,115.400000,55.160000
150,1,117.481481,49.703704
152,1,124.916667,46.833333
154,1,141.541667,46.458333
156,1,158.920000,52.120000
157,1,162.115385,57.576923
158,1,159.500000,45.678571
159,1,168.652174,45.391304
160,1,165.791667,51.833333
161,1,175.833333,51.875000
163,1,175.960000,58.080000
164,1,197.000000,54.461538
165,1,191.760000,52.200000
168,1,47.833333,59.541667
169,1,50.230769,56.884615
172,1,69.720000,59.120000
174,1,81.416667,66.250000
175,1,83.615385,61.923077
176,1,86.217391,53.652174
178,1,99.111111,56.555556
180,1,105.240000,64.720000
182,1,120.304348,64.608696
186,1,127.625000,50.958333
187,1,142.875000,57.875000
189,1,143.592593,55.148148
191,1,167.629630,53.074074
193,1,172.800000,57.640000
194,1,180.392857,67.214286
196,1,184.384615,51.538462
198,1,192.280000,56.560000
199,1,201.583333,56.875000
205,1,56.560000,66.920000
207,1,67.600000,68.680000
208,1,70.541667,61.416667
209,1,78.320000,63.160000
210,1,86.954545,58.000000
212,1,89.125000,56.458333
215,1,108.680000,66.280000
217,1,117.320000,61.200000
218,1,109.576923,71.923077
220,1,138.760000,72.560000
222,1,141.869565,52.913043
224,1,154.285714,55.678571
226,1,161.208333,68.291667
228,1,175.000000,64.750000
229,1,175.846154,51.500000
234,1,200.458333,52.625000
237,1,217.642857,68.392857
238,1,46.120000,72.600000
239,1,41.392857,68.500000
241,1,58.250000,70.142857
242,1,66.080000,62.400000
243,1,62.615385,70.615385
246,1,76.961538,71.730769
249,1,97.833333,69.833333
250,1,102.384615,65.923077
251,1,101.785714,69.000000
253,1,122.666667,60.555556
254,1,127.000000,63.692308
255,1,121.692308,66.538462
256,1,127.076923,70.576923
258,1,138.192308,67.615385
261,1,163.703704,62.333333
262,1,162.384615,69.000000
264,1,166.730769,76.038462
265,1,174.269231,63.653846
267,1,183.583333,66.666667
270,1,196.840000,70.440000
272,1,213.904762,66.476190
273,1,211.960000,71.000000
274,1,220.695652,70.434783
275,1,40.400000,74.480000
276,1,36.739130,73.260870
277,1,48.454545,67.409091
279,1,60.280000,75.080000
281,1,68.208333,67.625000
282,1,82.296296,70.814815
283,1,81.333333,75.333333
288,1,100.500000,75.625000
289,1,111.720000,73.200000
290,1,120.851852,78.814815
291,1,122.086957,72.521739
292,1,117.375000,70.250000
293,1,130.280000,69.040000
294,1,129.846154,73.538462
295,1,132.166667,65.625000
298,1,158.086957,65.739130
301,1,172.148148,77.777778
302,1,170.958333,68.166667
303,1,170.600000,73.880000
305,1,190.560000,73.240000
307,1,193.807692,71.807692
310,1,208.619048,70.571429
311,1,215.703704,74.740741
312,1,212.857143,80.523810
313,1,32.541667,85.166667
315,1,48.208333,73.500000
316,1,42.041667,76.833333
318,1,57.346154,78.500000
319,1,63.136364,78.818182
322,1,72.640000,72.920000
323,1,81.913043,77.478261
324,1,80.904762,80.476190
326,1,100.555556,83.666667
328,1,97.750000,69.625000
330,1,107.333333,74.666667
331,1,118.592593,75.629630
332,1,123.692308,76.730769
335,1,148.440000,76.520000
337,1,150.720000,80.000000
339,1,164.500000,71.384615
342,1,176.480000,70.360000
343,1,176.920000,76.600000
345,1,188.615385,73.269231
346,1,200.043478,80.956522
347,1,210.708333,85.708333
348,1,205.160000,75.640000
350,1,215.826087,78.608696
353,1,33.846154,86.461538
355,1,43.708333,81.666667
359,1,56.166667,92.083333
360,1,65.192308,81.730769
363,1,75.777778,78.444444
364,1,83.920000,82.960000
366,1,98.423077,81.730769
367,1,103.269231,91.576923
369,1,109.363636,81.818182
376,1,152.653846,78.115385
377,1,146.923077,78.576923
380,1,177.520000,79.600000
381,1,176.074074,84.370370
382,1,178.500000,86.000000
387,1,202.600000,85.600000
389,1,204.434783,80.521739
390,1,214.541667,87.500000
393,1,31.461538,82.692308
394,1,35.916667,83.375000
396,1,44.583333,89.083333
400,1,61.666667,91.500000
401,1,65.192308,88.038462
402,1,66.320000,82.960000
403,1,69.956522,86.434783
404,1,86.434783,101.391304
406,1,88.250000,86.875000
408,1,107.750000,92.291667
412,1,124.379310,88.655172
413,1,132.192308,86.653846
414,1,128.034483,86.172414
415,1,135.791667,86.750000
417,1,146.615385,84.500000
420,1,171.800000,89.320000
421,1,167.160000,89.120000
422,1,159.250000,86.666667
424,1,188.458333,91.958333
426,1,193.545455,85.954545
427,1,199.640000,76.680000
430,1,202.461538,86.923077
434,1,218.000000,90.291667
435,1,27.739130,88.739130
436,1,29.259259,90.888889
437,1,30.480000,94.000000
439,1,45.310345,97.241379
441,1,62.652174,87.434783
442,1,60.440000,94.000000
446,1,82.652174,87.782609
447,1,84.720000,91.040000
450,1,105.875000,96.083333
451,1,110.481481,98.888889
458,1,142.962963,97.925926
461,1,157.777778,95.296296
463,1,162.760000,90.520000
464,1,177.740741,97.333333
465,1,168.115385,85.961538
467,1,182.727273,94.181818
468,1,185.280000,94.920000
470,1,201.250000,97.708333
472,1,211.807692,89.884615
473,1,222.500000,92.615385
474,1,215.250000,95.666667
475,1,228.629630,90.555556
480,1,44.360000,94.080000
493,1,104.538462,99.846154
494,1,119.846154,97.807692
495,1,113.708333,94.041667
500,1,142.481481,92.148148
502,1,140.925926,106.518519
503,1,158.090909,91.409091
505,1,169.750000,96.875000
506,1,172.730769,93.192308
507,1,176.409091,102.590909
508,1,176.080000,96.000000
512,1,206.750000,103.333333
514,1,214.125000,89.875000
524,1,41.884615,101.653846
525,1,50.444444,104.259259
526,1,47.120000,101.280000
531,1,77.185185,97.740741
533,1,84.875000,95.958333
535,1,98.730769,107.653846
536,1,105.800000,103.440000
537,1,111.583333,101.708333
540,1,115.666667,99.541667
545,1,147.304348,97.652174
546,1,155.208333,99.416667
552,1,179.928571,111.642857
556,1,204.653846,97.307692
557,1,198.615385,101.923077
559,1,227.136364,99.181818
560,1,220.320000,106.400000
561,1,220.560000,112.120000
562,1,234.360000,101.680000
563,1,231.458333,100.458333
565,1,30.230769,108.269231
566,1,28.583333,112.666667
572,1,61.625000,110.541667
573,1,66.111111,108.000000
577,1,86.521739,105.260870
578,1,91.360000,107.600000
580,1,105.000000,107.500000
581,1,104.037037,101.888889
582,1,109.888889,112.259259
583,1,113.166667,107.583333
588,1,145.884615,104.269231
589,1,140.259259,103.629630
592,1,161.280000,110.840000
594,1,181.800000,105.240000
595,1,179.964286,106.678571
597,1,192.785714,108.678571
599,1,196.625000,102.375000
601,1,208.400000,104.080000
604,1,225.125000,112.666667
613,1,51.040000,109.440000
615,1,58.173913,108.608696
620,1,87.240000,107.920000
621,1,97.217391,111.304348
623,1,95.678571,115.035714
624,1,103.583333,119.750000
627,1,119.136364,109.181818
629,1,124.500000,117.458333
630,1,128.304348,116.695652
633,1,149.115385,102.000000
636,1,156.083333,113.583333
640,1,187.576923,112.346154
641,1,187.590909,114.363636
644,1,204.379310,106.862069
646,1,211.346154,119.653846
648,1,222.043478,102.608696
650,1,230.703704,117.333333
652,1,25.846154,126.000000
654,1,36.666667,119.583333
656,1,47.814815,120.888889
658,1,45.461538,118.307692
660,1,58.347826,113.478261
662,1,75.481481,116.148148
667,1,104.541667,113.875000
668,1,100.208333,117.000000
669,1,102.809524,114.571429
670,1,108.250000,123.750000
672,1,115.666667,117.629630
673,1,120.185185,113.518519
674,1,131.740741,119.851852
677,1,145.260870,111.173913
678,1,150.884615,116.923077
679,1,153.043478,124.130435
680,1,157.500000,117.423077
682,1,172.772727,131.409091
683,1,167.458333,114.541667
685,1,188.384615,116.423077
688,1,202.739130,126.565217
689,1,206.875000,120.458333
691,1,214.428571,114.619048
695,1,235.280000,123.520000
699,1,40.800000,131.280000
701,1,38.370370,123.666667
704,1,58.000000,120.480000
710,1,89.185185,125.555556
713,1,110.120000,123.440000
715,1,118.360000,125.920000
716,1,123.400000,123.600000
717,1,124.173913,115.000000
718,1,125.695652,126.782609
721,1,148.240000,124.040000
722,1,154.958333,125.500000
724,1,168.791667,121.875000
726,1,170.375000,117.500000
727,1,175.320000,125.400000
729,1,181.708333,117.583333
730,1,191.538462,123.230769
731,1,185.928571,119.142857
732,1,186.576923,124.423077
733,1,203.280000,115.400000
734,1,198.777778,123.185185
735,1,215.652174,125.869565
736,1,224.409091,126.045455
738,1,226.416667,118.666667
741,1,26.200000,132.840000
743,1,43.923077,137.423077
744,1,43.681818,126.954545
746,1,57.555556,128.666667
748,1,70.520000,125.680000
750,1,73.000000,126.750000
751,1,76.875000,129.041667
753,1,85.692308,134.384615
754,1,89.958333,130.791667
757,1,102.750000,123.214286
759,1,120.000000,118.607143
760,1,129.600000,122.800000
762,1,135.960000,128.560000
763,1,144.541667,125.500000
765,1,149.240000,120.000000
766,1,154.958333,115.416667
767,1,155.583333,125.375000
769,1,170.173913,120.130435
770,1,175.400000,132.560000
771,1,181.869565,124.391304
772,1,180.565217,129.086957
773,1,190.041667,125.541667
776,1,201.703704,120.074074
777,1,208.583333,125.416667
778,1,210.642857,121.535714
781,1,231.440000,121.680000
784,1,24.450000,135.950000
785,1,23.560000,131.600000
788,1,41.307692,126.076923
790,1,59.407407,126.962963
792,1,64.750000,132.583333
793,1,65.434783,137.695652
797,1,86.000000,130.416667
800,1,104.107143,134.678571
807,1,140.720000,129.200000
808,1,134.923077,124.230769
810,1,150.840000,133.640000
811,1,153.375000,131.625000
813,1,162.280000,140.720000
815,1,180.846154,133.384615
816,1,185.440000,148.120000
817,1,182.782609,138.739130
819,1,196.200000,138.160000
820,1,196.384615,133.076923
822,1,213.115385,128.769231
823,1,214.360000,134.960000
824,1,224.583333,130.083333
825,1,227.480000,123.960000
827,1,232.862069,134.827586
828,1,22.760000,138.280000
831,1,39.666667,135.875000
832,1,48.769231,141.653846
833,1,46.291667,132.625000
836,1,65.520000,140.880000
837,1,61.913043,138.826087
840,1,80.360000,128.040000
841,1,91.500000,134.681818
842,1,86.541667,139.833333
843,1,106.384615,141.115385
844,1,97.148148,136.111111
845,1,102.038462,136.615385
848,1,125.307692,130.115385
849,1,127.760000,142.280000
853,1,145.592593,140.925926
855,1,158.280000,143.640000
857,1,170.928571,125.428571
858,1,173.600000,138.480000
859,1,182.153846,137.884615
861,1,190.518519,139.000000
862,1,202.240000,137.680000
863,1,198.846154,132.923077
866,1,209.043478,130.000000
873,1,26.541667,148.791667
874,1,27.782609,142.304348
877,1,50.041667,142.416667
880,1,68.884615,145.576923
882,1,77.833333,147.875000
883,1,75.173913,142.565217
884,1,82.416667,143.333333
893,1,126.173913,141.130435
894,1,135.760000,143.280000
896,1,139.954545,143.000000
899,1,163.956522,130.565217
900,1,154.750000,141.875000
901,1,164.500000,142.153846
902,1,166.074074,135.518519
903,1,175.125000,137.500000
904,1,181.814815,143.814815
905,1,187.608696,144.000000
906,1,188.423077,139.846154
908,1,203.576923,141.884615
909,1,199.080000,140.760000
910,1,212.640000,141.480000
911,1,216.208333,140.625000
912,1,222.038462,145.615385
913,1,224.416667,141.666667
914,1,228.130435,142.565217
917,1,32.500000,142.192308
918,1,33.555556,145.518519
919,1,46.739130,148.130435
920,1,50.250000,149.500000
921,1,43.958333,145.541667
923,1,57.346154,149.230769
924,1,61.250000,147.333333
925,1,68.400000,149.400000
926,1,77.565217,140.652174
929,1,81.962963,137.481481
931,1,98.214286,149.821429
932,1,97.777778,145.444444
933,1,108.695652,139.913043
935,1,124.730769,154.461538
936,1,120.307692,155.384615
937,1,126.961538,146.961538
939,1,135.461538,144.884615
940,1,139.875000,149.458333
941,1,146.521739,150.043478
943,1,159.640000,147.600000
946,1,170.148148,152.074074
947,1,174.769231,142.538462
948,1,175.111111,146.444444
950,1,185.807692,151.230769
955,1,212.259259,147.481481
956,1,219.851852,143.407407
959,1,234.692308,148.615385
960,1,25.750000,154.083333
965,1,39.814815,149.481481
967,1,64.346154,148.576923
968,1,63.192308,152.115385
971,1,76.800000,152.200000
972,1,78.666667,156.000000
973,1,87.913043,149.478261
975,1,98.640000,153.440000
976,1,103.230769,149.923077
980,1,130.913043,146.304348
981,1,121.653846,148.884615
985,1,126.615385,136.884615
986,1,156.034483,148.862069
987,1,151.320000,145.720000
989,1,170.913043,157.521739
991,1,175.730769,152.192308
992,1,180.375000,151.916667
993,1,177.500000,149.000000
996,1,204.307692,147.884615
997,1,216.818182,152.954545
998,1,216.400000,166.960000
999,1,214.826087,147.695652
1000,1,219.958333,151.791667
1001,1,218.200000,156.120000
1002,1,225.962963,151.444444
1003,1,235.851852,154.407407
1005,1,27.913043,156.565217
1007,1,38.750000,159.875000
1011,1,58.136364,154.272727
1012,1,63.434783,163.086957
1013,1,62.961538,166.846154
1015,1,75.375000,157.291667
1018,1,93.040000,159.440000
1019,1,93.136364,148.363636
1021,1,111.714286,161.952381
1024,1,121.625000,161.833333
1025,1,124.620690,160.965517
1031,1,154.269231,155.653846
1033,1,169.037037,150.222222
1038,1,187.777778,159.555556
1040,1,205.192308,152.923077
1043,1,221.192308,161.423077
1044,1,224.080000,156.600000
1045,1,224.480000,157.080000
1046,1,232.652174,151.695652
1047,1,232.760000,160.640000
1049,1,30.680000,159.160000
1051,1,46.086957,162.869565
1052,1,51.384615,162.115385
1055,1,62.555556,156.703704
1056,1,63.500000,171.958333
1057,1,85.370370,171.074074
1058,1,70.500000,169.375000
1061,1,92.913043,154.173913
1063,1,103.869565,158.869565
1064,1,99.217391,158.260870
1065,1,116.115385,160.576923
1066,1,110.000000,167.370370
1067,1,126.120000,153.000000
1071,1,148.791667,162.875000
1072,1,154.280000,162.000000
1073,1,149.960000,158.080000
1074,1,159.090909,154.227273
1076,1,167.320000,157.440000
1079,1,189.000000,156.038462
1080,1,185.833333,167.875000
1085,1,207.500000,164.833333
1086,1,214.320000,157.800000
1088,1,219.608696,167.739130
1089,1,229.840000,155.280000
1090,1,228.160000,167.720000
1094,1,52.041667,166.541667
1095,1,44.862069,169.344828
1096,1,58.041667,164.500000
1097,1,54.692308,164.576923
1098,1,73.000000,168.250000
1100,1,76.480000,172.640000
1102,1,82.040000,170.720000
1104,1,95.583333,160.041667
1108,1,104.346154,170.884615
1111,1,140.307692,178.692308
1113,1,144.565217,162.956522
1114,1,139.880000,164.280000
1115,1,148.560000,163.480000
1116,1,144.360000,169.880000
1117,1,157.961538,162.230769
1120,1,170.200000,168.680000
1122,1,184.916667,164.166667
1123,1,186.740741,173.185185
1128,1,211.625000,162.458333
1129,1,217.304348,163.478261
1130,1,224.038462,172.884615
1131,1,219.884615,171.730769
1133,1,29.720000,169.800000
1134,1,36.000000,176.000000
1136,1,38.880000,177.400000
1137,1,43.545455,163.727273
1138,1,45.440000,175.800000
1141,1,69.703704,175.074074
1142,1,73.560000,164.080000
1143,1,81.925926,166.444444
1144,1,79.440000,169.840000
1147,1,102.782609,174.347826
1148,1,117.125000,176.166667
1149,1,100.814815,176.407407
1150,1,112.407407,170.000000
1152,1,121.086957,175.739130
1154,1,132.480000,177.640000
1156,1,141.814815,182.555556
1158,1,149.615385,166.576923
1159,1,156.521739,168.608696
1161,1,165.090909,171.545455
1162,1,174.869565,172.391304
1163,1,181.375000,175.583333
1166,1,193.040000,176.520000
1167,1,190.076923,177.538462
1172,1,217.307692,177.538462
1173,1,229.076923,156.461538
1175,1,33.416667,179.083333
1177,1,46.576923,167.307692
1182,1,65.500000,173.291667
1186,1,87.250000,186.125000
1187,1,90.360000,171.040000
1189,1,95.769231,174.307692
1190,1,108.888889,176.555556
1192,1,114.000000,174.400000
1193,1,119.307692,180.576923
1194,1,125.958333,179.041667
1195,1,131.111111,176.370370
1196,1,139.782609,169.000000
1201,1,161.807692,177.000000
1203,1,169.384615,174.038462
1205,1,181.000000,175.000000
1207,1,196.434783,178.304348
1208,1,198.250000,175.458333
1209,1,192.576923,171.846154
1212,1,212.185185,179.518519
1213,1,219.318182,186.045455
1214,1,227.708333,173.041667
1215,1,32.640000,173.240000
1218,1,48.880000,181.080000
1219,1,45.407407,181.777778
1223,1,77.083333,183.833333
1224,1,81.192308,183.307692
1225,1,87.576923,180.076923
1226,1,84.320000,178.920000
1228,1,105.400000,177.680000
1229,1,99.920000,170.200000
1231,1,120.120000,183.000000
1232,1,112.960000,186.200000
1234,1,128.040000,173.680000
1237,1,137.750000,175.250000
1239,1,149.461538,182.115385
1240,1,164.280000,178.880000
1241,1,173.846154,183.884615
1242,1,174.000000,199.800000
1243,1,169.444444,183.888889
1247,1,192.833333,187.041667
1248,1,192.913043,181.739130
1251,1,217.583333,175.291667
1252,1,214.370370,182.814815
1253,1,223.760000,178.760000
1254,1,227.360000,177.120000
1255,1,35.782609,190.739130
1259,1,56.925926,185.851852
1260,1,71.115385,179.307692
1261,1,68.000000,190.739130
1264,1,82.565217,184.695652
1270,1,116.125000,192.416667
1271,1,108.440000,188.440000
1273,1,127.076923,189.423077
1276,1,143.791667,187.833333
1277,1,146.920000,185.360000
1281,1,163.269231,194.269231
1282,1,166.166667,186.791667
1283,1,174.166667,187.708333
1285,1,188.500000,192.884615
1288,1,207.740741,192.666667
1291,1,213.875000,188.625000
1293,1,37.304348,187.826087
1294,1,41.400000,193.120000
1296,1,53.125000,185.125000
1300,1,69.111111,188.259259
1303,1,98.076923,193.923077
1304,1,87.777778,189.888889
1305,1,92.680000,192.760000
1306,1,106.280000,196.320000
1307,1,103.375000,191.208333
1308,1,113.478261,182.130435
1310,1,119.360000,195.880000
1311,1,125.958333,193.500000
1313,1,145.884615,196.153846
1315,1,149.045455,190.500000
1317,1,158.040000,204.240000
1318,1,160.500000,185.625000
1319,1,170.880000,192.360000
1320,1,169.884615,197.692308
1321,1,175.520000,189.400000
1324,1,194.125000,192.500000
1327,1,211.538462,190.576923
1328,1,213.869565,185.130435
1329,1,219.173913,191.086957
1332,1,43.173913,192.521739
1333,1,53.538462,199.576923
1334,1,57.931034,196.862069
1337,1,69.590909,195.045455
1341,1,90.695652,197.000000
1342,1,100.115385,194.653846
1344,1,112.629630,190.703704
1346,1,112.384615,202.807692
1347,1,122.076923,196.423077
1352,1,158.291667,196.583333
1353,1,150.478261,194.217391
1354,1,155.080000,196.280000
1356,1,160.464286,190.428571
1359,1,184.380952,196.857143
1360,1,188.230769,197.846154
1361,1,185.960000,192.280000
1364,1,211.260870,191.565217
1365,1,216.000000,196.230769
1370,1,61.000000,199.875000
1378,1,91.269231,210.615385
1380,1,111.250000,196.833333
1381,1,118.583333,201.375000
1384,1,136.038462,199.730769
1385,1,136.826087,208.000000
1386,1,135.037037,204.111111
1387,1,144.480000,203.200000
1389,1,154.592593,201.074074
1391,1,176.448276,207.655172
1392,1,166.148148,197.629630
1394,1,169.916667,202.166667
1398,1,210.916667,198.458333
1402,1,59.478261,202.608696
1403,1,62.416667,207.250000
1406,1,76.800000,207.200000
1407,1,95.380952,208.095238
1408,1,87.480000,218.360000
1409,1,93.500000,210.115385
1410,1,102.230769,197.500000
1411,1,102.208333,214.166667
1413,1,112.304348,208.304348
1414,1,114.260870,198.478261
1415,1,120.772727,204.045455
1418,1,142.272727,204.727273
1419,1,145.958333,198.750000
1420,1,140.250000,203.708333
1422,1,152.086957,199.913043
1424,1,167.153846,188.615385
1427,1,175.173913,211.869565
1430,1,199.666667,206.541667
1431,1,203.500000,204.000000
1432,1,206.590909,198.500000
1433,1,68.115385,211.153846
1434,1,62.925926,214.666667
1436,1,78.884615,211.807692
1437,1,68.130435,214.391304
1438,1,82.444444,211.000000
1439,1,85.384615,205.423077
1441,1,95.192308,217.923077
1443,1,114.653846,212.653846
1444,1,110.166667,212.083333
1445,1,117.230769,207.384615
1446,1,120.040000,212.120000
1450,1,147.461538,206.000000
1454,1,161.583333,225.041667
1456,1,171.833333,207.375000
1457,1,167.384615,209.846154
1458,1,188.520000,212.680000
1460,1,193.521739,207.913043
1463,1,71.920000,216.160000
1464,1,61.960000,218.120000
1465,1,81.083333,218.000000
1467,1,86.571429,214.190476
1468,1,86.703704,209.518519
1469,1,90.640000,218.680000
1471,1,97.000000,214.608696
1472,1,110.440000,216.200000
1475,1,122.560000,209.720000
1477,1,133.000000,217.761905
1478,1,137.272727,215.590909
1480,1,141.120000,211.040000
1483,1,160.791667,219.375000
1486,1,181.291667,214.208333
1489,1,197.875000,209.083333
1490,1,190.464286,213.142857
1491,1,76.153846,210.461538
1492,1,76.666667,221.962963
1493,1,81.400000,221.920000
1494,1,78.222222,215.555556
1496,1,89.600000,224.440000
1497,1,103.250000,210.083333
1498,1,103.423077,218.615385
1500,1,110.038462,231.730769
1502,1,123.826087,216.000000
1503,1,123.960000,219.640000
1510,1,163.958333,219.541667
1511,1,169.480000,221.840000
1512,1,174.818182,218.863636
1513,1,176.785714,215.464286
1515,1,189.538462,218.807692
1520,1,102.148148,222.074074
1523,1,111.407407,225.037037
1524,1,123.320000,235.960000
1526,1,123.500000,226.791667
1527,1,130.750000,232.375000
1529,1,143.884615,225.576923
1531,1,148.560000,227.280000
1532,1,155.583333,229.583333
1534,1,165.727273,225.454545
1536,1,169.958333,225.458333
1540,1,94.166667,224.916667
1542,1,107.333333,234.125000
1545,1,116.739130,235.043478
1546,1,118.666667,236.476190
1547,1,129.807692,228.076923
1548,1,138.760000,231.560000
1550,1,145.652174,231.347826
1551,1,156.125000,223.416667
1552,1,142.782609,233.695652
1553,1,152.708333,228.708333
1554,1,157.818182,231.636364
1555,1,170.480000,229.880000
1557,1,95.583333,229.500000
1560,1,113.333333,236.083333
1561,1,119.000000,229.538462
1562,1,122.695652,227.826087
1563,1,128.076923,233.730769
1564,1,124.615385,233.307692
1566,1,139.346154,236.423077
1567,1,146.375000,233.625000
1568,1,149.625000,234.708333
1569,1,153.260870,235.217391
