ID,type,x COM, y COM
1,2,102.000000,23.115385
2,2,106.880000,22.000000
3,2,112.120000,22.000000
4,2,117.090909,22.590909
5,2,121.565217,23.043478
6,2,127.307692,20.769231
8,2,137.500000,22.500000
9,2,142.565217,22.391304
10,2,147.166667,22.333333
12,2,156.640000,21.200000
18,2,111.360000,26.680000
19,2,116.625000,27.208333
20,2,123.000000,26.000000
27,2,157.360000,26.360000
31,2,77.173913,33.869565
34,2,91.833333,32.166667
35,2,96.913043,32.565217
37,2,106.884615,31.961538
39,2,116.880000,31.640000
41,2,127.625000,31.666667
42,2,132.250000,32.625000
43,2,136.961538,31.615385
45,2,146.913043,32.304348
47,2,157.629630,32.074074
48,2,162.840000,31.960000
50,2,172.740741,32.185185
51,2,177.142857,31.333333
53,2,72.040000,36.360000
58,2,97.222222,37.259259
60,2,106.956522,36.652174
61,2,112.625000,37.291667
62,2,117.166667,36.250000
69,2,152.590909,36.500000
70,2,156.958333,36.833333
71,2,161.625000,37.041667
72,2,166.458333,36.916667
73,2,171.500000,36.769231
81,2,76.260870,42.478261
82,2,81.960000,42.040000
83,2,86.833333,41.333333
85,2,96.913043,43.173913
86,2,101.250000,42.000000
89,2,117.840000,41.560000
91,2,126.680000,42.120000
92,2,131.689655,42.620690
93,2,136.714286,42.142857
94,2,141.640000,42.120000
98,2,162.240000,41.800000
99,2,167.307692,42.576923
101,2,176.428571,42.142857
103,2,186.958333,42.333333
105,2,197.000000,41.869565
107,2,61.724138,46.413793
113,2,92.083333,48.333333
115,2,102.240000,48.120000
116,2,106.416667,46.541667
117,2,111.809524,46.857143
118,2,115.954545,46.818182
120,2,128.074074,47.814815
121,2,132.541667,47.666667
125,2,152.041667,46.208333
127,2,161.370370,46.074074
128,2,166.407407,48.000000
131,2,183.125000,46.958333
132,2,188.000000,47.260870
133,2,192.920000,47.160000
134,2,197.884615,46.500000
135,2,202.434783,47.391304
137,2,57.250000,52.000000
138,2,61.480000,52.120000
139,2,65.440000,52.360000
140,2,71.840000,51.840000
141,2,76.200000,52.160000
142,2,82.080000,51.440000
143,2,87.240000,52.040000
146,2,101.920000,52.480000
148,2,112.384615,51.576923
149,2,116.840000,53.160000
152,2,131.625000,53.250000
153,2,136.217391,51.869565
154,2,141.125000,53.000000
155,2,145.760000,52.400000
157,2,156.875000,51.541667
158,2,161.259259,51.703704
160,2,172.769231,52.384615
163,2,186.280000,51.920000
164,2,191.692308,52.269231
166,2,201.840000,53.160000
168,2,48.240000,56.680000
169,2,52.526316,57.473684
171,2,60.761905,57.333333
173,2,71.185185,57.666667
174,2,77.000000,56.037037
177,2,91.961538,57.076923
178,2,98.360000,57.080000
180,2,107.739130,56.391304
181,2,112.769231,56.500000
184,2,127.190476,57.190476
185,2,132.730769,57.115385
186,2,137.727273,57.454545
188,2,148.040000,55.720000
191,2,162.608696,57.086957
193,2,171.777778,57.185185
194,2,176.800000,57.120000
195,2,182.115385,57.153846
196,2,187.083333,57.083333
197,2,192.416667,56.541667
199,2,202.590909,57.954545
200,2,206.833333,57.291667
201,2,211.772727,58.227273
202,2,43.000000,61.750000
204,2,52.960000,61.560000
205,2,56.434783,62.913043
209,2,77.333333,60.962963
210,2,82.040000,61.680000
212,2,91.840000,62.160000
213,2,96.964286,61.392857
214,2,102.625000,62.250000
215,2,108.956522,61.608696
219,2,126.583333,62.333333
220,2,131.444444,62.333333
221,2,137.000000,61.925926
223,2,147.545455,61.727273
224,2,151.750000,62.750000
226,2,162.035714,62.107143
227,2,166.640000,62.680000
228,2,172.190476,61.380952
232,2,192.846154,60.730769
233,2,196.772727,62.909091
235,2,206.750000,62.250000
236,2,212.230769,62.461538
238,2,43.260870,67.043478
239,2,47.739130,67.173913
240,2,53.217391,67.130435
241,2,58.041667,66.958333
242,2,61.521739,68.130435
243,2,66.153846,66.423077
244,2,71.681818,67.136364
246,2,81.958333,66.875000
252,2,111.913043,66.956522
253,2,117.043478,67.956522
254,2,121.640000,67.000000
255,2,126.833333,67.416667
256,2,132.217391,66.956522
257,2,137.148148,67.148148
258,2,141.434783,66.086957
260,2,152.173913,67.869565
261,2,156.818182,65.727273
262,2,161.560000,67.080000
267,2,187.181818,66.227273
270,2,200.840000,67.600000
274,2,220.925926,68.296296
275,2,38.666667,71.166667
277,2,47.583333,71.166667
278,2,52.045455,72.090909
280,2,61.782609,71.869565
282,2,72.333333,71.541667
283,2,76.961538,71.923077
284,2,81.884615,72.153846
286,2,92.400000,71.880000
287,2,97.380952,72.952381
288,2,101.607143,72.071429
295,2,136.846154,72.346154
297,2,146.454545,72.909091
299,2,157.037037,71.407407
303,2,177.384615,72.269231
308,2,203.000000,72.083333
309,2,208.040000,72.560000
310,2,212.416667,71.583333
313,2,33.320000,76.200000
316,2,47.681818,76.500000
317,2,52.120000,77.120000
319,2,62.400000,77.240000
320,2,66.769231,75.692308
321,2,72.629630,76.851852
322,2,78.148148,76.740741
325,2,91.961538,77.192308
326,2,96.720000,77.640000
328,2,106.840000,77.520000
329,2,111.400000,77.440000
330,2,115.291667,77.166667
331,2,121.625000,76.750000
332,2,126.807692,75.846154
336,2,146.560000,77.200000
340,2,165.916667,77.083333
342,2,177.185185,77.555556
346,2,195.600000,77.800000
347,2,201.583333,76.250000
348,2,206.208333,77.625000
350,2,216.269231,76.884615
352,2,227.576923,76.500000
357,2,51.153846,81.961538
361,2,70.961538,80.923077
362,2,76.333333,82.333333
365,2,91.520000,82.680000
366,2,97.000000,82.520000
368,2,107.347826,82.086957
370,2,116.791667,81.416667
371,2,122.576923,80.923077
372,2,127.000000,82.000000
373,2,131.708333,82.083333
374,2,137.391304,81.695652
375,2,142.130435,81.652174
379,2,162.800000,81.040000
380,2,167.571429,81.714286
382,2,176.652174,82.391304
383,2,181.434783,82.782609
384,2,186.769231,82.076923
385,2,191.863636,82.318182
386,2,197.545455,81.227273
389,2,212.090909,81.454545
390,2,215.869565,82.260870
391,2,221.080000,82.160000
392,2,226.833333,82.416667
394,2,31.260870,87.478261
395,2,36.480000,87.600000
396,2,41.913043,87.000000
397,2,46.750000,88.333333
401,2,67.583333,87.666667
402,2,71.840000,86.600000
403,2,77.083333,86.916667
404,2,82.782609,87.521739
405,2,87.434783,87.608696
408,2,102.120000,87.040000
409,2,107.208333,86.875000
411,2,117.038462,87.076923
413,2,127.600000,86.600000
415,2,138.040000,86.040000
417,2,147.375000,86.625000
418,2,151.703704,86.000000
421,2,165.730769,86.923077
422,2,170.840000,87.720000
424,2,182.357143,87.392857
426,2,191.791667,87.666667
427,2,196.120000,86.000000
430,2,211.916667,86.916667
431,2,217.107143,87.321429
434,2,231.080000,87.200000
435,2,26.761905,92.333333
436,2,31.500000,92.083333
442,2,62.400000,91.000000
444,2,72.521739,91.478261
445,2,77.000000,91.863636
446,2,82.720000,91.560000
449,2,97.875000,91.791667
450,2,102.625000,92.541667
451,2,107.407407,91.777778
459,2,147.259259,92.370370
462,2,161.500000,92.500000
463,2,166.000000,92.000000
470,2,201.520000,91.560000
472,2,211.920000,92.440000
473,2,216.461538,92.115385
474,2,221.851852,92.777778
476,2,232.391304,92.217391
477,2,27.615385,97.538462
479,2,37.333333,96.541667
480,2,42.200000,97.040000
481,2,47.360000,97.080000
482,2,52.826087,97.695652
483,2,57.791667,96.833333
485,2,66.680000,96.600000
490,2,91.333333,97.222222
492,2,102.125000,97.875000
493,2,106.916667,96.916667
497,2,127.333333,96.750000
498,2,131.920000,96.600000
501,2,147.600000,98.400000
504,2,161.826087,97.869565
507,2,177.041667,97.166667
508,2,181.952381,97.285714
509,2,186.560000,97.240000
511,2,197.846154,96.615385
513,2,206.347826,96.956522
515,2,216.791667,97.000000
517,2,226.833333,96.833333
518,2,231.416667,96.583333
519,2,236.608696,97.304348
520,2,23.173913,101.608696
522,2,32.173913,102.260870
523,2,36.740741,101.555556
525,2,45.960000,102.240000
526,2,51.360000,102.760000
528,2,61.370370,102.074074
532,2,82.545455,103.227273
534,2,91.708333,102.208333
535,2,95.826087,101.565217
537,2,105.960000,102.240000
540,2,122.600000,101.760000
542,2,131.923077,102.115385
543,2,136.958333,102.000000
546,2,151.875000,101.416667
548,2,162.304348,102.260870
550,2,171.846154,101.961538
551,2,177.000000,101.666667
552,2,181.703704,102.518519
556,2,201.391304,102.565217
557,2,206.115385,102.230769
558,2,211.576923,101.807692
560,2,223.166667,101.916667
561,2,226.608696,102.000000
563,2,236.391304,102.086957
565,2,28.291667,108.041667
567,2,37.791667,106.125000
571,2,58.000000,106.958333
576,2,81.040000,107.800000
578,2,92.083333,108.041667
582,2,112.240000,106.520000
583,2,116.535714,106.214286
585,2,127.000000,107.000000
586,2,132.346154,106.923077
589,2,147.407407,106.555556
590,2,152.666667,108.166667
591,2,156.925926,106.925926
594,2,172.115385,107.153846
595,2,176.875000,107.083333
597,2,186.380952,106.047619
600,2,201.458333,106.666667
602,2,211.440000,106.920000
605,2,227.250000,107.291667
608,2,22.000000,112.200000
609,2,26.666667,111.833333
611,2,36.703704,111.444444
612,2,42.571429,112.500000
614,2,51.458333,111.541667
618,2,71.750000,111.750000
619,2,77.230769,112.269231
620,2,83.375000,111.666667
624,2,103.880000,110.680000
627,2,116.400000,111.600000
628,2,122.375000,111.625000
629,2,127.130435,112.173913
630,2,132.000000,111.695652
632,2,142.250000,111.750000
633,2,147.520000,111.240000
641,2,187.076923,111.692308
643,2,197.423077,110.653846
644,2,201.880000,112.320000
646,2,212.307692,112.230769
648,2,222.040000,111.560000
649,2,226.740741,112.592593
653,2,26.818182,116.772727
656,2,42.000000,117.000000
657,2,46.560000,117.040000
661,2,66.962963,117.777778
670,2,111.958333,117.333333
672,2,120.541667,115.458333
673,2,125.227273,117.090909
675,2,135.185185,115.296296
678,2,151.230769,117.769231
680,2,161.217391,118.565217
681,2,166.440000,117.840000
682,2,171.875000,117.291667
683,2,176.960000,116.400000
689,2,206.666667,116.625000
693,2,226.884615,117.153846
694,2,232.480000,117.360000
697,2,26.041667,121.458333
702,2,51.040000,123.200000
705,2,67.208333,122.291667
706,2,72.760000,122.440000
714,2,112.200000,122.160000
716,2,121.904762,120.619048
718,2,132.481481,120.666667
720,2,141.481481,122.407407
721,2,146.230769,120.923077
722,2,151.541667,121.750000
723,2,157.523810,121.238095
726,2,171.600000,122.120000
728,2,182.826087,121.217391
730,2,192.192308,122.615385
731,2,196.500000,121.666667
732,2,201.625000,122.375000
738,2,230.653846,121.615385
741,2,27.416667,126.833333
742,2,31.409091,126.000000
743,2,36.520000,127.520000
745,2,46.760000,126.640000
749,2,67.296296,126.740741
752,2,82.041667,127.708333
753,2,86.833333,126.458333
758,2,112.200000,126.720000
762,2,131.692308,125.961538
764,2,142.720000,126.200000
766,2,152.040000,126.880000
770,2,171.000000,127.000000
773,2,186.739130,126.739130
774,2,192.720000,127.800000
775,2,198.000000,126.814815
776,2,202.434783,127.000000
777,2,206.875000,127.250000
778,2,211.304348,126.434783
785,2,26.960000,131.560000
787,2,37.111111,132.481481
788,2,42.125000,131.625000
789,2,48.074074,131.037037
794,2,73.142857,132.892857
796,2,82.740741,131.814815
797,2,87.920000,131.320000
801,2,106.750000,133.125000
804,2,122.391304,131.782609
806,2,132.407407,131.370370
807,2,137.083333,132.083333
808,2,141.500000,131.500000
811,2,156.576923,132.615385
812,2,161.250000,132.250000
814,2,172.260870,131.826087
816,2,182.739130,129.913043
818,2,191.347826,132.217391
819,2,196.560000,132.200000
820,2,202.600000,132.160000
823,2,216.703704,131.555556
826,2,231.000000,133.250000
827,2,236.642857,131.607143
829,2,27.120000,136.600000
830,2,32.259259,136.518519
834,2,51.153846,138.730769
836,2,61.400000,136.920000
838,2,70.730769,136.653846
840,2,83.458333,136.416667
841,2,87.153846,138.307692
842,2,91.695652,137.086957
843,2,96.375000,136.791667
846,2,112.571429,137.619048
851,2,135.769231,136.884615
855,2,157.120000,136.840000
856,2,162.521739,137.826087
860,2,182.173913,135.695652
861,2,187.074074,137.666667
862,2,192.250000,136.964286
863,2,197.423077,136.846154
864,2,201.925926,137.259259
866,2,212.708333,138.041667
867,2,217.750000,136.750000
868,2,222.240000,138.120000
869,2,228.208333,137.166667
871,2,237.695652,137.826087
874,2,31.500000,141.384615
875,2,37.080000,141.760000
876,2,42.407407,141.851852
877,2,46.653846,143.000000
878,2,52.391304,142.347826
880,2,62.000000,141.840000
881,2,67.541667,142.125000
882,2,72.875000,141.125000
887,2,97.115385,141.538462
888,2,102.000000,142.200000
889,2,107.692308,142.269231
890,2,112.240000,141.640000
891,2,117.583333,141.583333
894,2,131.280000,143.320000
896,2,142.916667,142.291667
897,2,147.875000,142.000000
901,2,166.416667,141.083333
903,2,176.840000,142.200000
904,2,181.958333,141.000000
907,2,196.791667,141.791667
908,2,202.130435,142.173913
909,2,206.555556,140.444444
910,2,211.259259,142.555556
911,2,217.222222,141.962963
912,2,222.272727,143.045455
913,2,226.583333,141.833333
915,2,237.880000,143.840000
917,2,27.360000,146.520000
918,2,31.958333,146.708333
920,2,40.680000,146.840000
922,2,51.520000,146.360000
923,2,57.041667,147.458333
930,2,91.916667,147.166667
932,2,102.708333,146.833333
933,2,107.217391,147.913043
934,2,111.708333,147.041667
935,2,116.416667,146.041667
938,2,132.130435,148.086957
941,2,145.833333,146.041667
942,2,151.576923,146.846154
946,2,172.166667,146.416667
947,2,177.000000,146.863636
948,2,182.440000,146.240000
949,2,186.791667,148.125000
950,2,191.416667,146.500000
951,2,196.920000,147.400000
953,2,207.615385,146.115385
956,2,221.962963,147.296296
957,2,227.040000,147.360000
961,2,27.461538,151.807692
962,2,32.000000,152.208333
963,2,36.375000,151.541667
964,2,41.960000,151.440000
969,2,67.391304,152.260870
972,2,82.346154,152.192308
973,2,86.708333,152.875000
974,2,91.920000,151.680000
975,2,96.956522,152.173913
979,2,116.760000,151.600000
981,2,126.333333,151.541667
982,2,131.760000,152.760000
990,2,172.222222,151.555556
991,2,177.538462,151.769231
992,2,182.160000,151.080000
993,2,187.416667,153.166667
995,2,197.875000,152.125000
996,2,202.500000,151.269231
998,2,209.777778,151.851852
1004,2,22.240000,156.800000
1006,2,33.166667,157.583333
1008,2,41.043478,156.043478
1011,2,56.375000,157.500000
1013,2,66.785714,157.142857
1014,2,72.370370,157.777778
1015,2,77.538462,156.730769
1019,2,96.291667,157.500000
1021,2,107.920000,156.760000
1022,2,112.040000,157.760000
1024,2,122.076923,157.730769
1025,2,126.880000,156.400000
1026,2,132.555556,157.296296
1027,2,137.166667,156.416667
1032,2,162.142857,156.190476
1034,2,171.720000,156.640000
1035,2,175.962963,157.074074
1040,2,201.608696,156.478261
1045,2,226.380952,156.428571
1046,2,231.782609,157.521739
1047,2,237.120000,156.200000
1050,2,37.000000,161.608696
1052,2,46.391304,163.000000
1054,2,57.125000,161.791667
1056,2,66.720000,162.240000
1060,2,86.608696,162.347826
1061,2,90.086957,163.217391
1062,2,97.250000,161.375000
1065,2,111.800000,163.160000
1066,2,116.840000,161.600000
1068,2,127.320000,161.960000
1070,2,136.545455,161.863636
1071,2,142.360000,161.720000
1072,2,147.541667,161.791667
1073,2,152.960000,163.320000
1076,2,167.037037,160.777778
1077,2,171.521739,162.608696
1081,2,192.240000,162.000000
1082,2,197.680000,161.320000
1085,2,212.708333,161.333333
1087,2,222.333333,161.142857
1088,2,227.153846,161.038462
1089,2,232.428571,162.047619
1094,2,41.904762,166.238095
1100,2,71.086957,166.434783
1106,2,100.833333,168.083333
1107,2,106.392857,166.892857
1108,2,112.708333,167.208333
1111,2,127.291667,166.791667
1112,2,131.954545,167.272727
1115,2,148.240000,165.960000
1117,2,156.760000,165.400000
1118,2,161.038462,167.384615
1120,2,172.375000,167.125000
1121,2,177.260870,166.869565
1123,2,187.000000,167.000000
1124,2,191.916667,166.916667
1125,2,197.347826,166.521739
1127,2,206.608696,168.043478
1128,2,212.384615,167.653846
1132,2,232.615385,167.269231
1133,2,27.043478,171.304348
1139,2,57.192308,171.846154
1143,2,76.958333,172.708333
1145,2,87.090909,172.863636
1147,2,96.809524,171.952381
1150,2,112.200000,172.320000
1151,2,117.681818,171.818182
1153,2,126.652174,171.869565
1154,2,131.653846,171.846154
1156,2,141.960000,172.080000
1157,2,146.230769,171.269231
1159,2,156.956522,170.956522
1162,2,171.782609,171.304348
1165,2,186.884615,172.384615
1166,2,192.037037,171.444444
1167,2,197.576923,171.615385
1168,2,201.869565,172.478261
1169,2,207.173913,171.478261
1170,2,210.653846,173.538462
1175,2,31.551724,177.379310
1178,2,48.521739,177.347826
1180,2,57.458333,177.291667
1181,2,62.259259,176.814815
1183,2,72.760000,177.680000
1184,2,77.000000,176.869565
1186,2,86.708333,176.875000
1187,2,91.851852,176.740741
1190,2,108.307692,177.000000
1193,2,121.909091,178.136364
1195,2,132.920000,176.480000
1197,2,141.884615,176.692308
1198,2,147.480000,177.240000
1199,2,151.909091,177.909091
1209,2,202.857143,177.904762
1210,2,206.130435,176.782609
1213,2,222.478261,176.304348
1215,2,32.952381,181.476190
1216,2,37.833333,181.291667
1217,2,42.250000,182.850000
1218,2,46.807692,181.846154
1219,2,52.384615,181.192308
1220,2,58.318182,182.681818
1231,2,111.681818,181.590909
1232,2,117.500000,182.681818
1235,2,132.380952,182.000000
1236,2,137.400000,181.960000
1237,2,142.120000,180.640000
1238,2,146.892857,182.678571
1241,2,162.400000,181.960000
1242,2,167.086957,182.521739
1243,2,172.000000,181.240000
1244,2,176.560000,181.120000
1249,2,201.666667,182.333333
1251,2,212.125000,183.125000
1254,2,226.000000,181.347826
1258,2,51.826087,185.652174
1261,2,67.153846,188.576923
1262,2,71.590909,186.636364
1264,2,82.466667,186.966667
1269,2,108.440000,187.680000
1270,2,112.217391,185.869565
1271,2,117.545455,186.681818
1272,2,122.080000,187.560000
1275,2,136.461538,187.000000
1276,2,141.500000,186.285714
1277,2,146.791667,187.208333
1279,2,157.652174,186.869565
1282,2,172.461538,185.961538
1283,2,177.480000,186.760000
1284,2,181.291667,187.625000
1287,2,196.458333,187.041667
1290,2,211.444444,187.629630
1291,2,216.136364,186.090909
1292,2,221.296296,187.222222
1293,2,37.772727,192.227273
1295,2,47.730769,193.307692
1297,2,57.250000,191.916667
1298,2,62.360000,191.960000
1299,2,69.250000,191.958333
1302,2,82.440000,192.480000
1305,2,96.444444,192.296296
1308,2,111.400000,192.480000
1312,2,132.041667,191.291667
1314,2,141.966667,191.800000
1315,2,147.074074,192.555556
1317,2,156.880000,191.800000
1318,2,162.166667,192.583333
1320,2,172.846154,191.538462
1322,2,182.750000,192.166667
1325,2,197.000000,192.888889
1326,2,200.884615,190.961538
1328,2,211.500000,192.208333
1329,2,217.166667,191.500000
1330,2,221.739130,191.826087
1334,2,57.000000,197.043478
1336,2,66.500000,197.153846
1344,2,106.272727,197.090909
1346,2,117.208333,197.000000
1349,2,132.043478,196.521739
1350,2,136.041667,198.041667
1354,2,157.444444,196.629630
1357,2,172.115385,198.038462
1358,2,177.304348,196.347826
1359,2,182.083333,196.916667
1360,2,186.760000,196.680000
1361,2,191.360000,197.360000
1363,2,202.040000,196.760000
1365,2,213.478261,196.347826
1366,2,218.083333,196.916667
1368,2,52.260870,202.000000
1369,2,56.440000,202.160000
1370,2,61.800000,201.560000
1372,2,73.320000,201.720000
1375,2,87.583333,202.958333
1377,2,96.923077,201.576923
1381,2,117.166667,201.333333
1382,2,122.166667,201.500000
1383,2,126.840000,201.920000
1384,2,132.120000,202.280000
1385,2,137.304348,202.304348
1386,2,141.846154,202.307692
1387,2,146.680000,201.800000
1391,2,166.769231,202.846154
1392,2,172.760000,202.640000
1396,2,191.954545,201.545455
1399,2,207.960000,203.120000
1400,2,210.884615,199.576923
1402,2,57.333333,206.541667
1403,2,61.409091,206.727273
1406,2,77.038462,206.538462
1411,2,102.000000,208.185185
1412,2,108.200000,207.120000
1414,2,116.703704,207.185185
1417,2,132.000000,206.826087
1418,2,136.695652,207.173913
1419,2,141.920000,207.160000
1420,2,146.560000,207.680000
1421,2,151.407407,207.148148
1422,2,156.142857,205.821429
1423,2,161.130435,207.565217
1424,2,165.592593,207.407407
1425,2,171.629630,207.111111
1427,2,181.869565,207.130435
1428,2,186.846154,207.423077
1429,2,190.960000,207.360000
1435,2,65.760000,210.600000
1440,2,92.000000,211.760000
1446,2,121.416667,210.500000
1448,2,131.846154,212.269231
1450,2,142.320000,211.600000
1451,2,148.000000,212.181818
1454,2,161.583333,212.291667
1455,2,167.592593,211.370370
1456,2,172.692308,211.730769
1458,2,182.833333,213.166667
1459,2,187.272727,212.500000
1464,2,67.913043,215.695652
1466,2,77.384615,216.615385
1467,2,81.227273,217.681818
1468,2,87.434783,216.434783
1470,2,97.200000,216.520000
1476,2,126.291667,218.000000
1478,2,136.952381,216.619048
1480,2,146.400000,216.880000
1484,2,167.037037,216.814815
1485,2,171.826087,217.130435
1486,2,176.541667,217.083333
1487,2,181.000000,216.791667
1488,2,187.461538,216.807692
1493,2,77.181818,222.272727
1494,2,83.291667,221.458333
1496,2,91.391304,222.217391
1497,2,97.166667,221.375000
1498,2,101.000000,222.318182
1500,2,110.958333,223.458333
1505,2,136.652174,221.217391
1508,2,151.761905,222.333333
1509,2,156.750000,221.791667
1510,2,162.360000,221.600000
1512,2,172.458333,221.458333
1514,2,181.560000,221.600000
1515,2,186.520000,221.720000
1516,2,191.500000,222.115385
1518,2,82.200000,226.320000
1521,2,95.846154,226.846154
1522,2,101.777778,227.666667
1523,2,107.500000,227.192308
1528,2,130.800000,227.520000
1530,2,142.304348,227.826087
1532,2,152.538462,227.000000
1533,2,157.083333,226.583333
1535,2,165.680000,226.480000
1537,2,177.240000,228.200000
1540,2,91.952381,232.000000
1541,2,96.640000,231.560000
1544,2,111.840000,233.440000
1546,2,122.037037,232.148148
1547,2,127.217391,231.869565
1548,2,132.333333,231.925926
1551,2,146.640000,231.120000
1552,2,151.720000,231.640000
1553,2,157.230769,232.192308
1554,2,161.434783,232.086957
1555,2,166.160000,232.320000
1559,2,106.041667,236.125000
1560,2,110.884615,239.038462
1561,2,116.444444,237.222222
1562,2,122.250000,237.375000
1566,2,141.478261,237.478261
1567,2,146.666667,236.291667
1568,2,150.884615,237.307692
1570,2,161.160000,237.240000
7,1,131.583333,22.458333
11,1,151.814815,22.962963
13,1,88.160000,26.760000
14,1,92.846154,27.500000
15,1,97.000000,26.160000
16,1,100.458333,28.791667
17,1,106.777778,27.185185
21,1,126.730769,27.576923
22,1,131.708333,27.250000
23,1,135.916667,25.625000
24,1,141.481481,27.962963
25,1,146.769231,27.576923
26,1,152.360000,28.520000
28,1,161.961538,26.807692
29,1,166.785714,26.785714
30,1,171.333333,26.750000
32,1,83.160000,31.760000
33,1,88.040000,32.760000
36,1,102.240000,32.920000
38,1,112.080000,32.520000
40,1,121.814815,32.296296
44,1,141.076923,32.769231
46,1,151.600000,30.160000
49,1,168.040000,31.520000
52,1,180.500000,34.653846
54,1,77.560000,38.440000
55,1,82.200000,35.600000
56,1,86.518519,36.962963
57,1,91.680000,38.680000
59,1,103.230769,37.653846
63,1,122.576923,37.153846
64,1,127.384615,36.307692
65,1,132.083333,37.958333
66,1,137.769231,37.346154
67,1,143.458333,36.750000
68,1,147.791667,38.291667
74,1,179.000000,37.913043
75,1,183.040000,36.840000
76,1,186.520000,35.800000
77,1,191.448276,37.689655
78,1,61.916667,42.250000
79,1,67.076923,42.730769
80,1,72.217391,42.260870
84,1,92.458333,42.250000
87,1,107.074074,42.518519
88,1,112.038462,41.500000
90,1,123.000000,43.379310
95,1,147.391304,40.521739
96,1,152.260870,41.043478
97,1,156.956522,42.347826
100,1,171.884615,41.884615
102,1,180.851852,41.481481
104,1,192.360000,42.240000
106,1,55.846154,47.730769
108,1,67.520000,47.480000
109,1,71.444444,47.555556
110,1,77.800000,47.680000
111,1,82.166667,46.333333
112,1,87.083333,46.583333
114,1,96.173913,46.565217
119,1,120.960000,46.760000
122,1,138.400000,47.880000
123,1,142.444444,47.148148
124,1,147.448276,46.827586
126,1,155.958333,47.125000
129,1,172.346154,47.076923
130,1,177.400000,47.240000
136,1,52.541667,52.625000
144,1,93.115385,52.269231
145,1,97.807692,52.076923
147,1,107.208333,51.666667
150,1,120.960000,51.840000
151,1,125.310345,52.137931
156,1,151.666667,51.750000
159,1,167.923077,52.461538
161,1,177.954545,51.681818
162,1,181.818182,51.954545
165,1,197.321429,51.178571
167,1,206.863636,52.636364
170,1,57.761905,57.857143
172,1,66.518519,56.888889
175,1,82.592593,56.703704
176,1,87.153846,57.076923
179,1,103.500000,58.076923
182,1,118.913043,59.000000
183,1,122.478261,55.478261
187,1,143.750000,58.833333
189,1,152.125000,57.375000
190,1,157.200000,56.720000
192,1,166.481481,56.222222
198,1,197.851852,57.296296
203,1,48.080000,62.280000
206,1,62.136364,62.727273
207,1,67.041667,61.458333
208,1,72.857143,63.250000
211,1,86.583333,62.708333
216,1,113.400000,62.000000
217,1,117.041667,62.000000
218,1,122.200000,62.320000
222,1,142.166667,61.000000
225,1,156.666667,61.222222
229,1,177.083333,63.125000
230,1,181.560000,62.560000
231,1,187.476190,61.190476
234,1,201.708333,62.500000
237,1,217.708333,63.583333
245,1,77.041667,66.458333
247,1,87.814815,67.222222
248,1,92.600000,67.440000
249,1,96.730769,67.615385
250,1,102.392857,66.285714
251,1,107.080000,66.720000
259,1,147.692308,67.576923
263,1,168.481481,67.629630
264,1,172.958333,64.625000
265,1,178.333333,66.888889
266,1,182.480000,66.520000
268,1,191.791667,66.916667
269,1,195.520000,67.440000
271,1,206.192308,67.269231
272,1,211.520000,67.080000
273,1,216.083333,67.791667
276,1,42.166667,74.000000
279,1,56.608696,73.173913
281,1,67.958333,71.458333
285,1,86.461538,72.038462
289,1,105.920000,71.720000
290,1,110.851852,71.814815
291,1,116.375000,72.750000
292,1,121.916667,73.083333
293,1,124.750000,70.791667
294,1,131.538462,71.730769
296,1,143.615385,70.846154
298,1,151.760000,72.880000
300,1,161.962963,71.555556
301,1,168.000000,72.160000
302,1,170.962963,71.592593
304,1,182.240000,71.680000
305,1,186.153846,72.769231
306,1,190.391304,71.000000
307,1,197.034483,72.206897
311,1,218.680000,73.880000
312,1,222.478261,72.826087
314,1,38.423077,77.500000
315,1,43.192308,76.269231
318,1,57.851852,77.481481
323,1,81.925926,79.111111
324,1,85.920000,77.240000
327,1,101.240000,78.440000
333,1,131.714286,76.642857
334,1,136.583333,77.916667
335,1,140.846154,74.423077
337,1,153.200000,79.200000
338,1,155.260870,76.826087
339,1,161.708333,75.541667
341,1,172.600000,77.000000
343,1,182.370370,77.185185
344,1,188.240000,76.360000
345,1,191.518519,77.037037
349,1,210.833333,77.333333
351,1,222.520000,78.120000
353,1,33.666667,81.041667
354,1,36.360000,83.520000
355,1,41.041667,82.000000
356,1,46.230769,82.576923
358,1,55.800000,82.000000
359,1,62.653846,82.500000
360,1,66.625000,81.833333
363,1,82.434783,83.695652
364,1,87.592593,80.703704
367,1,102.576923,81.230769
369,1,113.095238,83.761905
376,1,145.958333,81.500000
377,1,150.904762,80.523810
378,1,158.600000,81.000000
381,1,171.800000,81.920000
387,1,201.760000,81.960000
388,1,207.560000,82.760000
393,1,28.000000,85.960000
398,1,51.884615,87.230769
399,1,57.346154,87.153846
400,1,60.730769,86.076923
406,1,91.928571,87.750000
407,1,96.238095,87.666667
410,1,111.120000,87.240000
412,1,121.615385,86.230769
414,1,133.280000,86.720000
416,1,142.760000,87.640000
419,1,156.125000,86.250000
420,1,160.923077,86.884615
423,1,176.440000,86.680000
425,1,186.846154,87.653846
428,1,201.821429,86.607143
429,1,205.964286,87.607143
432,1,222.038462,87.500000
433,1,226.440000,86.600000
437,1,38.200000,92.560000
438,1,41.962963,90.962963
439,1,48.480000,93.520000
440,1,52.333333,91.541667
441,1,57.653846,92.461538
443,1,67.640000,92.200000
447,1,87.307692,94.230769
448,1,93.240000,91.600000
452,1,111.875000,93.833333
453,1,116.434783,91.695652
454,1,122.863636,89.863636
455,1,126.692308,91.615385
456,1,131.086957,91.956522
457,1,137.038462,90.961538
458,1,142.086957,92.521739
460,1,153.038462,91.076923
461,1,157.115385,92.923077
464,1,170.192308,93.576923
465,1,176.518519,90.296296
466,1,180.730769,92.961538
467,1,187.913043,91.652174
468,1,190.304348,93.434783
469,1,196.625000,91.000000
471,1,207.192308,92.192308
475,1,226.916667,91.916667
478,1,32.120000,96.160000
484,1,62.320000,97.360000
486,1,72.037037,98.037037
487,1,77.080000,96.960000
488,1,81.166667,96.458333
489,1,85.160000,97.200000
491,1,96.880000,96.240000
494,1,113.000000,98.333333
495,1,117.916667,95.375000
496,1,121.846154,95.461538
499,1,135.636364,96.318182
500,1,141.615385,96.076923
502,1,151.608696,94.956522
503,1,157.280000,97.760000
505,1,166.230769,97.769231
506,1,172.115385,94.961538
510,1,192.880000,96.160000
512,1,201.826087,97.130435
514,1,211.360000,97.360000
516,1,220.440000,98.840000
521,1,27.500000,102.357143
524,1,41.708333,102.458333
527,1,55.863636,102.227273
529,1,67.807692,100.923077
530,1,72.043478,102.173913
531,1,78.583333,101.000000
533,1,86.727273,103.318182
536,1,100.375000,101.458333
538,1,112.280000,100.960000
539,1,118.071429,102.107143
541,1,126.888889,101.777778
544,1,141.280000,99.800000
545,1,146.444444,101.555556
547,1,155.560000,101.680000
549,1,168.769231,101.769231
553,1,187.130435,101.478261
554,1,192.038462,101.153846
555,1,196.217391,101.521739
559,1,216.875000,102.208333
562,1,231.166667,101.583333
564,1,22.423077,107.076923
566,1,32.500000,107.384615
568,1,41.960000,108.040000
569,1,48.840000,105.960000
570,1,53.666667,106.458333
572,1,62.153846,107.500000
573,1,67.538462,106.115385
574,1,73.791667,106.625000
575,1,77.166667,105.916667
577,1,87.500000,107.214286
579,1,96.703704,107.925926
580,1,100.625000,105.750000
581,1,106.750000,107.125000
584,1,121.869565,106.739130
587,1,137.869565,106.913043
588,1,141.777778,105.148148
592,1,161.600000,106.560000
593,1,167.482759,107.931034
596,1,181.538462,107.423077
598,1,190.520000,107.160000
599,1,195.600000,106.080000
601,1,206.740741,107.703704
603,1,218.269231,108.153846
604,1,221.038462,106.500000
606,1,232.384615,109.269231
607,1,237.148148,106.629630
610,1,31.615385,113.346154
613,1,46.960000,110.840000
615,1,57.800000,111.840000
616,1,64.307692,112.730769
617,1,68.111111,111.259259
621,1,88.666667,115.000000
622,1,92.080000,113.160000
623,1,97.653846,112.307692
625,1,108.434783,111.130435
626,1,111.200000,111.720000
631,1,137.875000,110.875000
634,1,152.115385,113.423077
635,1,159.259259,113.518519
636,1,162.814815,112.000000
637,1,166.200000,112.080000
638,1,171.720000,112.720000
639,1,176.904762,112.428571
640,1,182.000000,111.925926
642,1,192.040000,111.880000
645,1,206.625000,112.000000
647,1,215.041667,111.708333
650,1,231.814815,108.888889
651,1,236.629630,112.407407
652,1,22.043478,117.869565
654,1,32.653846,118.038462
655,1,37.208333,116.916667
658,1,52.038462,115.692308
659,1,56.269231,118.230769
660,1,61.321429,115.928571
662,1,72.434783,117.304348
663,1,76.120000,117.720000
664,1,81.068966,116.827586
665,1,87.035714,117.607143
666,1,92.043478,117.913043
667,1,98.043478,116.173913
668,1,101.962963,117.074074
669,1,106.000000,116.521739
671,1,116.500000,117.269231
674,1,130.260870,116.608696
676,1,139.962963,117.000000
677,1,145.000000,115.692308
679,1,155.500000,114.769231
684,1,182.076923,117.230769
685,1,187.777778,118.037037
686,1,192.538462,116.653846
687,1,197.086957,115.521739
688,1,201.038462,117.923077
690,1,211.423077,117.653846
691,1,217.346154,116.807692
692,1,221.208333,116.125000
695,1,236.833333,117.208333
696,1,21.739130,122.043478
698,1,32.153846,122.153846
699,1,37.592593,123.000000
700,1,42.434783,121.956522
701,1,46.956522,121.086957
703,1,55.360000,122.000000
704,1,61.666667,120.000000
707,1,78.160000,123.040000
708,1,82.416667,122.125000
709,1,87.461538,122.153846
710,1,94.160000,120.760000
711,1,101.166667,121.250000
712,1,101.260870,125.217391
713,1,106.480000,120.520000
715,1,117.107143,122.642857
717,1,127.037037,122.629630
719,1,136.458333,122.000000
724,1,161.960000,123.160000
725,1,166.961538,123.500000
727,1,177.625000,121.291667
729,1,187.296296,122.333333
733,1,206.931034,121.586207
734,1,212.956522,123.304348
735,1,217.125000,121.208333
736,1,222.458333,122.875000
737,1,225.583333,122.250000
739,1,236.440000,122.440000
740,1,22.384615,127.192308
744,1,42.153846,126.692308
746,1,53.125000,127.750000
747,1,58.692308,125.653846
748,1,62.041667,126.833333
750,1,71.833333,128.166667
751,1,76.423077,127.000000
754,1,92.086957,127.260870
755,1,97.166667,125.625000
756,1,102.400000,129.760000
757,1,108.333333,128.666667
759,1,116.625000,128.500000
760,1,122.240000,125.440000
761,1,125.960000,127.880000
763,1,137.041667,126.916667
765,1,147.407407,127.111111
767,1,156.259259,125.962963
768,1,161.375000,127.291667
769,1,166.000000,129.500000
771,1,176.185185,125.000000
772,1,179.931034,127.586207
779,1,217.909091,126.181818
780,1,221.695652,128.652174
781,1,225.720000,127.400000
782,1,230.178571,127.678571
783,1,235.916667,127.416667
784,1,22.320000,132.080000
786,1,32.375000,131.875000
790,1,52.375000,133.875000
791,1,56.250000,130.541667
792,1,62.846154,131.807692
793,1,66.560000,132.000000
795,1,78.125000,133.000000
798,1,93.230769,132.615385
799,1,96.370370,130.296296
800,1,104.346154,128.538462
802,1,112.772727,132.363636
803,1,117.384615,132.192308
805,1,127.153846,130.384615
809,1,147.259259,131.592593
810,1,152.227273,132.227273
813,1,167.240000,134.040000
815,1,177.230769,131.615385
817,1,186.923077,131.923077
821,1,210.000000,132.750000
822,1,211.333333,131.111111
824,1,223.136364,133.318182
825,1,226.400000,130.360000
828,1,21.333333,137.851852
831,1,38.269231,136.961538
832,1,43.125000,137.208333
833,1,47.000000,135.869565
835,1,56.538462,135.884615
837,1,66.307692,137.192308
839,1,77.041667,137.916667
844,1,102.423077,136.269231
845,1,105.444444,138.185185
847,1,117.560000,136.600000
848,1,123.769231,137.230769
849,1,127.680000,135.720000
850,1,132.680000,138.640000
852,1,141.541667,136.750000
853,1,146.916667,135.250000
854,1,151.230769,138.461538
857,1,168.740741,137.962963
858,1,172.304348,136.565217
859,1,177.560000,136.720000
865,1,207.708333,135.625000
870,1,233.461538,136.692308
872,1,21.807692,141.615385
873,1,25.821429,142.107143
879,1,57.230769,141.538462
883,1,76.892857,142.892857
884,1,82.000000,142.296296
885,1,87.363636,142.909091
886,1,91.851852,142.333333
892,1,121.560000,140.880000
893,1,127.346154,141.576923
895,1,138.740741,141.000000
898,1,151.600000,141.560000
899,1,158.583333,142.916667
900,1,160.708333,141.666667
902,1,173.043478,140.956522
905,1,186.518519,142.222222
906,1,192.541667,142.583333
914,1,232.080000,141.280000
916,1,21.960000,147.200000
919,1,36.285714,146.619048
921,1,46.125000,148.375000
924,1,62.038462,146.269231
925,1,66.791667,147.458333
926,1,71.000000,147.291667
927,1,75.958333,146.791667
928,1,80.360000,147.320000
929,1,86.320000,146.680000
931,1,97.423077,146.846154
936,1,122.074074,146.148148
937,1,126.407407,147.629630
939,1,136.840000,146.720000
940,1,139.037037,147.592593
943,1,156.739130,145.565217
944,1,162.333333,147.185185
945,1,168.000000,147.666667
952,1,202.125000,146.791667
954,1,213.240000,149.280000
955,1,216.107143,147.071429
958,1,232.423077,145.653846
959,1,235.925926,148.222222
960,1,22.866667,152.366667
965,1,46.833333,152.500000
966,1,52.115385,151.692308
967,1,55.958333,152.333333
968,1,62.200000,150.680000
970,1,72.375000,152.708333
971,1,78.269231,151.153846
976,1,100.800000,151.840000
977,1,105.520000,152.160000
978,1,111.703704,152.111111
980,1,121.714286,152.107143
983,1,139.103448,153.413793
984,1,143.120000,151.280000
985,1,147.440000,151.200000
986,1,152.772727,151.681818
987,1,156.833333,151.416667
988,1,162.125000,152.666667
989,1,165.730769,150.961538
994,1,191.961538,151.230769
997,1,207.739130,152.652174
999,1,215.740741,154.481481
1000,1,220.208333,151.625000
1001,1,227.347826,152.869565
1002,1,231.521739,152.826087
1003,1,234.703704,150.851852
1005,1,28.086957,157.173913
1007,1,37.043478,157.086957
1009,1,47.230769,157.884615
1010,1,51.840000,156.520000
1012,1,61.461538,155.115385
1016,1,82.740741,158.222222
1017,1,87.640000,157.400000
1018,1,91.800000,156.880000
1020,1,101.379310,156.965517
1023,1,116.666667,156.703704
1028,1,142.863636,157.272727
1029,1,147.074074,156.000000
1030,1,151.000000,156.791667
1031,1,155.629630,157.407407
1033,1,165.640000,156.920000
1036,1,182.185185,156.629630
1037,1,187.370370,157.444444
1038,1,191.640000,157.360000
1039,1,196.642857,156.535714
1041,1,206.809524,157.714286
1042,1,209.640000,158.040000
1043,1,217.777778,159.666667
1044,1,221.642857,155.500000
1048,1,26.730769,161.807692
1049,1,31.960000,162.920000
1051,1,42.344828,161.379310
1053,1,51.285714,161.892857
1055,1,62.400000,160.600000
1057,1,72.440000,161.800000
1058,1,76.708333,163.916667
1059,1,79.555556,162.333333
1063,1,103.000000,161.692308
1064,1,106.192308,162.384615
1067,1,122.206897,162.689655
1069,1,131.960000,162.000000
1074,1,158.481481,160.148148
1075,1,162.863636,163.136364
1078,1,177.551724,160.379310
1079,1,180.280000,162.280000
1080,1,187.038462,162.653846
1083,1,202.074074,161.777778
1084,1,206.750000,163.166667
1086,1,218.740741,164.740741
1090,1,237.000000,161.586207
1091,1,28.500000,167.181818
1092,1,31.875000,166.000000
1093,1,37.000000,167.160000
1095,1,43.576923,168.961538
1096,1,52.074074,166.666667
1097,1,55.807692,167.307692
1098,1,60.640000,165.280000
1099,1,65.071429,167.571429
1101,1,77.259259,167.740741
1102,1,83.464286,167.000000
1103,1,88.458333,167.916667
1104,1,93.347826,166.478261
1105,1,96.653846,165.615385
1109,1,117.480000,168.200000
1110,1,121.111111,167.037037
1113,1,136.840000,168.160000
1114,1,142.037037,166.592593
1116,1,152.423077,169.653846
1119,1,166.958333,166.333333
1122,1,181.888889,167.185185
1126,1,202.840000,166.600000
1129,1,216.086957,166.130435
1130,1,222.458333,167.666667
1131,1,227.423077,165.269231
1134,1,31.461538,172.307692
1135,1,35.400000,173.680000
1136,1,40.750000,171.916667
1137,1,47.384615,171.576923
1138,1,51.208333,171.958333
1140,1,62.160000,172.000000
1141,1,67.740741,171.296296
1142,1,71.320000,172.120000
1144,1,81.266667,172.033333
1146,1,92.000000,171.695652
1148,1,102.166667,172.958333
1149,1,106.769231,171.730769
1152,1,122.250000,172.916667
1155,1,137.291667,169.541667
1158,1,150.478261,172.260870
1160,1,160.074074,173.703704
1161,1,165.653846,171.192308
1163,1,177.240000,172.760000
1164,1,181.136364,171.590909
1171,1,215.185185,173.814815
1172,1,221.680000,171.720000
1173,1,226.916667,169.958333
1174,1,232.208333,171.750000
1176,1,38.846154,176.192308
1177,1,43.000000,176.961538
1179,1,53.423077,176.500000
1182,1,67.200000,177.440000
1185,1,83.208333,177.916667
1188,1,97.125000,176.083333
1189,1,101.458333,177.166667
1191,1,112.750000,176.500000
1192,1,116.964286,177.571429
1194,1,126.916667,176.333333
1196,1,137.181818,176.272727
1200,1,156.666667,177.148148
1201,1,163.000000,176.375000
1202,1,167.333333,176.875000
1203,1,170.083333,175.666667
1204,1,175.571429,175.857143
1205,1,182.791667,175.833333
1206,1,186.800000,178.560000
1207,1,191.517241,176.275862
1208,1,197.440000,176.560000
1211,1,213.400000,177.240000
1212,1,217.916667,177.583333
1214,1,226.461538,175.423077
1221,1,62.740741,183.185185
1222,1,66.185185,183.148148
1223,1,70.695652,181.304348
1224,1,77.304348,181.000000
1225,1,80.076923,183.076923
1226,1,86.750000,182.208333
1227,1,93.240000,181.440000
1228,1,98.814815,182.629630
1229,1,102.680000,181.640000
1230,1,106.360000,181.280000
1233,1,122.880000,182.800000
1234,1,127.518519,180.148148
1239,1,152.434783,182.391304
1240,1,157.360000,181.840000
1245,1,181.074074,181.074074
1246,1,185.923077,183.192308
1247,1,192.375000,180.833333
1248,1,196.680000,181.360000
1250,1,207.347826,181.739130
1252,1,217.772727,181.818182
1253,1,221.739130,181.347826
1255,1,39.440000,186.920000
1256,1,41.538462,187.769231
1257,1,47.080000,187.680000
1259,1,56.000000,187.826087
1260,1,60.360000,187.200000
1263,1,76.192308,185.769231
1265,1,87.083333,187.250000
1266,1,92.240000,186.000000
1267,1,96.600000,187.120000
1268,1,103.083333,186.708333
1273,1,126.347826,188.043478
1274,1,130.692308,185.346154
1278,1,151.956522,187.826087
1280,1,163.500000,187.071429
1281,1,165.384615,188.423077
1285,1,186.416667,187.458333
1286,1,192.038462,185.230769
1288,1,202.269231,186.769231
1289,1,207.440000,186.360000
1294,1,42.750000,192.250000
1296,1,51.826087,191.086957
1300,1,72.608696,192.347826
1301,1,76.500000,192.125000
1303,1,88.680000,192.160000
1304,1,90.840000,190.960000
1306,1,101.851852,190.777778
1307,1,106.695652,191.826087
1309,1,115.814815,191.629630
1310,1,121.035714,191.964286
1311,1,128.629630,191.000000
1313,1,136.958333,192.833333
1316,1,152.520000,190.360000
1319,1,167.961538,191.807692
1321,1,177.047619,192.238095
1323,1,188.080000,191.000000
1324,1,192.192308,191.769231
1327,1,205.518519,192.592593
1331,1,42.720000,197.640000
1332,1,47.695652,198.478261
1333,1,52.307692,196.000000
1335,1,61.750000,196.458333
1337,1,71.428571,197.857143
1338,1,76.777778,197.481481
1339,1,81.666667,195.851852
1340,1,87.208333,196.166667
1341,1,93.185185,197.407407
1342,1,97.346154,197.000000
1343,1,102.115385,196.076923
1345,1,112.296296,197.814815
1347,1,122.680000,195.920000
1348,1,127.148148,197.148148
1351,1,140.958333,196.708333
1352,1,146.115385,196.500000
1353,1,152.240000,195.480000
1355,1,162.360000,198.080000
1356,1,168.703704,196.259259
1362,1,196.043478,197.391304
1364,1,207.190476,196.952381
1367,1,46.625000,201.583333
1371,1,67.260870,202.043478
1373,1,79.115385,200.884615
1374,1,83.360000,201.880000
1376,1,92.230769,202.230769
1378,1,102.678571,203.357143
1379,1,106.730769,200.230769
1380,1,112.000000,203.375000
1388,1,150.884615,201.230769
1389,1,157.518519,201.777778
1390,1,162.107143,200.321429
1393,1,177.807692,202.192308
1394,1,182.346154,201.423077
1395,1,186.833333,202.541667
1397,1,196.920000,203.560000
1398,1,201.653846,201.576923
1401,1,54.666667,208.875000
1404,1,67.440000,206.000000
1405,1,71.560000,206.960000
1407,1,81.807692,207.423077
1408,1,86.750000,208.857143
1409,1,92.370370,205.851852
1410,1,96.000000,208.115385
1413,1,112.080000,207.360000
1415,1,121.333333,205.666667
1416,1,126.814815,207.296296
1426,1,177.481481,207.000000
1430,1,196.185185,207.074074
1431,1,200.964286,204.142857
1432,1,206.320000,207.200000
1433,1,57.961538,213.153846
1434,1,62.666667,212.888889
1436,1,72.080000,212.320000
1437,1,74.560000,210.640000
1438,1,81.200000,213.040000
1439,1,86.538462,212.307692
1441,1,97.545455,211.818182
1442,1,102.250000,212.000000
1443,1,105.777778,212.037037
1444,1,111.782609,214.217391
1445,1,117.714286,212.571429
1447,1,127.192308,211.461538
1449,1,136.444444,212.444444
1452,1,152.480000,212.520000
1453,1,156.884615,212.269231
1457,1,177.833333,212.208333
1460,1,192.538462,212.730769
1461,1,198.208333,212.416667
1462,1,201.818182,209.863636
1463,1,62.583333,217.666667
1465,1,72.160000,217.000000
1469,1,92.680000,218.400000
1471,1,103.695652,217.000000
1472,1,107.320000,218.960000
1473,1,111.142857,216.357143
1474,1,118.464286,217.142857
1475,1,122.280000,216.440000
1477,1,131.851852,217.518519
1479,1,142.120000,216.720000
1481,1,151.846154,217.615385
1482,1,157.120000,216.960000
1483,1,162.814815,217.555556
1489,1,193.148148,217.592593
1490,1,197.000000,217.142857
1491,1,67.461538,221.615385
1492,1,72.678571,221.535714
1495,1,86.777778,222.111111
1499,1,105.222222,223.111111
1501,1,115.428571,221.428571
1502,1,120.000000,223.041667
1503,1,126.130435,221.913043
1504,1,132.240000,222.520000
1506,1,141.000000,222.178571
1507,1,146.888889,221.703704
1511,1,168.555556,223.592593
1513,1,177.041667,223.041667
1517,1,77.125000,226.541667
1519,1,86.880000,228.880000
1520,1,90.600000,226.640000
1524,1,112.600000,228.960000
1525,1,117.400000,227.280000
1526,1,122.080000,226.160000
1527,1,127.076923,225.769231
1529,1,137.222222,226.333333
1531,1,146.800000,226.560000
1534,1,162.000000,227.360000
1536,1,172.851852,227.629630
1538,1,182.000000,226.360000
1539,1,85.708333,232.208333
1542,1,101.500000,232.884615
1543,1,107.695652,232.739130
1545,1,117.461538,232.461538
1549,1,137.166667,231.208333
1550,1,141.666667,233.000000
1556,1,170.541667,231.333333
1557,1,96.920000,236.600000
1558,1,101.960000,236.840000
1563,1,126.960000,236.600000
1564,1,131.913043,237.217391
1565,1,136.434783,235.695652
1569,1,155.333333,236.250000
