ID,type,x COM, y COM
2,2,105.208333,24.208333
6,2,125.545455,22.863636
7,2,133.500000,25.500000
8,2,137.916667,23.416667
9,2,142.333333,22.000000
11,2,153.500000,22.590909
14,2,94.750000,26.821429
17,2,110.400000,28.840000
19,2,114.629630,31.185185
20,2,123.565217,28.826087
21,2,127.250000,26.250000
24,2,142.040000,27.240000
25,2,146.600000,27.400000
26,2,151.160000,27.120000
27,2,155.888889,29.851852
28,2,162.625000,23.125000
29,2,166.360000,27.600000
30,2,170.681818,27.090909
31,2,75.500000,34.625000
34,2,88.360000,30.080000
35,2,93.320000,31.720000
36,2,99.458333,32.208333
38,2,109.000000,35.250000
40,2,122.304348,33.391304
41,2,127.208333,32.083333
42,2,131.458333,30.041667
45,2,146.045455,32.136364
46,2,151.730769,32.846154
47,2,159.608696,31.956522
48,2,161.916667,28.125000
49,2,164.833333,32.791667
50,2,171.086957,31.652174
51,2,175.521739,31.739130
52,2,184.608696,35.434783
53,2,71.181818,37.136364
57,2,94.045455,36.818182
58,2,98.478261,40.130435
59,2,98.458333,35.500000
61,2,111.130435,37.043478
63,2,124.640000,37.560000
65,2,130.521739,34.565217
67,2,143.333333,37.333333
68,2,148.000000,36.000000
70,2,155.958333,35.875000
73,2,174.115385,37.230769
74,2,179.538462,36.923077
75,2,184.520000,39.440000
77,2,190.590909,34.727273
78,2,58.909091,43.000000
80,2,71.740741,42.074074
82,2,82.041667,46.000000
83,2,87.407407,41.925926
86,2,103.840000,40.880000
87,2,109.250000,42.000000
89,2,114.304348,44.826087
90,2,119.800000,42.240000
91,2,124.240000,42.760000
94,2,142.391304,42.565217
95,2,146.851852,42.740741
96,2,150.461538,44.576923
97,2,156.695652,41.304348
103,2,187.791667,43.583333
105,2,192.833333,42.500000
106,2,56.695652,47.043478
110,2,75.791667,45.791667
111,2,87.259259,47.925926
113,2,92.652174,46.608696
117,2,114.000000,51.521739
122,2,140.500000,47.250000
124,2,145.846154,48.269231
126,2,154.423077,45.807692
128,2,167.560000,46.600000
132,2,187.086957,50.913043
133,2,195.125000,45.708333
135,2,199.791667,46.791667
136,2,55.916667,51.916667
138,2,63.750000,52.000000
140,2,74.384615,54.153846
141,2,77.681818,58.727273
143,2,90.640000,52.760000
144,2,95.600000,50.440000
145,2,93.782609,55.739130
147,2,107.565217,51.782609
148,2,110.791667,52.666667
150,2,122.347826,56.043478
157,2,157.291667,52.458333
160,2,170.782609,49.173913
161,2,175.200000,52.560000
163,2,188.833333,47.666667
165,2,195.320000,49.560000
167,2,205.727273,51.409091
168,2,47.807692,59.961538
169,2,54.423077,56.076923
170,2,59.227273,57.818182
172,2,64.954545,56.590909
175,2,80.961538,55.692308
176,2,86.680000,56.680000
178,2,97.666667,56.875000
183,2,125.695652,59.391304
185,2,129.875000,60.000000
186,2,133.769231,63.192308
187,2,140.739130,57.347826
190,2,156.043478,57.304348
193,2,173.120000,56.840000
195,2,182.583333,55.625000
196,2,186.240000,57.400000
198,2,195.230769,53.692308
200,2,207.880000,56.160000
203,2,43.652174,61.260870
204,2,51.740741,61.740741
205,2,55.760000,61.440000
208,2,74.130435,66.217391
209,2,77.347826,63.130435
210,2,82.826087,60.869565
211,2,87.227273,61.681818
213,2,95.120000,63.560000
215,2,106.172414,64.689655
218,2,120.375000,61.000000
219,2,126.960000,64.200000
220,2,136.923077,60.461538
223,2,149.625000,62.708333
224,2,152.041667,59.291667
225,2,157.500000,61.166667
229,2,175.500000,63.458333
230,2,179.708333,61.416667
231,2,183.846154,62.269231
235,2,206.500000,64.458333
236,2,208.285714,60.428571
243,2,70.095238,63.619048
245,2,78.565217,69.391304
248,2,90.833333,66.041667
251,2,110.250000,69.416667
253,2,118.518519,67.370370
256,2,131.791667,68.000000
257,2,136.416667,68.541667
260,2,153.913043,65.652174
261,2,158.607143,66.821429
262,2,163.000000,66.666667
263,2,165.800000,72.160000
264,2,167.000000,65.833333
265,2,175.360000,70.160000
267,2,184.461538,66.846154
269,2,194.363636,67.136364
270,2,200.291667,67.291667
278,2,50.760000,76.680000
279,2,57.000000,71.800000
283,2,74.652174,71.260870
284,2,82.523810,69.857143
286,2,87.291667,69.666667
287,2,93.333333,71.125000
289,2,105.608696,70.695652
291,2,119.153846,73.346154
292,2,123.916667,72.166667
293,2,129.000000,73.772727
294,2,132.923077,74.384615
295,2,136.958333,73.708333
296,2,140.960000,71.440000
297,2,145.821429,73.321429
299,2,155.875000,71.333333
300,2,162.090909,71.318182
301,2,169.692308,73.538462
302,2,171.653846,68.615385
311,2,215.409091,75.954545
312,2,221.086957,72.956522
313,2,34.461538,76.615385
315,2,40.370370,77.444444
316,2,46.192308,74.538462
318,2,56.173913,76.913043
319,2,60.200000,74.960000
321,2,73.440000,76.240000
325,2,92.080000,75.800000
328,2,106.800000,76.360000
331,2,121.214286,77.857143
332,2,126.565217,77.434783
336,2,143.200000,77.040000
337,2,148.190476,77.285714
339,2,159.680000,75.280000
341,2,168.480000,78.560000
345,2,195.560000,76.640000
346,2,197.130435,71.608696
347,2,199.130435,78.695652
348,2,210.571429,77.142857
349,2,211.666667,72.208333
350,2,214.583333,80.166667
354,2,35.375000,80.416667
355,2,43.074074,81.925926
356,2,46.000000,79.090909
358,2,56.407407,82.444444
359,2,61.240000,81.360000
361,2,72.600000,81.360000
362,2,77.541667,81.125000
363,2,81.400000,85.480000
365,2,91.391304,80.130435
366,2,96.074074,82.962963
369,2,108.347826,82.173913
375,2,143.280000,82.160000
378,2,158.478261,83.434783
380,2,164.095238,82.809524
381,2,170.291667,82.708333
382,2,178.280000,81.160000
389,2,212.720000,84.680000
390,2,217.680000,83.800000
391,2,221.625000,81.875000
393,2,29.125000,89.625000
395,2,38.541667,84.541667
397,2,45.956522,86.826087
399,2,57.653846,86.884615
401,2,68.100000,87.050000
404,2,84.333333,89.083333
405,2,88.730769,87.692308
406,2,92.916667,85.375000
409,2,112.000000,85.500000
410,2,115.090909,88.318182
411,2,117.875000,86.291667
416,2,144.782609,86.260870
420,2,162.318182,86.363636
421,2,167.555556,86.666667
422,2,173.681818,81.045455
423,2,177.916667,87.333333
424,2,182.000000,85.961538
425,2,186.692308,87.307692
427,2,198.727273,87.045455
428,2,203.041667,87.458333
429,2,207.695652,87.391304
432,2,219.217391,89.826087
433,2,224.307692,86.500000
434,2,230.346154,86.538462
436,2,34.166667,90.083333
438,2,44.920000,92.040000
439,2,47.833333,95.000000
440,2,52.615385,92.307692
441,2,58.272727,91.136364
444,2,72.807692,89.384615
445,2,78.115385,89.153846
447,2,87.458333,93.375000
448,2,92.730769,91.153846
449,2,97.619048,92.666667
450,2,108.772727,87.181818
453,2,120.120000,90.320000
455,2,130.375000,92.125000
456,2,130.565217,97.434783
458,2,142.958333,92.041667
463,2,166.434783,91.391304
464,2,174.320000,87.040000
465,2,178.280000,92.800000
466,2,182.695652,91.869565
473,2,217.080000,93.640000
474,2,224.875000,89.625000
476,2,236.304348,91.260870
479,2,37.560000,98.600000
480,2,42.931034,98.344828
482,2,52.434783,97.043478
485,2,68.080000,99.720000
489,2,86.739130,98.217391
490,2,91.760000,96.160000
495,2,115.538462,93.846154
496,2,121.192308,94.923077
497,2,124.925926,98.740741
499,2,136.920000,101.560000
501,2,146.777778,97.555556
504,2,167.916667,95.333333
509,2,186.035714,96.107143
510,2,191.217391,96.217391
511,2,195.777778,99.111111
512,2,200.956522,96.608696
515,2,219.478261,96.826087
517,2,226.500000,99.090909
519,2,237.000000,95.818182
520,2,22.869565,100.347826
521,2,28.541667,100.666667
522,2,33.240000,100.080000
523,2,38.090909,104.181818
526,2,53.760000,103.080000
528,2,62.869565,100.521739
530,2,67.960000,103.640000
532,2,83.555556,101.592593
533,2,87.923077,103.846154
537,2,107.653846,99.692308
538,2,110.692308,102.961538
539,2,115.115385,99.769231
540,2,119.416667,100.750000
544,2,142.346154,98.384615
545,2,146.136364,103.318182
546,2,150.720000,103.120000
550,2,172.350000,101.750000
551,2,176.772727,101.363636
552,2,182.360000,102.000000
553,2,187.107143,101.321429
554,2,191.041667,102.541667
555,2,194.958333,103.500000
556,2,200.708333,100.916667
558,2,212.080000,103.120000
559,2,217.090909,101.045455
560,2,221.920000,100.760000
561,2,229.458333,103.083333
564,2,23.703704,104.888889
567,2,37.120000,108.680000
570,2,53.000000,107.720000
571,2,57.416667,107.958333
572,2,62.608696,106.000000
573,2,65.958333,109.958333
574,2,69.680000,107.840000
576,2,80.391304,105.000000
577,2,84.785714,108.571429
578,2,90.318182,108.636364
583,2,115.600000,104.680000
584,2,119.739130,107.478261
587,2,141.640000,108.440000
588,2,141.629630,104.074074
589,2,146.869565,108.521739
590,2,151.230769,108.538462
591,2,155.166667,105.833333
592,2,159.090909,107.909091
594,2,172.230769,108.653846
595,2,176.409091,105.363636
596,2,181.035714,107.678571
599,2,200.120000,105.880000
601,2,206.652174,107.347826
602,2,211.791667,108.083333
603,2,218.416667,105.041667
604,2,224.666667,104.708333
605,2,228.375000,107.625000
606,2,234.391304,107.217391
609,2,27.250000,111.958333
610,2,30.625000,115.000000
612,2,40.760000,115.520000
613,2,45.560000,112.000000
614,2,52.291667,113.375000
615,2,57.400000,112.240000
620,2,81.840000,112.560000
625,2,105.750000,113.625000
626,2,110.615385,113.884615
627,2,114.920000,109.440000
631,2,137.434783,110.695652
632,2,143.428571,113.380952
633,2,147.500000,114.291667
634,2,151.708333,113.250000
635,2,157.080000,112.040000
636,2,162.480000,109.520000
639,2,176.653846,110.461538
641,2,188.666667,112.666667
643,2,193.920000,108.480000
645,2,206.464286,112.535714
646,2,212.280000,112.680000
648,2,221.000000,109.440000
649,2,225.880000,111.600000
650,2,232.692308,111.000000
651,2,238.541667,109.458333
653,2,28.217391,119.739130
658,2,52.884615,119.538462
659,2,56.363636,117.136364
660,2,61.692308,118.576923
662,2,75.500000,117.153846
664,2,81.500000,118.208333
665,2,85.583333,116.541667
668,2,104.000000,117.318182
671,2,115.040000,114.080000
675,2,139.880000,115.240000
678,2,153.125000,118.375000
680,2,163.423077,114.923077
681,2,168.080000,116.480000
682,2,173.111111,115.407407
683,2,177.148148,117.074074
684,2,181.807692,118.307692
686,2,195.520000,117.680000
688,2,202.583333,116.875000
690,2,212.888889,117.703704
691,2,217.259259,114.296296
692,2,222.269231,115.076923
693,2,225.541667,119.041667
694,2,230.000000,114.592593
696,2,22.360000,119.280000
697,2,26.739130,123.608696
700,2,42.250000,124.000000
701,2,47.576923,128.000000
703,2,57.695652,121.739130
705,2,66.666667,120.444444
706,2,71.000000,121.000000
707,2,76.416667,121.333333
713,2,105.590909,121.272727
716,2,121.833333,118.416667
717,2,125.500000,124.461538
718,2,128.714286,118.857143
720,2,140.958333,119.458333
722,2,154.518519,124.296296
727,2,177.250000,122.000000
731,2,196.318182,121.227273
732,2,200.720000,121.720000
733,2,204.720000,122.240000
734,2,210.166667,121.833333
736,2,222.347826,124.391304
740,2,21.653846,125.653846
741,2,31.960000,126.520000
746,2,49.791667,131.708333
748,2,63.458333,128.125000
752,2,81.115385,124.038462
753,2,85.307692,127.307692
756,2,101.791667,125.041667
757,2,105.521739,128.695652
758,2,108.120000,125.840000
761,2,129.541667,122.958333
766,2,150.956522,126.347826
767,2,157.136364,128.909091
768,2,162.240000,124.800000
769,2,171.000000,126.333333
775,2,197.875000,126.250000
776,2,202.964286,127.678571
781,2,226.375000,124.791667
782,2,232.190476,127.952381
783,2,236.260870,125.869565
785,2,27.347826,131.826087
786,2,31.600000,132.300000
787,2,34.952381,130.000000
789,2,48.347826,135.826087
791,2,58.640000,128.280000
792,2,61.391304,132.000000
793,2,68.440000,129.680000
794,2,69.458333,134.208333
800,2,103.045455,131.818182
801,2,108.000000,136.666667
802,2,109.208333,131.791667
807,2,134.370370,132.074074
809,2,147.480000,132.280000
810,2,151.250000,131.750000
814,2,175.666667,133.814815
816,2,181.040000,134.040000
820,2,200.086957,131.695652
821,2,208.480000,131.400000
822,2,212.708333,132.041667
825,2,226.000000,128.880000
826,2,227.320000,131.880000
829,2,25.269231,136.884615
830,2,31.444444,137.037037
831,2,37.208333,135.833333
832,2,40.347826,138.304348
833,2,44.576923,139.153846
834,2,50.480000,139.320000
835,2,57.190476,135.380952
837,2,67.478261,137.391304
840,2,78.590909,139.318182
844,2,102.925926,137.185185
852,2,144.076923,137.423077
854,2,153.269231,138.423077
855,2,154.869565,132.869565
857,2,169.153846,135.038462
858,2,173.304348,137.391304
861,2,185.304348,140.391304
862,2,187.538462,136.576923
864,2,203.708333,135.208333
868,2,227.217391,137.608696
870,2,233.608696,135.000000
871,2,236.576923,139.461538
872,2,23.500000,142.500000
873,2,27.600000,141.960000
874,2,31.708333,141.583333
876,2,40.560000,144.600000
878,2,55.173913,143.217391
879,2,57.080000,139.320000
881,2,67.347826,140.739130
884,2,84.307692,139.884615
888,2,105.680000,140.880000
890,2,114.740741,145.037037
893,2,128.440000,143.840000
895,2,133.083333,141.916667
897,2,148.846154,138.115385
900,2,164.000000,141.727273
902,2,169.720000,140.800000
903,2,174.680000,141.960000
907,2,200.833333,137.833333
908,2,200.960000,142.920000
909,2,206.185185,140.740741
911,2,217.826087,142.043478
912,2,221.153846,144.038462
913,2,226.500000,142.346154
915,2,235.954545,143.954545
917,2,24.740741,147.259259
918,2,30.875000,147.125000
919,2,35.400000,146.000000
922,2,53.227273,146.772727
924,2,61.583333,148.833333
925,2,67.041667,145.208333
926,2,71.875000,144.750000
928,2,83.086957,146.217391
932,2,102.480000,145.680000
933,2,108.166667,143.750000
935,2,118.500000,149.272727
937,2,127.653846,148.692308
938,2,133.777778,146.962963
940,2,143.875000,147.750000
942,2,153.565217,144.391304
943,2,157.857143,144.428571
944,2,161.625000,146.875000
945,2,165.227273,146.545455
947,2,176.000000,149.875000
949,2,189.833333,150.291667
953,2,205.043478,145.608696
954,2,209.480000,147.600000
957,2,225.040000,146.680000
958,2,230.608696,145.478261
961,2,29.826087,151.000000
962,2,36.000000,151.000000
966,2,55.181818,152.590909
967,2,58.160000,150.120000
968,2,64.333333,153.740741
969,2,67.384615,150.192308
971,2,77.347826,152.260870
972,2,84.541667,152.125000
973,2,87.958333,149.291667
974,2,91.541667,151.208333
980,2,122.769231,154.076923
981,2,127.043478,154.478261
982,2,132.652174,151.260870
984,2,143.500000,152.166667
988,2,157.636364,149.818182
990,2,171.833333,154.000000
992,2,180.043478,151.217391
994,2,190.869565,154.478261
995,2,197.230769,153.538462
996,2,202.739130,153.173913
997,2,203.913043,149.347826
999,2,219.680000,150.160000
1003,2,237.363636,148.409091
1006,2,34.880000,155.760000
1007,2,38.000000,158.000000
1008,2,40.416667,161.833333
1009,2,44.173913,156.043478
1011,2,58.260870,160.391304
1013,2,68.192308,156.615385
1014,2,73.791667,156.041667
1017,2,85.739130,155.478261
1018,2,88.416667,156.958333
1022,2,113.480000,160.480000
1023,2,117.952381,154.000000
1027,2,135.038462,155.807692
1028,2,142.285714,157.666667
1029,2,146.541667,157.583333
1030,2,149.166667,154.958333
1032,2,160.500000,157.923077
1033,2,167.958333,156.916667
1034,2,173.250000,158.375000
1035,2,177.869565,154.869565
1036,2,182.608696,159.043478
1037,2,184.346154,154.692308
1038,2,188.916667,157.916667
1039,2,196.583333,158.166667
1044,2,220.173913,155.869565
1045,2,227.961538,158.230769
1047,2,236.772727,154.545455
1051,2,45.153846,159.576923
1052,2,45.840000,164.280000
1055,2,63.217391,160.304348
1056,2,68.360000,160.720000
1058,2,80.576923,159.384615
1059,2,83.269231,164.615385
1060,2,85.916667,160.416667
1061,2,91.666667,161.370370
1065,2,109.730769,162.769231
1066,2,118.615385,162.807692
1067,2,118.608696,158.130435
1068,2,123.041667,163.083333
1069,2,135.040000,161.520000
1072,2,146.545455,162.045455
1073,2,151.040000,161.760000
1074,2,154.400000,159.720000
1075,2,158.000000,162.083333
1077,2,170.318182,162.636364
1078,2,177.333333,159.962963
1080,2,187.318182,161.545455
1081,2,193.192308,160.846154
1085,2,209.148148,162.370370
1088,2,227.625000,163.125000
1091,2,27.478261,165.869565
1092,2,33.280000,168.160000
1093,2,37.692308,166.346154
1094,2,41.875000,166.958333
1096,2,50.863636,164.727273
1097,2,59.307692,165.076923
1098,2,64.583333,165.041667
1101,2,78.166667,164.583333
1103,2,88.423077,165.576923
1106,2,99.521739,170.086957
1107,2,106.307692,164.807692
1110,2,119.380952,166.523810
1112,2,132.541667,167.541667
1113,2,136.500000,167.214286
1114,2,142.416667,171.708333
1115,2,148.166667,166.875000
1116,2,152.360000,167.160000
1118,2,162.111111,164.222222
1119,2,167.040000,164.840000
1121,2,174.333333,165.000000
1123,2,187.500000,165.166667
1127,2,208.904762,166.238095
1130,2,225.920000,166.320000
1134,2,29.807692,171.192308
1135,2,40.320000,170.960000
1138,2,53.434783,167.260870
1142,2,70.518519,171.888889
1143,2,75.960000,170.040000
1144,2,82.840000,173.840000
1150,2,108.666667,170.083333
1151,2,116.173913,174.173913
1152,2,121.230769,171.192308
1157,2,147.000000,172.208333
1158,2,151.384615,173.192308
1159,2,161.545455,168.909091
1161,2,165.565217,170.347826
1163,2,176.600000,170.600000
1167,2,197.080000,174.640000
1168,2,200.590909,170.818182
1170,2,209.681818,172.818182
1172,2,224.391304,171.086957
1180,2,58.520000,179.480000
1182,2,64.923077,177.923077
1183,2,68.909091,175.954545
1187,2,89.280000,176.560000
1188,2,98.807692,175.230769
1191,2,111.440000,174.320000
1194,2,125.600000,180.080000
1195,2,128.541667,178.458333
1197,2,143.250000,177.041667
1198,2,147.916667,177.875000
1199,2,153.280000,178.200000
1202,2,168.652174,177.086957
1205,2,181.090909,174.181818
1206,2,184.240000,177.360000
1207,2,192.454545,172.636364
1211,2,213.090909,177.772727
1215,2,30.960000,179.120000
1217,2,40.583333,184.083333
1219,2,52.750000,179.166667
1221,2,64.720000,183.360000
1226,2,88.863636,181.272727
1227,2,93.800000,179.160000
1228,2,96.083333,181.666667
1232,2,117.875000,179.666667
1233,2,121.666667,180.791667
1237,2,140.652174,181.782609
1239,2,150.130435,183.565217
1240,2,154.347826,183.000000
1242,2,168.666667,181.833333
1245,2,182.791667,181.791667
1251,2,215.250000,182.208333
1252,2,217.541667,176.833333
1253,2,220.750000,183.833333
1255,2,33.913043,184.347826
1257,2,50.434783,187.217391
1258,2,51.928571,183.285714
1260,2,60.380952,188.095238
1262,2,74.925926,187.518519
1263,2,78.761905,187.428571
1264,2,82.391304,187.173913
1265,2,85.520000,189.080000
1269,2,104.800000,187.760000
1271,2,122.250000,185.833333
1273,2,126.750000,186.000000
1274,2,131.500000,188.000000
1275,2,135.333333,188.291667
1278,2,153.400000,187.920000
1280,2,158.964286,185.535714
1281,2,165.923077,186.230769
1282,2,172.708333,186.250000
1283,2,178.708333,185.750000
1284,2,182.120000,188.560000
1285,2,186.875000,185.541667
1286,2,189.958333,187.750000
1293,2,38.416667,188.625000
1295,2,48.565217,191.391304
1296,2,52.280000,192.960000
1297,2,56.956522,191.913043
1299,2,64.916667,188.916667
1301,2,76.916667,192.208333
1302,2,80.217391,195.565217
1306,2,101.458333,193.250000
1307,2,105.038462,192.884615
1309,2,118.840000,186.480000
1311,2,128.120000,191.400000
1312,2,132.478261,194.043478
1314,2,143.916667,191.791667
1315,2,149.148148,190.925926
1316,2,153.750000,193.416667
1317,2,157.807692,191.576923
1319,2,166.041667,191.083333
1320,2,170.166667,188.000000
1322,2,183.320000,193.080000
1330,2,219.160000,192.640000
1333,2,55.800000,196.120000
1337,2,74.538462,196.038462
1338,2,76.625000,201.250000
1339,2,83.045455,199.090909
1340,2,89.695652,196.869565
1341,2,94.608696,195.260870
1343,2,102.956522,198.652174
1346,2,115.000000,198.541667
1350,2,138.000000,193.565217
1352,2,144.120000,196.760000
1354,2,155.423077,197.961538
1355,2,159.869565,196.913043
1356,2,164.222222,196.370370
1357,2,169.708333,193.916667
1360,2,186.791667,195.125000
1362,2,200.727273,201.954545
1364,2,207.521739,197.260870
1366,2,215.653846,197.423077
1367,2,47.555556,201.407407
1368,2,51.814815,200.666667
1369,2,58.040000,199.560000
1371,2,66.458333,201.958333
1372,2,71.760000,203.080000
1373,2,79.500000,205.208333
1377,2,93.363636,200.454545
1379,2,106.818182,201.181818
1380,2,108.958333,204.500000
1381,2,114.130435,202.086957
1383,2,126.500000,201.500000
1385,2,136.923077,203.730769
1389,2,156.384615,204.500000
1390,2,161.173913,201.913043
1392,2,178.625000,201.583333
1393,2,181.041667,206.291667
1394,2,182.760000,198.480000
1397,2,196.708333,204.791667
1399,2,205.380952,201.904762
1400,2,209.857143,201.464286
1403,2,61.869565,203.956522
1404,2,65.038462,209.346154
1405,2,69.041667,206.541667
1407,2,82.125000,203.375000
1408,2,82.375000,209.500000
1412,2,106.240000,208.360000
1414,2,117.333333,205.125000
1415,2,122.777778,204.444444
1418,2,134.272727,208.590909
1419,2,140.083333,206.708333
1420,2,145.181818,204.590909
1421,2,152.481481,205.814815
1422,2,155.208333,210.666667
1423,2,161.720000,205.440000
1426,2,175.400000,205.600000
1428,2,189.458333,212.916667
1432,2,206.652174,207.260870
1436,2,70.136364,210.727273
1439,2,87.565217,212.782609
1440,2,92.083333,210.916667
1442,2,104.190476,212.619048
1445,2,119.607143,211.071429
1446,2,123.576923,209.730769
1447,2,127.208333,212.875000
1448,2,130.391304,210.391304
1449,2,136.458333,212.125000
1452,2,151.000000,213.181818
1453,2,159.920000,210.160000
1454,2,165.541667,208.041667
1457,2,177.608696,210.130435
1459,2,185.043478,210.347826
1462,2,202.500000,212.250000
1463,2,64.619048,216.904762
1464,2,70.222222,221.037037
1465,2,70.500000,215.136364
1466,2,75.666667,215.875000
1470,2,98.200000,220.080000
1471,2,100.333333,215.166667
1473,2,114.680000,218.040000
1475,2,122.423077,215.807692
1477,2,132.035714,216.500000
1479,2,136.363636,216.318182
1481,2,152.583333,218.125000
1482,2,156.956522,214.739130
1486,2,182.000000,219.461538
1488,2,185.560000,215.440000
1490,2,198.280000,215.400000
1491,2,65.791667,221.791667
1493,2,79.680000,219.480000
1494,2,83.833333,222.333333
1495,2,88.909091,223.363636
1497,2,93.629630,222.037037
1501,2,118.000000,218.500000
1502,2,122.384615,221.038462
1503,2,127.880000,223.080000
1505,2,138.680000,222.360000
1508,2,152.875000,222.000000
1509,2,156.375000,224.208333
1510,2,158.481481,219.074074
1511,2,169.555556,222.000000
1513,2,178.600000,222.520000
1514,2,183.260870,224.347826
1517,2,79.296296,224.629630
1518,2,83.200000,228.320000
1519,2,87.863636,227.272727
1520,2,93.125000,227.708333
1521,2,97.363636,225.909091
1522,2,100.920000,225.600000
1523,2,105.875000,225.875000
1524,2,111.608696,226.652174
1525,2,117.826087,225.913043
1528,2,128.857143,226.714286
1532,2,151.846154,226.769231
1533,2,158.952381,228.571429
1536,2,174.291667,222.833333
1539,2,87.954545,231.590909
1541,2,97.560000,231.240000
1544,2,114.240000,229.680000
1545,2,118.541667,231.583333
1546,2,121.409091,233.954545
1549,2,137.130435,231.695652
1550,2,141.478261,231.521739
1551,2,149.142857,230.952381
1553,2,161.250000,232.750000
1554,2,165.730769,231.423077
1557,2,100.375000,235.375000
1562,2,123.541667,236.583333
1563,2,129.538462,234.500000
1564,2,133.666667,234.074074
1565,2,138.920000,237.440000
1568,2,154.520000,236.800000
1570,2,161.869565,236.695652
1,1,102.360000,27.680000
3,1,117.478261,23.000000
4,1,119.000000,28.041667
5,1,118.869565,22.782609
10,1,147.760000,22.320000
12,1,157.000000,24.909091
13,1,89.230769,36.692308
15,1,99.590909,25.454545
16,1,108.772727,25.000000
18,1,114.440000,23.920000
22,1,138.960000,30.080000
23,1,134.560000,33.280000
32,1,80.291667,31.833333
33,1,82.407407,38.000000
37,1,105.760000,30.480000
39,1,118.956522,35.565217
43,1,136.384615,39.846154
44,1,139.958333,33.333333
54,1,81.384615,42.307692
55,1,80.458333,35.833333
56,1,88.857143,36.464286
60,1,104.407407,35.555556
62,1,117.125000,37.291667
64,1,130.416667,39.583333
66,1,138.040000,39.040000
69,1,151.520000,39.320000
71,1,165.730769,37.692308
72,1,169.666667,36.000000
76,1,179.720000,42.240000
79,1,70.666667,44.916667
81,1,77.115385,39.653846
84,1,92.041667,42.875000
85,1,99.960000,45.120000
88,1,113.916667,39.083333
92,1,131.730769,47.038462
93,1,135.818182,43.045455
98,1,160.423077,37.846154
99,1,161.740741,42.444444
100,1,168.777778,42.111111
101,1,177.800000,41.960000
102,1,182.291667,47.375000
104,1,190.041667,38.291667
107,1,63.653846,43.576923
108,1,68.629630,45.518519
109,1,74.720000,49.200000
112,1,80.629630,50.851852
114,1,100.851852,52.296296
115,1,102.037037,49.000000
116,1,103.280000,45.640000
118,1,121.500000,47.384615
119,1,119.173913,49.347826
120,1,126.500000,49.625000
121,1,130.240000,43.000000
123,1,138.250000,53.916667
125,1,152.000000,50.703704
127,1,159.960000,46.960000
129,1,164.800000,57.640000
130,1,172.826087,44.695652
131,1,177.304348,46.869565
134,1,202.400000,54.000000
137,1,59.958333,51.458333
139,1,65.040000,48.920000
142,1,85.608696,52.565217
146,1,106.962963,46.000000
149,1,117.192308,52.230769
151,1,132.826087,53.260870
152,1,128.652174,48.956522
153,1,132.954545,54.818182
154,1,143.920000,53.760000
155,1,138.200000,50.760000
156,1,146.880000,56.520000
158,1,161.560000,48.400000
159,1,169.269231,53.384615
162,1,181.826087,50.739130
164,1,190.318182,54.454545
166,1,199.807692,55.769231
171,1,62.125000,60.625000
173,1,68.576923,50.769231
174,1,72.576923,59.653846
177,1,91.434783,60.173913
179,1,103.565217,57.869565
180,1,105.192308,58.346154
181,1,109.407407,60.185185
182,1,117.080000,57.840000
184,1,127.120000,54.360000
188,1,151.153846,53.538462
189,1,143.400000,61.280000
191,1,162.125000,56.833333
192,1,164.480000,51.240000
194,1,178.666667,54.208333
197,1,189.666667,63.625000
199,1,203.166667,60.208333
201,1,213.541667,58.958333
202,1,47.370370,67.851852
206,1,59.538462,66.692308
207,1,69.375000,57.541667
212,1,98.884615,66.192308
214,1,101.750000,70.416667
216,1,113.666667,58.000000
217,1,112.666667,62.791667
221,1,146.111111,67.148148
222,1,142.583333,67.000000
226,1,167.481481,61.740741
227,1,165.038462,59.346154
228,1,173.814815,60.925926
232,1,196.137931,61.310345
233,1,192.181818,58.000000
234,1,199.923077,62.500000
237,1,218.095238,63.619048
238,1,42.304348,67.565217
239,1,55.541667,68.708333
240,1,51.500000,70.653846
241,1,66.227273,62.727273
242,1,63.625000,65.666667
244,1,69.458333,69.083333
246,1,82.791667,64.916667
247,1,86.230769,70.576923
249,1,99.538462,67.807692
250,1,101.166667,61.000000
252,1,113.320000,66.800000
254,1,122.666667,66.555556
255,1,126.840000,69.120000
258,1,144.160000,63.560000
259,1,150.384615,69.807692
266,1,179.923077,67.692308
268,1,191.040000,64.200000
271,1,212.629630,65.370370
272,1,216.192308,65.192308
273,1,207.961538,69.115385
274,1,216.240000,70.160000
275,1,37.111111,70.333333
276,1,42.560000,67.760000
277,1,50.500000,66.000000
280,1,66.041667,75.375000
281,1,69.708333,72.958333
282,1,64.200000,70.600000
285,1,85.423077,79.115385
288,1,99.307692,71.115385
290,1,113.035714,72.642857
298,1,152.304348,74.695652
303,1,181.480000,71.720000
304,1,187.192308,71.653846
305,1,191.833333,70.208333
306,1,183.166667,73.666667
307,1,189.222222,75.814815
308,1,206.680000,82.440000
309,1,203.555556,70.222222
310,1,206.863636,72.863636
314,1,40.166667,73.041667
317,1,52.458333,81.333333
320,1,67.545455,80.500000
322,1,78.880000,75.760000
323,1,81.500000,76.000000
324,1,86.043478,77.652174
326,1,97.153846,76.538462
327,1,102.840000,77.560000
329,1,111.038462,77.807692
330,1,115.200000,76.880000
333,1,131.680000,81.960000
334,1,134.840000,80.240000
335,1,138.750000,78.892857
338,1,161.925926,78.777778
340,1,157.043478,77.217391
342,1,174.769231,76.846154
343,1,179.720000,76.040000
344,1,186.884615,79.307692
351,1,219.190476,74.666667
352,1,224.960000,79.200000
353,1,31.520000,83.920000
357,1,51.230769,84.500000
360,1,65.240000,83.640000
364,1,86.769231,83.192308
367,1,102.360000,82.720000
368,1,98.928571,84.357143
370,1,117.333333,81.541667
371,1,123.259259,86.777778
372,1,126.520000,83.240000
373,1,132.720000,87.080000
374,1,138.360000,84.920000
376,1,148.750000,83.541667
377,1,149.760000,89.160000
379,1,154.760000,82.440000
383,1,184.130435,81.956522
384,1,191.285714,83.857143
385,1,194.875000,82.333333
386,1,203.000000,80.730769
387,1,201.760000,75.680000
388,1,206.760000,80.320000
392,1,225.680000,81.480000
394,1,34.173913,86.173913
396,1,41.833333,87.833333
398,1,50.120000,88.400000
400,1,62.583333,87.875000
402,1,66.375000,83.875000
403,1,74.440000,85.160000
407,1,100.130435,89.521739
408,1,104.259259,87.962963
412,1,124.916667,83.625000
413,1,125.333333,86.083333
414,1,140.916667,89.208333
415,1,134.782609,90.304348
417,1,148.916667,93.083333
418,1,156.916667,93.583333
419,1,156.090909,89.272727
426,1,198.461538,92.500000
430,1,210.115385,97.692308
431,1,213.923077,89.730769
435,1,31.760000,94.480000
437,1,39.190476,91.333333
442,1,59.800000,98.240000
443,1,68.040000,94.120000
446,1,79.666667,98.375000
451,1,109.000000,93.037037
452,1,102.958333,96.416667
454,1,126.166667,93.666667
457,1,135.250000,95.964286
459,1,152.166667,92.958333
460,1,151.791667,82.625000
461,1,159.800000,88.360000
462,1,160.576923,94.653846
467,1,188.148148,90.666667
468,1,193.360000,82.600000
469,1,192.500000,92.083333
470,1,198.500000,91.708333
471,1,209.080000,95.400000
472,1,211.500000,92.961538
475,1,231.600000,92.000000
477,1,27.444444,95.629630
478,1,37.769231,94.538462
481,1,47.240000,100.320000
483,1,57.375000,95.583333
484,1,63.846154,93.307692
486,1,77.384615,94.153846
487,1,70.347826,94.826087
488,1,82.391304,93.260870
491,1,97.347826,96.869565
492,1,105.125000,92.125000
493,1,97.518519,105.000000
494,1,111.416667,96.208333
498,1,132.074074,104.962963
500,1,138.892857,95.285714
502,1,152.590909,98.136364
503,1,160.958333,99.041667
505,1,164.791667,99.125000
506,1,175.208333,94.833333
507,1,171.000000,90.238095
508,1,179.333333,97.148148
513,1,204.958333,91.833333
514,1,207.555556,102.222222
516,1,223.750000,93.607143
518,1,228.695652,95.478261
524,1,47.125000,103.916667
525,1,41.391304,107.913043
527,1,56.840000,101.480000
529,1,74.080000,97.120000
531,1,74.192308,105.346154
534,1,94.217391,105.043478
535,1,91.653846,101.076923
536,1,98.125000,100.333333
541,1,124.458333,103.416667
542,1,135.125000,107.041667
543,1,129.608696,101.391304
547,1,156.192308,101.115385
548,1,162.419355,103.193548
549,1,166.434783,105.956522
557,1,205.480000,101.480000
562,1,232.478261,97.478261
563,1,236.000000,100.583333
565,1,29.583333,107.416667
566,1,32.652174,105.043478
568,1,44.192308,105.269231
569,1,48.520000,108.640000
575,1,75.296296,101.629630
579,1,95.680000,111.280000
580,1,105.409091,108.863636
581,1,105.041667,103.750000
582,1,109.230769,107.538462
585,1,126.480000,109.360000
586,1,131.807692,114.346154
593,1,172.000000,97.625000
597,1,185.125000,107.625000
598,1,188.846154,107.807692
600,1,201.888889,110.629630
607,1,236.115385,103.538462
608,1,23.520000,109.600000
611,1,36.000000,114.038462
616,1,62.115385,112.000000
617,1,69.285714,115.523810
618,1,77.750000,112.666667
619,1,77.120000,108.640000
621,1,88.250000,112.833333
622,1,96.714286,116.250000
623,1,100.960000,104.280000
624,1,101.040000,110.840000
628,1,117.000000,115.458333
629,1,123.629630,108.074074
630,1,129.555556,110.296296
637,1,168.846154,105.538462
638,1,168.130435,111.739130
640,1,181.360000,113.240000
642,1,194.000000,113.291667
644,1,197.896552,112.241379
647,1,216.523810,108.904762
652,1,24.269231,115.538462
654,1,31.280000,109.600000
655,1,34.960000,117.200000
656,1,46.600000,119.080000
657,1,46.000000,115.875000
661,1,65.250000,115.375000
663,1,72.240000,111.760000
666,1,97.916667,115.000000
667,1,92.785714,117.357143
669,1,112.000000,122.000000
670,1,110.074074,119.370370
672,1,124.320000,113.400000
673,1,124.000000,116.307692
674,1,135.960000,119.320000
676,1,146.423077,119.615385
677,1,148.913043,121.434783
679,1,157.043478,116.478261
685,1,189.520000,119.120000
687,1,189.115385,124.000000
689,1,207.640000,117.040000
695,1,235.653846,115.615385
698,1,36.520000,126.320000
699,1,40.750000,121.208333
702,1,48.040000,122.960000
704,1,63.478261,123.608696
708,1,88.880000,124.040000
709,1,87.727273,120.136364
710,1,93.720000,121.800000
711,1,93.884615,131.230769
712,1,99.375000,122.291667
714,1,116.600000,127.920000
715,1,117.869565,122.782609
719,1,134.500000,120.769231
721,1,143.227273,124.409091
723,1,158.360000,122.000000
724,1,162.107143,119.214286
725,1,164.833333,127.083333
726,1,172.153846,121.115385
728,1,179.178571,126.071429
729,1,187.307692,126.692308
730,1,188.653846,117.730769
735,1,219.769231,119.576923
737,1,229.320000,121.560000
738,1,232.250000,121.000000
739,1,236.076923,119.461538
742,1,36.960000,122.320000
743,1,38.600000,125.480000
744,1,43.863636,131.772727
745,1,54.481481,127.111111
747,1,52.576923,125.307692
749,1,70.000000,126.555556
750,1,76.407407,128.185185
751,1,77.320000,127.160000
754,1,81.523810,126.761905
755,1,97.291667,128.958333
759,1,116.360000,124.480000
760,1,122.545455,128.000000
762,1,141.916667,131.916667
763,1,135.260870,126.000000
764,1,142.200000,123.880000
765,1,144.217391,129.956522
770,1,167.846154,121.730769
771,1,173.607143,129.500000
772,1,180.760000,128.760000
773,1,185.080000,131.440000
774,1,193.807692,132.615385
777,1,207.629630,127.296296
778,1,213.280000,126.800000
779,1,216.875000,128.916667
780,1,215.120000,122.440000
784,1,23.000000,130.956522
788,1,39.400000,132.800000
790,1,53.916667,133.875000
795,1,78.080000,132.120000
796,1,85.440000,135.560000
797,1,81.692308,133.307692
798,1,96.884615,133.538462
799,1,91.518519,135.111111
803,1,116.160000,136.600000
804,1,121.409091,125.590909
805,1,125.857143,130.464286
806,1,124.375000,134.958333
808,1,139.360000,128.160000
811,1,157.541667,137.750000
812,1,163.208333,137.125000
813,1,163.192308,131.923077
815,1,183.259259,120.629630
817,1,187.916667,131.750000
818,1,192.720000,127.560000
819,1,196.434783,133.652174
823,1,220.928571,133.142857
824,1,218.791667,128.833333
827,1,234.461538,130.884615
828,1,26.166667,128.500000
836,1,62.080000,140.640000
838,1,76.960000,142.600000
839,1,74.750000,135.166667
841,1,93.962963,128.074074
842,1,94.000000,140.130435
843,1,96.920000,136.840000
845,1,114.444444,132.666667
846,1,122.619048,138.333333
847,1,115.821429,141.250000
848,1,120.333333,134.000000
849,1,128.708333,137.625000
850,1,130.833333,127.583333
851,1,132.416667,134.500000
853,1,139.520000,143.280000
856,1,167.192308,129.961538
859,1,182.923077,142.692308
860,1,180.461538,140.923077
863,1,192.280000,137.000000
865,1,208.720000,136.280000
866,1,215.090909,136.409091
867,1,221.538462,138.192308
869,1,221.800000,133.920000
875,1,36.920000,141.920000
877,1,48.320000,143.200000
880,1,63.250000,135.291667
882,1,73.391304,139.782609
883,1,80.200000,148.200000
885,1,93.464286,143.250000
886,1,88.608696,130.043478
887,1,97.583333,143.166667
889,1,111.782609,137.652174
891,1,122.916667,145.666667
892,1,124.884615,141.384615
894,1,135.440000,140.080000
896,1,138.521739,136.826087
898,1,148.576923,142.846154
899,1,159.920000,136.160000
901,1,167.080000,140.520000
904,1,178.880000,145.200000
905,1,189.250000,143.583333
906,1,195.347826,147.956522
910,1,211.615385,142.153846
914,1,231.629630,139.592593
916,1,23.111111,151.444444
920,1,48.625000,147.166667
921,1,45.000000,149.185185
923,1,60.923077,144.346154
927,1,76.307692,147.769231
929,1,86.807692,143.153846
930,1,99.708333,148.708333
931,1,103.259259,155.962963
934,1,107.571429,149.535714
936,1,121.833333,147.208333
939,1,139.360000,148.880000
941,1,150.000000,147.666667
946,1,171.640000,147.440000
948,1,184.400000,145.840000
950,1,194.800000,141.320000
951,1,197.625000,149.333333
952,1,194.615385,142.730769
955,1,209.192308,151.192308
956,1,213.458333,143.583333
959,1,230.346154,149.807692
960,1,23.208333,158.375000
963,1,40.692308,151.500000
964,1,46.416667,151.416667
965,1,48.600000,152.800000
970,1,71.400000,151.040000
975,1,103.434783,151.000000
976,1,97.458333,151.041667
977,1,112.869565,153.260870
978,1,106.518519,156.703704
979,1,114.120000,151.840000
983,1,138.518519,153.333333
985,1,143.320000,142.200000
986,1,150.000000,151.166667
987,1,155.555556,154.629630
989,1,164.321429,152.071429
991,1,170.560000,149.640000
993,1,186.291667,149.166667
998,1,205.846154,154.807692
1000,1,224.041667,150.791667
1001,1,224.407407,156.592593
1002,1,230.083333,155.041667
1004,1,25.153846,155.923077
1005,1,30.280000,159.040000
1010,1,50.285714,156.238095
1012,1,59.833333,155.791667
1015,1,76.703704,157.259259
1016,1,91.240000,146.120000
1019,1,95.880000,155.040000
1020,1,95.680000,159.720000
1021,1,105.653846,158.730769
1024,1,126.833333,158.916667
1025,1,129.181818,156.363636
1026,1,130.869565,160.739130
1031,1,157.954545,153.227273
1040,1,209.666667,158.291667
1041,1,204.391304,164.608696
1042,1,214.333333,155.500000
1043,1,215.518519,150.000000
1046,1,233.500000,151.346154
1048,1,31.923077,158.461538
1049,1,31.400000,160.160000
1050,1,27.190476,162.333333
1053,1,52.250000,161.000000
1054,1,53.925926,158.222222
1057,1,74.423077,162.423077
1062,1,95.500000,162.250000
1063,1,108.826087,149.043478
1064,1,99.916667,162.833333
1070,1,143.600000,164.960000
1071,1,139.307692,161.769231
1076,1,164.760000,158.720000
1079,1,183.000000,166.200000
1082,1,201.040000,162.040000
1083,1,195.000000,164.333333
1084,1,204.695652,157.260870
1086,1,212.608696,156.000000
1087,1,222.043478,163.391304
1089,1,232.240000,164.600000
1090,1,234.041667,159.208333
1095,1,47.692308,169.692308
1099,1,72.260870,166.391304
1100,1,68.680000,166.960000
1102,1,80.800000,169.160000
1104,1,91.500000,169.357143
1105,1,103.520000,171.000000
1108,1,115.320000,170.360000
1109,1,114.038462,166.269231
1111,1,127.291667,172.708333
1117,1,156.464286,168.571429
1120,1,169.600000,172.080000
1122,1,179.461538,164.884615
1124,1,192.730769,177.884615
1125,1,200.880000,167.000000
1126,1,189.346154,168.230769
1128,1,214.960000,166.160000
1129,1,214.076923,164.307692
1131,1,213.130435,172.521739
1132,1,233.916667,165.208333
1133,1,37.136364,175.727273
1136,1,44.888889,178.333333
1137,1,54.666667,174.708333
1139,1,61.130435,171.652174
1140,1,64.875000,171.333333
1141,1,58.560000,169.880000
1145,1,85.925926,171.037037
1146,1,94.000000,171.000000
1147,1,93.772727,172.227273
1148,1,102.520000,166.120000
1149,1,101.407407,180.370370
1153,1,126.814815,168.222222
1154,1,128.307692,164.653846
1155,1,134.964286,172.928571
1156,1,140.291667,168.458333
1160,1,161.538462,174.730769
1162,1,172.280000,168.600000
1164,1,183.958333,171.250000
1165,1,188.160000,173.160000
1166,1,196.333333,168.541667
1169,1,198.500000,183.464286
1171,1,218.960000,161.240000
1173,1,224.680000,174.880000
1174,1,228.761905,170.571429
1175,1,34.173913,174.565217
1176,1,36.833333,178.708333
1177,1,41.692308,180.230769
1178,1,49.807692,177.461538
1179,1,48.920000,172.560000
1181,1,59.409091,175.136364
1184,1,76.153846,176.653846
1185,1,79.692308,175.269231
1186,1,82.960000,179.360000
1189,1,108.640000,179.000000
1190,1,111.875000,180.291667
1192,1,111.333333,180.333333
1193,1,122.592593,175.037037
1196,1,134.916667,174.416667
1200,1,160.833333,178.166667
1201,1,163.785714,180.357143
1203,1,173.280000,179.240000
1204,1,174.560000,174.320000
1208,1,196.560000,181.320000
1209,1,205.680000,173.960000
1210,1,204.200000,177.160000
1212,1,219.125000,169.125000
1213,1,218.153846,171.500000
1214,1,220.730769,177.615385
1216,1,38.148148,176.481481
1218,1,47.791667,178.250000
1220,1,59.703704,183.296296
1222,1,75.153846,180.500000
1223,1,69.814815,184.444444
1224,1,79.481481,182.370370
1225,1,86.521739,183.695652
1229,1,98.791667,185.625000
1230,1,104.440000,175.280000
1231,1,109.833333,185.583333
1234,1,132.000000,182.629630
1235,1,133.520000,178.240000
1236,1,139.478261,184.652174
1238,1,145.545455,182.863636
1241,1,156.740741,172.555556
1243,1,176.208333,182.166667
1244,1,178.130435,178.130435
1246,1,190.636364,179.954545
1247,1,188.576923,182.461538
1248,1,200.269231,190.576923
1249,1,201.814815,177.481481
1250,1,208.185185,177.740741
1254,1,225.115385,181.115385
1256,1,43.538462,189.692308
1259,1,55.960000,187.160000
1261,1,70.360000,180.120000
1266,1,94.107143,187.428571
1267,1,94.333333,189.083333
1268,1,104.956522,182.521739
1270,1,114.160000,189.360000
1272,1,121.884615,191.000000
1276,1,138.782609,178.782609
1277,1,145.880000,187.360000
1279,1,158.217391,180.000000
1287,1,201.166667,192.541667
1288,1,207.440000,183.800000
1289,1,208.038462,191.192308
1290,1,211.481481,185.851852
1291,1,216.666667,188.555556
1292,1,222.038462,187.730769
1294,1,41.076923,193.500000
1298,1,62.760000,197.000000
1300,1,70.730769,189.384615
1303,1,88.615385,193.038462
1304,1,85.695652,193.434783
1305,1,94.050000,187.850000
1308,1,111.038462,190.461538
1310,1,120.666667,197.777778
1313,1,139.370370,188.518519
1318,1,161.520000,190.000000
1321,1,176.607143,190.607143
1323,1,191.192308,192.807692
1324,1,189.880000,196.400000
1325,1,195.653846,191.461538
1326,1,204.708333,189.583333
1327,1,196.250000,194.750000
1328,1,201.333333,184.958333
1329,1,211.833333,195.750000
1331,1,44.916667,190.666667
1332,1,46.833333,196.666667
1334,1,62.090909,194.818182
1335,1,68.916667,195.916667
1336,1,69.695652,194.521739
1342,1,98.360000,195.360000
1344,1,108.391304,193.869565
1345,1,111.384615,197.076923
1347,1,116.333333,191.083333
1348,1,130.692308,200.269231
1349,1,125.555556,195.518519
1351,1,143.000000,201.782609
1353,1,148.961538,196.576923
1358,1,177.038462,196.153846
1359,1,174.111111,195.259259
1361,1,184.500000,204.625000
1363,1,202.173913,197.130435
1365,1,211.000000,188.307692
1370,1,67.875000,196.916667
1374,1,87.458333,204.500000
1375,1,88.814815,207.185185
1376,1,88.217391,200.391304
1378,1,93.807692,204.576923
1382,1,122.080000,195.560000
1384,1,136.333333,197.750000
1386,1,140.217391,198.521739
1387,1,148.846154,205.884615
1388,1,151.000000,200.461538
1391,1,168.360000,203.000000
1395,1,194.181818,200.454545
1396,1,189.240000,205.600000
1398,1,201.884615,191.961538
1401,1,58.695652,207.173913
1402,1,55.260870,203.782609
1406,1,75.260870,207.173913
1409,1,98.500000,201.375000
1410,1,96.423077,209.423077
1411,1,102.041667,206.000000
1413,1,112.375000,207.375000
1416,1,125.192308,203.653846
1417,1,132.615385,202.846154
1424,1,166.916667,199.583333
1425,1,173.884615,200.807692
1427,1,178.360000,212.760000
1429,1,188.130435,199.391304
1430,1,194.400000,207.280000
1431,1,202.160000,206.640000
1433,1,57.500000,211.750000
1434,1,60.608696,209.521739
1435,1,64.125000,214.583333
1437,1,75.692308,211.807692
1438,1,81.038462,212.769231
1441,1,100.560000,206.920000
1443,1,107.720000,214.800000
1444,1,109.125000,212.958333
1450,1,142.000000,210.480000
1451,1,144.826087,216.913043
1455,1,164.608696,217.086957
1456,1,170.800000,206.920000
1458,1,179.080000,215.240000
1460,1,193.185185,207.888889
1461,1,194.869565,212.739130
1467,1,83.750000,216.541667
1468,1,92.260870,216.782609
1469,1,88.384615,218.307692
1472,1,115.160000,222.640000
1474,1,115.074074,211.555556
1476,1,127.120000,218.440000
1478,1,143.560000,214.320000
1480,1,147.360000,211.520000
1483,1,162.956522,216.260870
1484,1,171.500000,211.541667
1485,1,165.615385,212.923077
1487,1,187.166667,221.083333
1489,1,193.208333,215.166667
1492,1,73.666667,219.703704
1496,1,96.125000,215.041667
1498,1,103.840000,220.640000
1499,1,110.346154,216.923077
1500,1,108.541667,221.416667
1504,1,132.869565,221.000000
1506,1,142.714286,218.535714
1507,1,146.692308,222.038462
1512,1,171.880000,218.440000
1515,1,190.590909,223.000000
1516,1,192.333333,219.166667
1526,1,121.739130,226.956522
1527,1,126.478261,229.260870
1529,1,135.653846,225.000000
1530,1,144.076923,224.269231
1531,1,145.038462,228.230769
1534,1,162.409091,223.772727
1535,1,166.296296,227.037037
1537,1,173.280000,215.680000
1538,1,175.814815,227.666667
1540,1,93.708333,232.833333
1542,1,107.769231,235.115385
1543,1,104.250000,232.291667
1547,1,137.217391,227.608696
1548,1,127.782609,230.782609
1552,1,153.555556,233.740741
1555,1,170.730769,228.769231
1556,1,166.217391,221.782609
1558,1,106.535714,229.678571
1559,1,110.038462,237.653846
1560,1,116.400000,237.960000
1561,1,113.625000,233.833333
1566,1,143.807692,235.153846
1567,1,148.080000,236.520000
1569,1,155.227273,230.727273
