ID,type,x COM, y COM
2,2,113.040000,24.600000
5,2,123.307692,20.576923
6,2,127.750000,20.333333
7,2,133.083333,20.916667
9,2,137.181818,21.409091
10,2,150.166667,23.250000
12,2,156.071429,24.392857
13,2,85.409091,29.909091
14,2,89.920000,27.160000
15,2,98.000000,28.500000
16,2,94.565217,26.608696
18,2,108.434783,25.043478
19,2,115.115385,30.153846
22,2,131.920000,25.120000
23,2,134.625000,29.166667
26,2,153.500000,29.250000
31,2,78.840000,34.760000
34,2,90.400000,32.440000
38,2,113.166667,35.166667
39,2,117.708333,34.791667
41,2,130.608696,32.000000
42,2,134.500000,34.000000
45,2,149.608696,32.173913
46,2,155.363636,32.772727
47,2,158.120000,28.240000
51,2,173.333333,29.583333
53,2,74.607143,35.821429
55,2,84.038462,33.538462
57,2,95.583333,37.583333
58,2,95.160000,32.360000
61,2,115.840000,39.720000
62,2,122.681818,40.727273
63,2,121.925926,36.148148
65,2,128.285714,37.047619
66,2,135.360000,38.200000
67,2,139.090909,34.545455
76,2,191.320000,37.680000
77,2,194.208333,40.875000
78,2,63.523810,40.238095
79,2,69.500000,39.083333
81,2,78.454545,44.954545
82,2,80.304348,40.130435
84,2,96.708333,41.958333
85,2,99.370370,45.296296
87,2,104.153846,43.538462
88,2,112.136364,42.181818
89,2,116.541667,45.375000
90,2,120.500000,43.692308
91,2,127.800000,40.640000
92,2,132.625000,42.041667
93,2,139.200000,41.360000
94,2,137.360000,45.360000
96,2,152.807692,41.000000
98,2,156.863636,42.636364
100,2,175.038462,47.230769
101,2,181.269231,43.384615
103,2,185.185185,37.111111
109,2,75.000000,50.000000
110,2,79.583333,50.250000
113,2,93.578947,44.473684
114,2,99.583333,50.291667
115,2,103.913043,48.782609
117,2,106.083333,52.916667
118,2,112.916667,48.083333
122,2,134.583333,49.041667
125,2,151.120000,56.080000
130,2,179.680000,47.480000
131,2,184.739130,47.260870
132,2,188.481481,48.333333
133,2,193.791667,48.333333
134,2,198.458333,49.625000
135,2,198.000000,44.863636
136,2,56.291667,53.416667
137,2,60.576923,52.307692
138,2,63.178571,49.321429
139,2,66.461538,54.346154
140,2,70.360000,52.600000
142,2,79.714286,56.285714
144,2,92.791667,48.666667
146,2,102.880000,56.760000
151,2,124.769231,56.076923
153,2,134.384615,53.115385
155,2,150.772727,59.636364
162,2,179.608696,57.956522
166,2,202.863636,47.909091
167,2,204.217391,53.391304
170,2,57.636364,58.500000
171,2,62.458333,57.666667
173,2,75.000000,54.916667
177,2,90.500000,54.750000
179,2,107.461538,57.730769
181,2,111.625000,58.375000
183,2,131.360000,55.760000
184,2,129.040000,59.080000
185,2,137.739130,57.521739
188,2,147.695652,62.043478
190,2,157.115385,58.346154
192,2,166.280000,62.480000
195,2,180.166667,62.000000
197,2,185.400000,58.200000
200,2,202.272727,63.409091
201,2,203.666667,59.222222
202,2,41.928571,65.107143
203,2,48.523810,63.047619
204,2,55.772727,63.181818
206,2,60.720000,62.480000
211,2,88.480000,65.360000
213,2,95.760000,58.600000
214,2,100.727273,60.409091
216,2,115.086957,62.173913
219,2,133.625000,62.000000
221,2,142.125000,62.083333
223,2,151.173913,65.913043
225,2,155.481481,63.740741
227,2,163.500000,63.650000
230,2,185.120000,63.640000
231,2,189.960000,59.120000
232,2,195.000000,65.272727
233,2,197.666667,62.000000
235,2,209.208333,60.541667
236,2,214.962963,63.592593
240,2,51.960000,65.960000
244,2,71.500000,61.791667
245,2,74.600000,65.240000
247,2,93.880000,68.240000
248,2,92.227273,61.954545
252,2,110.500000,64.041667
257,2,138.047619,62.285714
259,2,145.153846,65.500000
260,2,155.826087,68.086957
263,2,165.952381,70.095238
266,2,182.750000,71.250000
268,2,190.500000,63.875000
269,2,198.142857,68.642857
271,2,210.320000,66.880000
278,2,50.909091,71.090909
280,2,66.192308,74.846154
284,2,86.090909,70.681818
285,2,87.875000,75.916667
286,2,90.250000,71.000000
287,2,95.760000,79.040000
296,2,144.160000,70.480000
297,2,149.260870,70.391304
299,2,153.166667,73.000000
300,2,159.782609,78.869565
304,2,182.541667,76.208333
306,2,191.913043,68.652174
308,2,203.230769,68.269231
309,2,206.476190,64.619048
314,2,38.346154,81.692308
317,2,52.080000,75.680000
320,2,62.958333,78.250000
321,2,69.041667,78.208333
325,2,95.125000,73.708333
327,2,107.260870,77.782609
329,2,111.565217,76.478261
333,2,137.444444,72.629630
334,2,137.241379,77.310345
336,2,142.208333,76.416667
338,2,155.375000,78.875000
340,2,164.391304,82.652174
341,2,170.960000,79.800000
344,2,187.380952,81.571429
349,2,211.440000,77.200000
351,2,222.333333,77.740741
352,2,224.173913,81.130435
354,2,38.714286,87.000000
356,2,48.217391,77.739130
357,2,46.727273,80.954545
358,2,51.960000,81.400000
361,2,77.192308,84.730769
362,2,72.583333,85.375000
365,2,95.391304,83.086957
368,2,104.043478,81.217391
370,2,120.080000,82.240000
371,2,124.576923,82.230769
372,2,128.625000,79.791667
373,2,132.782609,78.173913
374,2,135.653846,82.692308
375,2,141.238095,80.666667
378,2,155.920000,84.600000
379,2,160.360000,83.680000
383,2,182.833333,80.791667
384,2,183.565217,85.652174
385,2,192.958333,82.541667
386,2,192.608696,77.782609
388,2,212.384615,82.192308
391,2,217.500000,83.041667
392,2,230.869565,86.521739
395,2,40.434783,90.739130
397,2,44.160000,86.440000
398,2,51.208333,86.583333
399,2,54.640000,89.840000
405,2,91.375000,77.541667
407,2,93.962963,87.444444
409,2,104.130435,86.304348
410,2,112.958333,83.625000
411,2,119.320000,87.360000
416,2,141.478261,84.739130
418,2,145.000000,89.304348
419,2,150.400000,88.920000
423,2,181.583333,95.125000
425,2,190.380952,85.476190
428,2,195.000000,89.000000
429,2,200.652174,88.956522
431,2,222.000000,88.863636
432,2,221.375000,84.958333
433,2,226.782609,85.478261
438,2,40.000000,95.846154
440,2,49.555556,91.037037
443,2,65.826087,93.956522
444,2,72.652174,94.086957
445,2,76.040000,89.320000
448,2,94.518519,92.222222
449,2,99.826087,90.000000
452,2,109.260870,86.956522
453,2,115.200000,86.960000
454,2,121.333333,93.259259
455,2,123.681818,88.136364
456,2,126.160000,94.480000
457,2,135.086957,90.608696
459,2,144.826087,95.652174
460,2,152.560000,91.480000
462,2,163.653846,97.076923
466,2,181.600000,90.400000
469,2,190.208333,90.208333
471,2,204.291667,92.583333
476,2,230.458333,90.291667
477,2,29.739130,99.913043
478,2,30.041667,95.791667
479,2,35.833333,96.500000
481,2,48.692308,95.269231
482,2,56.115385,97.730769
483,2,57.923077,102.615385
484,2,61.769231,99.230769
485,2,66.115385,99.000000
486,2,70.590909,97.772727
487,2,79.608696,94.652174
488,2,80.636364,100.090909
489,2,89.230769,89.846154
490,2,90.200000,95.440000
491,2,94.826087,96.869565
492,2,99.565217,95.391304
496,2,123.080000,98.680000
497,2,131.500000,97.583333
498,2,131.583333,93.166667
499,2,135.884615,96.461538
501,2,148.708333,94.625000
504,2,162.625000,100.500000
509,2,188.250000,98.500000
510,2,192.520000,98.640000
511,2,198.590909,92.863636
513,2,207.375000,97.625000
515,2,217.916667,103.083333
516,2,221.000000,98.480000
517,2,226.520000,97.240000
518,2,231.500000,97.772727
519,2,235.769231,95.730769
520,2,23.409091,109.045455
521,2,25.863636,104.090909
522,2,30.826087,104.782609
523,2,34.571429,100.523810
527,2,52.730769,100.192308
528,2,62.954545,106.227273
529,2,70.375000,102.000000
530,2,75.821429,100.964286
532,2,80.750000,104.833333
534,2,91.782609,101.347826
538,2,115.739130,103.521739
539,2,121.291667,106.750000
541,2,127.375000,99.875000
542,2,130.434783,104.260870
543,2,137.269231,107.576923
544,2,134.625000,102.541667
547,2,156.080000,101.560000
548,2,161.125000,103.291667
549,2,168.958333,100.625000
550,2,171.391304,105.521739
551,2,177.120000,106.800000
553,2,186.083333,101.791667
554,2,191.083333,104.791667
555,2,193.761905,93.904762
558,2,211.916667,97.833333
564,2,21.346154,112.961538
567,2,36.653846,104.269231
568,2,41.040000,104.800000
569,2,46.565217,109.869565
570,2,54.130435,113.608696
571,2,58.875000,106.708333
574,2,71.518519,107.111111
575,2,76.357143,106.857143
576,2,80.576923,109.576923
579,2,96.772727,101.000000
584,2,125.434783,104.347826
585,2,132.636364,107.727273
586,2,131.360000,113.280000
587,2,135.833333,113.791667
590,2,152.083333,103.000000
591,2,159.666667,109.583333
593,2,166.434783,105.869565
596,2,187.083333,106.916667
598,2,194.590909,105.727273
600,2,203.680000,110.560000
602,2,213.130435,102.782609
603,2,216.708333,107.541667
605,2,228.750000,105.333333
606,2,232.769231,108.461538
607,2,236.782609,108.347826
608,2,25.521739,115.478261
609,2,29.428571,116.333333
610,2,33.291667,109.333333
611,2,37.083333,110.083333
612,2,43.720000,115.080000
614,2,49.086957,114.391304
616,2,64.913043,112.739130
617,2,67.826087,110.304348
618,2,71.192308,114.230769
619,2,75.500000,113.000000
622,2,90.480000,111.800000
625,2,106.652174,110.173913
626,2,111.409091,110.727273
628,2,127.520000,109.160000
631,2,140.083333,111.041667
632,2,140.400000,116.240000
634,2,151.880000,109.120000
635,2,157.120000,106.360000
637,2,165.080000,109.160000
638,2,172.000000,109.750000
639,2,176.608696,112.000000
642,2,194.772727,110.909091
643,2,199.391304,110.173913
645,2,208.208333,111.541667
647,2,212.791667,109.625000
649,2,226.952381,111.190476
651,2,236.400000,113.960000
653,2,28.150000,120.750000
655,2,35.250000,116.166667
657,2,42.000000,110.321429
659,2,57.000000,116.772727
661,2,65.500000,116.884615
663,2,80.291667,115.000000
664,2,85.695652,117.913043
665,2,84.304348,112.478261
666,2,89.375000,116.041667
671,2,112.875000,119.875000
675,2,132.434783,118.391304
676,2,144.730769,123.461538
681,2,164.136364,117.727273
684,2,177.857143,117.857143
686,2,196.041667,115.708333
687,2,200.739130,115.043478
690,2,210.423077,115.230769
692,2,215.318182,121.181818
693,2,223.230769,117.769231
694,2,230.851852,112.962963
696,2,23.720000,120.360000
697,2,30.080000,125.040000
698,2,33.461538,120.615385
700,2,38.956522,115.521739
702,2,51.227273,128.545455
703,2,53.629630,118.851852
705,2,69.608696,119.739130
706,2,62.045455,127.454545
707,2,77.375000,123.875000
708,2,79.920000,118.720000
709,2,87.416667,122.333333
711,2,92.821429,120.607143
712,2,97.961538,121.807692
714,2,112.478261,124.695652
719,2,136.695652,120.347826
720,2,141.000000,121.160000
723,2,161.421053,121.105263
725,2,165.222222,125.370370
728,2,180.217391,123.391304
737,2,219.217391,121.521739
739,2,231.846154,118.538462
740,2,21.625000,129.125000
742,2,38.086957,127.391304
745,2,48.640000,125.640000
747,2,66.714286,127.095238
749,2,65.125000,122.708333
752,2,82.083333,122.916667
755,2,94.818182,125.681818
756,2,107.583333,126.458333
758,2,111.869565,129.173913
761,2,129.076923,128.807692
764,2,144.607143,128.642857
768,2,161.130435,125.173913
774,2,189.285714,135.095238
775,2,195.521739,128.478261
779,2,219.423077,126.961538
780,2,217.000000,131.826087
782,2,234.840000,133.280000
783,2,233.333333,127.041667
786,2,31.583333,129.583333
787,2,35.708333,131.791667
789,2,52.807692,135.730769
791,2,58.565217,131.739130
794,2,66.954545,131.500000
795,2,70.200000,125.320000
796,2,80.708333,134.500000
798,2,97.083333,130.500000
799,2,101.041667,127.458333
801,2,106.708333,131.333333
802,2,111.954545,133.590909
803,2,116.583333,130.250000
804,2,121.333333,137.583333
805,2,120.956522,132.565217
806,2,132.541667,128.583333
809,2,143.086957,133.608696
812,2,161.769231,130.730769
814,2,166.666667,131.541667
818,2,191.666667,130.958333
821,2,205.960000,132.240000
826,2,231.541667,131.541667
829,2,30.956522,134.173913
830,2,36.444444,136.296296
834,2,53.217391,131.434783
835,2,59.130435,135.826087
838,2,71.708333,131.916667
839,2,76.772727,135.181818
846,2,113.000000,138.409091
847,2,117.041667,135.875000
850,2,130.833333,134.583333
851,2,136.200000,132.800000
852,2,143.083333,137.916667
854,2,152.880000,139.720000
856,2,159.208333,133.375000
860,2,185.692308,130.269231
864,2,203.304348,137.000000
865,2,208.000000,137.565217
867,2,220.695652,136.217391
868,2,222.000000,131.200000
869,2,225.857143,136.523810
870,2,226.629630,140.629630
871,2,234.692308,139.923077
872,2,22.703704,143.703704
875,2,35.923077,141.538462
876,2,41.500000,145.500000
878,2,55.925926,139.740741
879,2,60.724138,141.551724
881,2,69.346154,144.230769
885,2,87.217391,147.260870
886,2,93.130435,138.086957
887,2,98.111111,140.333333
888,2,97.565217,145.478261
889,2,109.640000,144.480000
890,2,114.956522,141.565217
891,2,117.040000,147.640000
892,2,119.375000,143.416667
895,2,137.520000,136.360000
897,2,148.875000,140.041667
898,2,155.960000,137.000000
907,2,194.730769,144.461538
915,2,236.625000,146.458333
916,2,21.875000,149.916667
922,2,56.541667,145.416667
927,2,73.760000,150.120000
928,2,82.090909,146.454545
930,2,93.480000,143.440000
934,2,112.681818,146.636364
938,2,136.347826,150.043478
942,2,144.222222,149.518519
944,2,162.760000,149.520000
945,2,162.640000,145.440000
949,2,190.347826,150.739130
951,2,194.869565,149.608696
952,2,198.038462,143.192308
953,2,208.739130,141.434783
954,2,212.166667,150.291667
957,2,227.347826,146.043478
958,2,230.739130,143.521739
961,2,31.680000,150.680000
962,2,36.652174,145.782609
963,2,36.185185,151.148148
964,2,38.000000,156.500000
966,2,49.818182,152.590909
969,2,67.782609,152.869565
970,2,71.739130,154.347826
974,2,88.080000,152.400000
977,2,107.384615,150.269231
978,2,111.583333,152.000000
979,2,116.500000,151.666667
982,2,131.407407,152.259259
983,2,141.760000,152.280000
984,2,137.346154,158.576923
988,2,163.153846,155.615385
990,2,168.120000,147.520000
994,2,196.666667,153.458333
995,2,200.583333,148.416667
1004,2,21.826087,156.173913
1006,2,34.166667,156.791667
1008,2,42.863636,158.272727
1009,2,43.083333,154.250000
1010,2,48.217391,156.478261
1014,2,67.782609,157.782609
1016,2,84.652174,153.173913
1017,2,89.590909,158.090909
1020,2,107.409091,155.272727
1022,2,115.240000,159.160000
1023,2,117.153846,155.192308
1026,2,133.000000,156.923077
1027,2,138.791667,154.458333
1028,2,137.600000,163.000000
1029,2,148.695652,153.173913
1030,2,152.000000,156.000000
1032,2,159.560000,157.080000
1034,2,171.045455,162.272727
1035,2,176.280000,160.480000
1036,2,180.333333,156.833333
1037,2,183.653846,152.576923
1039,2,197.041667,158.208333
1041,2,201.125000,154.458333
1042,2,210.181818,157.545455
1048,2,26.730769,157.846154
1050,2,34.875000,163.291667
1053,2,54.920000,155.200000
1054,2,54.125000,158.833333
1059,2,84.608696,158.565217
1060,2,87.652174,163.695652
1062,2,97.166667,162.000000
1068,2,126.666667,168.833333
1069,2,128.360000,164.680000
1070,2,132.952381,162.523810
1075,2,162.640000,161.640000
1077,2,171.272727,166.636364
1078,2,182.875000,161.125000
1081,2,191.653846,160.846154
1082,2,195.500000,163.500000
1083,2,202.181818,160.409091
1084,2,205.166667,157.458333
1087,2,230.590909,165.000000
1091,2,27.041667,163.291667
1092,2,32.095238,167.666667
1093,2,40.333333,167.555556
1099,2,66.240000,162.920000
1101,2,83.045455,162.090909
1103,2,90.807692,167.769231
1105,2,99.185185,165.888889
1106,2,106.391304,160.695652
1107,2,106.875000,166.041667
1109,2,117.040000,165.160000
1110,2,122.550000,166.700000
1112,2,132.571429,167.714286
1118,2,161.000000,167.000000
1119,2,166.000000,165.173913
1121,2,176.125000,164.583333
1124,2,190.153846,165.923077
1125,2,197.826087,168.086957
1126,2,199.478261,163.652174
1127,2,203.380952,166.047619
1132,2,231.760000,169.160000
1135,2,40.086957,173.347826
1139,2,53.727273,174.136364
1140,2,58.227273,171.727273
1145,2,89.217391,173.434783
1146,2,94.400000,166.600000
1151,2,117.629630,169.888889
1153,2,119.833333,173.541667
1155,2,132.541667,172.000000
1157,2,151.346154,171.807692
1160,2,158.384615,175.500000
1164,2,180.791667,165.708333
1165,2,185.333333,179.333333
1168,2,201.208333,173.375000
1169,2,207.476190,167.666667
1170,2,204.272727,170.954545
1171,2,211.840000,169.480000
1174,2,231.083333,173.916667
1176,2,43.720000,171.840000
1178,2,48.173913,174.260870
1179,2,53.380952,178.238095
1180,2,59.125000,177.041667
1181,2,62.760000,177.000000
1183,2,73.083333,179.875000
1184,2,76.409091,182.000000
1185,2,77.250000,175.250000
1188,2,96.000000,178.840000
1191,2,110.391304,184.304348
1197,2,145.416667,174.166667
1198,2,148.458333,176.625000
1199,2,155.727273,171.818182
1200,2,154.185185,177.370370
1202,2,167.076923,178.115385
1204,2,177.043478,176.695652
1206,2,187.760000,183.640000
1210,2,206.478261,177.826087
1211,2,208.692308,173.346154
1216,2,34.772727,183.545455
1217,2,40.538462,181.730769
1220,2,57.166667,181.250000
1221,2,62.375000,183.125000
1222,2,67.680000,180.360000
1227,2,90.625000,179.208333
1230,2,105.347826,182.956522
1233,2,130.260870,189.913043
1235,2,136.038462,183.230769
1236,2,138.538462,188.346154
1238,2,144.520000,179.600000
1244,2,172.320000,176.640000
1245,2,181.080000,178.600000
1246,2,185.840000,188.080000
1249,2,200.478261,177.826087
1250,2,203.391304,180.956522
1256,2,44.727273,183.954545
1257,2,46.391304,188.826087
1258,2,51.692308,188.346154
1262,2,71.125000,184.833333
1263,2,75.541667,191.458333
1265,2,91.840000,182.960000
1266,2,94.363636,187.090909
1267,2,98.291667,184.500000
1268,2,100.869565,180.608696
1269,2,102.370370,187.407407
1272,2,125.500000,184.692308
1274,2,130.545455,183.954545
1275,2,137.360000,195.040000
1278,2,149.714286,188.142857
1279,2,155.480000,182.040000
1280,2,161.166667,180.833333
1284,2,182.130435,184.173913
1286,2,195.869565,185.782609
1287,2,200.857143,185.809524
1289,2,203.750000,189.583333
1290,2,205.960000,184.240000
1292,2,226.769231,182.961538
1295,2,49.083333,192.458333
1297,2,55.000000,193.720000
1298,2,64.208333,192.041667
1299,2,64.363636,187.318182
1301,2,76.400000,186.960000
1302,2,80.500000,190.500000
1309,2,120.500000,184.041667
1312,2,134.272727,187.954545
1314,2,144.086957,191.826087
1316,2,153.538462,188.192308
1322,2,181.080000,189.320000
1323,2,179.608696,193.739130
1325,2,198.730769,190.884615
1326,2,203.869565,193.826087
1330,2,220.916667,187.666667
1331,2,45.000000,198.666667
1335,2,58.041667,190.375000
1336,2,67.208333,196.125000
1338,2,76.541667,195.875000
1339,2,82.727273,195.318182
1340,2,87.360000,198.360000
1343,2,96.863636,203.090909
1345,2,104.769231,198.192308
1348,2,129.000000,200.782609
1349,2,128.916667,195.708333
1350,2,133.600000,193.800000
1351,2,140.916667,194.708333
1355,2,161.833333,200.083333
1357,2,172.565217,194.739130
1358,2,176.000000,193.217391
1362,2,198.913043,196.000000
1363,2,204.666667,198.777778
1366,2,216.440000,201.240000
1367,2,49.192308,198.000000
1368,2,50.880000,203.280000
1369,2,58.416667,203.583333
1371,2,69.000000,200.653846
1372,2,72.791667,201.625000
1373,2,78.375000,198.875000
1374,2,82.652174,200.347826
1375,2,86.333333,203.583333
1376,2,90.826087,204.608696
1377,2,93.000000,200.538462
1379,2,106.461538,203.076923
1382,2,123.772727,201.227273
1383,2,129.782609,204.826087
1388,2,149.478261,206.869565
1390,2,159.800000,205.400000
1393,2,181.666667,202.083333
1395,2,185.960000,201.040000
1396,2,192.880000,199.600000
1397,2,198.653846,200.076923
1399,2,206.360000,208.560000
1400,2,208.200000,204.400000
1401,2,60.791667,207.208333
1404,2,71.346154,206.423077
1405,2,76.920000,204.160000
1412,2,100.576923,205.153846
1416,2,124.333333,205.708333
1417,2,132.130435,212.521739
1421,2,154.791667,209.541667
1423,2,160.833333,209.458333
1425,2,164.833333,204.833333
1426,2,181.375000,206.083333
1428,2,187.150000,206.500000
1429,2,189.391304,201.043478
1435,2,64.869565,203.434783
1440,2,86.600000,208.040000
1442,2,107.807692,207.769231
1447,2,128.130435,208.956522
1448,2,127.181818,212.954545
1449,2,139.739130,213.434783
1451,2,148.772727,211.181818
1452,2,155.695652,218.608696
1453,2,156.884615,213.730769
1455,2,167.125000,214.791667
1459,2,193.080000,205.080000
1461,2,194.120000,213.880000
1462,2,199.545455,213.363636
1466,2,68.380952,222.523810
1470,2,99.583333,221.416667
1473,2,110.000000,218.520000
1474,2,115.666667,218.166667
1476,2,128.961538,216.500000
1479,2,143.461538,215.730769
1481,2,151.739130,214.695652
1482,2,163.125000,212.333333
1484,2,172.545455,220.590909
1485,2,169.960000,216.760000
1487,2,181.260870,216.608696
1488,2,184.428571,219.428571
1495,2,85.652174,228.000000
1499,2,105.521739,221.434783
1501,2,112.541667,222.750000
1504,2,133.625000,225.458333
1505,2,137.884615,225.923077
1506,2,136.521739,220.913043
1507,2,148.360000,216.680000
1508,2,146.153846,221.076923
1509,2,151.666667,221.000000
1514,2,181.440000,222.520000
1516,2,187.416667,221.500000
1517,2,75.840000,225.720000
1518,2,81.000000,226.173913
1519,2,90.000000,227.956522
1521,2,101.181818,225.227273
1522,2,103.560000,233.120000
1525,2,117.608696,222.521739
1528,2,130.500000,221.875000
1530,2,141.130435,220.434783
1533,2,160.869565,230.826087
1535,2,164.909091,231.909091
1537,2,174.227273,226.454545
1538,2,178.782609,226.782609
1539,2,94.454545,233.545455
1541,2,100.640000,229.640000
1543,2,107.086957,225.043478
1544,2,114.380952,232.904762
1549,2,136.772727,231.000000
1556,2,169.476190,229.761905
1558,2,99.200000,235.840000
1559,2,103.454545,238.681818
1565,2,134.320000,235.960000
1570,2,159.652174,236.434783
1,1,103.250000,31.958333
3,1,118.500000,22.166667
4,1,123.555556,30.148148
8,1,139.692308,24.346154
11,1,147.440000,26.400000
17,1,103.125000,26.333333
20,1,117.666667,27.000000
21,1,127.080000,27.080000
24,1,144.652174,21.956522
25,1,143.250000,28.291667
27,1,170.777778,33.074074
28,1,165.555556,37.370370
29,1,160.760000,34.200000
30,1,162.380952,28.809524
32,1,88.708333,41.833333
33,1,89.120000,42.960000
35,1,101.000000,36.500000
36,1,106.964286,30.821429
37,1,107.851852,37.481481
40,1,123.296296,25.407407
43,1,142.115385,33.846154
44,1,140.800000,27.720000
48,1,175.304348,40.304348
49,1,164.923077,42.538462
50,1,162.600000,44.240000
52,1,180.208333,33.875000
54,1,70.960000,44.200000
56,1,84.375000,40.750000
59,1,102.481481,37.444444
60,1,108.869565,41.347826
64,1,125.814815,32.814815
68,1,144.850000,39.050000
69,1,148.440000,44.280000
70,1,157.320000,37.640000
71,1,165.750000,28.625000
72,1,162.000000,46.708333
73,1,169.500000,45.000000
74,1,166.692308,32.153846
75,1,174.074074,35.703704
80,1,75.166667,41.500000
83,1,85.560000,45.000000
86,1,107.153846,30.423077
95,1,151.875000,38.125000
97,1,143.884615,48.346154
99,1,171.269231,40.115385
102,1,179.931034,38.241379
104,1,191.208333,43.375000
105,1,186.458333,42.458333
106,1,64.000000,45.809524
107,1,69.518519,43.296296
108,1,69.333333,48.166667
111,1,85.583333,44.083333
112,1,87.000000,37.458333
116,1,108.086957,47.478261
119,1,126.409091,47.272727
120,1,119.086957,55.130435
121,1,129.080000,47.400000
123,1,141.538462,55.692308
124,1,149.375000,52.166667
126,1,146.800000,34.040000
127,1,150.958333,45.833333
128,1,163.958333,52.291667
129,1,180.923077,54.230769
141,1,77.961538,61.500000
143,1,88.333333,59.925926
145,1,94.652174,52.782609
147,1,105.172414,63.551724
148,1,117.640000,58.000000
149,1,112.230769,51.653846
150,1,120.217391,48.782609
152,1,123.958333,50.666667
154,1,145.360000,47.320000
156,1,156.416667,48.250000
157,1,163.440000,57.200000
158,1,159.000000,51.928571
159,1,167.217391,45.608696
160,1,170.304348,53.956522
161,1,174.333333,50.166667
163,1,174.033333,58.400000
164,1,193.478261,53.739130
165,1,188.541667,53.916667
168,1,46.920000,60.400000
169,1,53.160000,58.960000
172,1,72.652174,58.086957
174,1,82.960000,74.560000
175,1,81.086957,61.000000
176,1,85.153846,50.461538
178,1,98.217391,54.695652
180,1,103.434783,65.521739
182,1,126.333333,62.041667
186,1,129.038462,49.769231
187,1,144.291667,55.666667
189,1,147.200000,41.600000
191,1,169.440000,51.600000
193,1,170.440000,59.560000
194,1,179.956522,68.000000
196,1,182.791667,51.708333
198,1,194.750000,58.541667
199,1,196.920000,55.480000
205,1,58.360000,67.680000
207,1,79.800000,68.333333
208,1,66.916667,71.166667
209,1,83.653846,64.846154
210,1,84.400000,56.640000
212,1,87.285714,52.095238
215,1,115.160000,71.120000
217,1,115.840000,53.320000
218,1,114.913043,66.826087
220,1,139.695652,67.086957
222,1,140.192308,50.038462
224,1,154.259259,52.629630
226,1,160.000000,61.739130
228,1,173.750000,67.083333
229,1,173.541667,59.250000
234,1,200.625000,54.541667
237,1,220.913043,70.913043
238,1,42.384615,75.615385
239,1,43.777778,69.000000
241,1,61.375000,68.583333
242,1,67.040000,60.920000
243,1,65.782609,64.260870
246,1,77.035714,77.642857
249,1,96.166667,63.666667
250,1,109.600000,69.120000
251,1,99.962963,68.000000
253,1,122.115385,64.230769
254,1,130.680000,68.280000
255,1,121.320000,73.320000
256,1,133.130435,68.434783
258,1,136.363636,68.772727
261,1,162.160000,68.560000
262,1,158.565217,72.695652
264,1,172.333333,74.166667
265,1,170.434783,64.608696
267,1,185.380952,67.333333
270,1,191.923077,72.423077
272,1,210.961538,71.615385
273,1,215.370370,70.259259
274,1,217.920000,67.440000
275,1,36.440000,71.320000
276,1,35.590909,75.772727
277,1,47.750000,70.000000
279,1,59.458333,72.708333
281,1,72.346154,68.807692
282,1,82.541667,76.166667
283,1,77.041667,73.125000
288,1,100.692308,77.884615
289,1,107.480000,73.160000
290,1,119.478261,78.217391
291,1,118.740741,71.629630
292,1,120.458333,64.666667
293,1,126.565217,66.043478
294,1,129.590909,73.954545
295,1,125.782609,69.043478
298,1,159.807692,72.500000
301,1,164.500000,76.730769
302,1,172.555556,67.074074
303,1,169.961538,75.423077
305,1,202.125000,73.125000
307,1,187.043478,72.608696
310,1,206.840000,74.000000
311,1,216.840000,74.200000
312,1,210.739130,88.000000
313,1,31.653846,81.038462
315,1,55.166667,73.083333
316,1,40.461538,73.153846
318,1,56.346154,81.038462
319,1,61.111111,81.592593
322,1,66.800000,68.720000
323,1,79.846154,78.346154
324,1,80.592593,80.481481
326,1,104.880000,91.680000
328,1,100.555556,71.481481
330,1,102.400000,73.600000
331,1,115.840000,76.800000
332,1,125.120000,74.520000
335,1,151.920000,80.480000
337,1,147.769231,74.576923
339,1,176.000000,77.960000
342,1,176.320000,69.400000
343,1,176.958333,76.916667
345,1,188.130435,76.869565
346,1,204.166667,83.875000
347,1,215.923077,88.730769
348,1,199.458333,75.500000
350,1,216.695652,78.043478
353,1,29.538462,86.192308
355,1,39.000000,78.541667
359,1,60.541667,91.000000
360,1,60.307692,88.076923
363,1,72.769231,76.653846
364,1,89.347826,83.260870
366,1,99.777778,84.740741
367,1,103.518519,100.296296
369,1,110.360000,81.480000
376,1,148.416667,78.291667
377,1,145.807692,82.192308
380,1,174.500000,83.807692
381,1,177.625000,86.166667
382,1,173.423077,87.384615
387,1,208.791667,90.291667
389,1,206.370370,78.111111
390,1,212.884615,93.576923
393,1,30.583333,76.416667
394,1,34.600000,91.280000
396,1,45.000000,83.320000
400,1,68.916667,91.083333
401,1,63.080000,91.440000
402,1,68.600000,85.040000
403,1,65.920000,81.880000
404,1,88.678571,104.214286
406,1,87.291667,84.666667
408,1,110.875000,93.125000
412,1,127.666667,86.291667
413,1,132.240000,85.560000
414,1,131.083333,89.041667
415,1,138.416667,87.875000
417,1,149.600000,84.720000
420,1,172.692308,96.538462
421,1,166.440000,86.400000
422,1,158.653846,89.807692
424,1,186.695652,93.869565
426,1,198.280000,84.520000
427,1,195.840000,77.320000
430,1,200.074074,80.888889
434,1,221.291667,94.125000
435,1,34.538462,85.846154
436,1,29.440000,92.040000
437,1,27.130435,90.000000
439,1,45.520000,103.520000
441,1,58.208333,83.166667
442,1,55.727273,93.454545
446,1,84.360000,90.880000
447,1,82.120000,86.400000
450,1,104.173913,103.217391
451,1,110.916667,96.666667
458,1,140.250000,98.083333
461,1,162.000000,91.833333
463,1,167.043478,91.565217
464,1,175.791667,98.250000
465,1,169.125000,83.541667
467,1,181.615385,99.846154
468,1,186.120000,90.120000
470,1,196.909091,98.363636
472,1,205.739130,82.521739
473,1,221.760000,91.840000
474,1,216.608696,97.391304
475,1,229.923077,93.653846
480,1,44.416667,91.958333
493,1,105.777778,92.814815
494,1,119.625000,101.833333
495,1,116.160000,92.160000
500,1,141.111111,92.888889
502,1,146.769231,112.461538
503,1,154.869565,93.652174
505,1,166.833333,93.833333
506,1,176.000000,90.814815
507,1,174.760000,102.200000
508,1,175.538462,96.192308
512,1,201.307692,101.461538
514,1,209.375000,86.750000
524,1,42.920000,99.040000
525,1,50.565217,108.739130
526,1,45.681818,100.409091
531,1,75.884615,93.807692
533,1,84.909091,93.545455
535,1,96.571429,105.892857
536,1,110.652174,102.695652
537,1,106.347826,98.565217
540,1,117.320000,96.520000
545,1,149.230769,100.153846
546,1,156.769231,96.846154
552,1,182.304348,111.608696
556,1,201.720000,96.880000
557,1,206.791667,102.250000
559,1,225.307692,101.538462
560,1,219.192308,114.615385
561,1,221.458333,111.708333
562,1,235.000000,101.291667
563,1,232.869565,103.173913
565,1,27.260870,109.695652
566,1,30.640000,111.800000
572,1,60.923077,117.538462
573,1,66.555556,105.296296
577,1,85.304348,98.173913
578,1,85.833333,107.625000
580,1,100.541667,108.125000
581,1,112.909091,101.090909
582,1,108.680000,115.160000
583,1,106.740741,106.148148
588,1,147.888889,105.629630
589,1,144.833333,105.750000
592,1,162.392857,113.821429
594,1,181.961538,106.269231
595,1,180.346154,112.038462
597,1,189.250000,110.416667
599,1,198.111111,104.259259
601,1,203.727273,105.863636
604,1,223.541667,108.416667
613,1,49.909091,103.227273
615,1,53.884615,107.384615
620,1,92.384615,108.346154
621,1,97.041667,114.833333
623,1,100.500000,111.863636
624,1,102.880000,118.360000
627,1,117.280000,113.880000
629,1,127.481481,119.222222
630,1,121.954545,114.590909
633,1,141.153846,102.153846
636,1,152.681818,113.954545
640,1,188.037037,114.370370
641,1,189.217391,118.695652
644,1,209.280000,105.880000
646,1,211.190476,118.142857
648,1,222.590909,104.636364
650,1,227.384615,117.423077
652,1,25.230769,126.153846
654,1,35.869565,124.826087
656,1,42.115385,119.769231
658,1,49.230769,120.346154
660,1,58.730769,111.115385
662,1,74.304348,118.391304
667,1,86.083333,100.916667
668,1,95.076923,116.000000
669,1,101.833333,113.750000
670,1,103.833333,123.666667
672,1,115.000000,111.391304
673,1,118.074074,108.629630
674,1,124.375000,124.708333
677,1,142.730769,103.192308
678,1,147.625000,118.000000
679,1,155.000000,123.730769
680,1,155.769231,112.653846
682,1,175.160000,131.360000
683,1,171.583333,113.666667
685,1,189.083333,115.750000
688,1,203.227273,124.454545
689,1,197.370370,120.592593
691,1,211.000000,122.250000
695,1,235.583333,121.166667
699,1,46.291667,131.083333
701,1,42.250000,127.333333
704,1,54.280000,123.720000
710,1,83.800000,126.920000
713,1,108.217391,120.608696
715,1,124.344828,115.275862
716,1,116.461538,117.269231
717,1,122.666667,118.875000
718,1,124.478261,130.304348
721,1,144.560000,115.880000
722,1,151.576923,129.461538
724,1,173.833333,119.208333
726,1,168.478261,120.260870
727,1,173.880000,123.120000
729,1,183.416667,119.625000
730,1,203.423077,121.500000
731,1,185.500000,122.500000
732,1,192.541667,124.916667
733,1,205.333333,116.541667
734,1,199.173913,126.260870
735,1,211.666667,129.416667
736,1,224.608696,127.565217
738,1,225.363636,123.772727
741,1,25.875000,134.333333
743,1,41.074074,138.629630
744,1,40.615385,125.730769
746,1,60.318182,121.727273
748,1,73.833333,124.541667
750,1,80.208333,129.000000
751,1,75.608696,130.043478
753,1,85.166667,137.625000
754,1,92.153846,128.076923
757,1,104.000000,123.625000
759,1,117.360000,124.600000
760,1,127.083333,121.583333
762,1,132.695652,123.782609
763,1,150.000000,127.360000
765,1,154.857143,120.357143
766,1,156.400000,116.640000
767,1,150.833333,121.458333
769,1,169.120000,114.920000
770,1,171.884615,127.923077
771,1,183.478261,128.000000
772,1,178.640000,132.960000
773,1,188.840000,125.680000
776,1,199.800000,120.640000
777,1,216.333333,115.375000
778,1,207.625000,129.250000
781,1,228.640000,124.120000
784,1,30.240000,138.680000
785,1,25.444444,132.888889
788,1,44.680000,122.920000
790,1,57.600000,126.720000
792,1,63.160000,134.960000
793,1,68.291667,135.166667
797,1,88.111111,129.666667
800,1,107.360000,136.360000
807,1,137.857143,129.035714
808,1,138.160000,125.280000
810,1,153.454545,132.545455
811,1,154.800000,130.040000
813,1,163.000000,141.160000
815,1,178.269231,127.384615
816,1,187.928571,146.821429
817,1,173.720000,140.680000
819,1,202.000000,129.888889
820,1,185.272727,141.590909
822,1,213.480000,126.280000
823,1,210.826087,140.826087
824,1,226.240000,131.040000
825,1,233.958333,121.833333
827,1,230.913043,137.260870
828,1,22.500000,136.423077
831,1,46.625000,136.208333
832,1,51.769231,142.346154
833,1,47.520000,137.880000
836,1,66.875000,139.041667
837,1,63.592593,145.037037
840,1,85.481481,131.592593
841,1,90.291667,135.875000
842,1,89.434783,141.434783
843,1,101.666667,138.000000
844,1,94.666667,134.000000
845,1,103.125000,135.500000
848,1,120.208333,125.791667
849,1,125.480000,139.960000
853,1,147.782609,134.000000
855,1,149.956522,147.521739
857,1,168.583333,125.625000
858,1,176.320000,136.640000
859,1,184.730769,135.192308
861,1,195.000000,140.629630
862,1,198.440000,133.720000
863,1,196.600000,137.880000
866,1,212.680000,133.680000
873,1,29.260870,147.695652
874,1,30.310345,145.172414
877,1,54.285714,150.142857
880,1,77.409091,146.318182
882,1,75.913043,140.782609
883,1,71.961538,138.307692
884,1,84.640000,141.960000
893,1,123.521739,147.086957
894,1,136.178571,140.464286
896,1,140.958333,142.708333
899,1,162.173913,137.260870
900,1,158.142857,142.964286
901,1,169.296296,137.851852
902,1,167.720000,137.440000
903,1,172.400000,138.000000
904,1,178.040000,139.880000
905,1,188.148148,143.851852
906,1,184.346154,138.038462
908,1,203.360000,143.640000
909,1,195.200000,135.440000
910,1,214.958333,144.708333
911,1,217.083333,137.333333
912,1,221.423077,146.461538
913,1,219.625000,141.541667
914,1,221.833333,148.291667
917,1,27.576923,141.884615
918,1,46.653846,149.038462
919,1,41.407407,150.370370
920,1,50.291667,146.375000
921,1,43.555556,137.518519
923,1,63.653846,148.846154
924,1,67.761905,148.476190
925,1,75.000000,145.960000
926,1,79.880000,154.960000
929,1,80.148148,141.777778
931,1,96.590909,151.136364
932,1,102.272727,146.000000
933,1,106.461538,138.769231
935,1,126.600000,159.800000
936,1,126.347826,143.695652
937,1,130.400000,148.440000
939,1,136.217391,145.565217
940,1,129.500000,143.076923
941,1,143.269231,145.923077
943,1,155.703704,148.111111
946,1,173.583333,151.041667
947,1,171.250000,146.916667
948,1,175.708333,145.375000
950,1,185.181818,150.909091
955,1,210.115385,146.461538
956,1,216.423077,144.653846
959,1,235.629630,155.777778
960,1,26.166667,153.750000
965,1,44.916667,141.208333
967,1,60.192308,159.653846
968,1,63.041667,160.375000
971,1,77.500000,153.583333
972,1,78.120000,154.360000
973,1,91.000000,147.727273
975,1,101.791667,152.458333
976,1,103.846154,143.500000
980,1,131.888889,140.518519
981,1,122.423077,151.884615
985,1,124.480000,137.680000
986,1,152.625000,146.583333
987,1,146.680000,143.080000
989,1,175.791667,155.625000
991,1,170.000000,158.222222
992,1,179.240000,145.240000
993,1,177.888889,151.037037
996,1,204.720000,149.160000
997,1,222.782609,151.260870
998,1,226.653846,169.961538
999,1,215.440000,152.360000
1000,1,222.833333,163.666667
1001,1,215.047619,159.571429
1002,1,228.541667,152.208333
1003,1,233.666667,148.583333
1005,1,27.703704,152.555556
1007,1,44.826087,161.173913
1011,1,59.333333,149.083333
1012,1,57.875000,164.166667
1013,1,63.565217,170.478261
1015,1,76.840000,162.280000
1018,1,93.269231,154.576923
1019,1,102.391304,155.478261
1021,1,112.307692,163.884615
1024,1,124.434783,154.347826
1025,1,128.230769,156.153846
1031,1,156.925926,151.740741
1033,1,167.360000,152.720000
1038,1,190.592593,155.481481
1040,1,207.074074,152.518519
1043,1,219.296296,164.518519
1044,1,226.857143,162.190476
1045,1,216.240000,156.080000
1046,1,232.227273,150.409091
1047,1,231.250000,161.666667
1049,1,31.230769,161.923077
1051,1,49.041667,164.708333
1052,1,52.000000,161.666667
1055,1,62.320000,154.360000
1056,1,68.380952,174.190476
1057,1,84.958333,175.791667
1058,1,69.040000,171.360000
1061,1,95.666667,148.666667
1063,1,110.240000,158.520000
1064,1,97.960000,156.840000
1065,1,120.440000,159.760000
1066,1,108.960000,169.800000
1067,1,121.920000,162.680000
1071,1,150.925926,160.555556
1072,1,157.178571,161.857143
1073,1,148.576923,163.346154
1074,1,152.111111,157.148148
1076,1,167.840000,157.160000
1079,1,187.304348,157.347826
1080,1,189.083333,165.125000
1085,1,210.576923,161.961538
1086,1,214.545455,159.363636
1088,1,213.346154,167.500000
1089,1,232.307692,157.692308
1090,1,223.333333,164.000000
1094,1,47.833333,169.083333
1095,1,42.727273,163.545455
1096,1,70.083333,166.541667
1097,1,57.958333,167.208333
1098,1,71.115385,161.961538
1100,1,80.291667,171.083333
1102,1,78.285714,160.666667
1104,1,92.956522,160.434783
1108,1,110.521739,179.913043
1111,1,137.086957,179.782609
1113,1,143.520000,160.760000
1114,1,140.692308,168.230769
1115,1,145.592593,168.185185
1116,1,140.041667,169.750000
1117,1,156.000000,166.346154
1120,1,170.192308,171.384615
1122,1,185.653846,168.730769
1123,1,185.960000,166.800000
1128,1,219.960000,170.240000
1129,1,214.916667,164.666667
1130,1,225.407407,176.185185
1131,1,213.954545,174.090909
1133,1,30.238095,171.238095
1134,1,33.555556,175.407407
1136,1,34.444444,171.481481
1137,1,51.916667,168.833333
1138,1,48.120000,180.920000
1141,1,58.250000,165.083333
1142,1,76.407407,166.333333
1143,1,82.875000,166.666667
1144,1,85.440000,169.440000
1147,1,99.653846,170.038462
1148,1,110.880000,174.080000
1149,1,102.040000,177.000000
1150,1,112.920000,170.600000
1152,1,123.961538,173.653846
1154,1,130.320000,179.320000
1156,1,141.590909,181.181818
1158,1,143.222222,160.111111
1159,1,150.680000,167.080000
1161,1,165.920000,169.960000
1162,1,179.708333,171.000000
1163,1,183.960000,173.840000
1166,1,196.791667,171.875000
1167,1,193.640000,177.040000
1172,1,221.400000,182.760000
1173,1,227.125000,156.250000
1175,1,37.458333,177.083333
1177,1,39.920000,164.000000
1182,1,66.560000,171.640000
1186,1,88.458333,184.916667
1187,1,94.703704,173.074074
1189,1,98.240000,176.400000
1190,1,102.375000,170.875000
1192,1,113.074074,183.074074
1193,1,116.320000,179.400000
1194,1,125.625000,175.500000
1195,1,130.360000,175.440000
1196,1,137.960000,171.080000
1201,1,161.461538,172.269231
1203,1,175.461538,170.269231
1205,1,178.230769,181.000000
1207,1,196.304348,181.826087
1208,1,189.541667,174.791667
1209,1,191.818182,171.500000
1212,1,215.481481,176.074074
1213,1,222.130435,178.304348
1214,1,223.565217,156.478261
1215,1,32.800000,180.320000
1218,1,49.200000,180.840000
1219,1,44.000000,177.166667
1223,1,79.954545,182.954545
1224,1,84.576923,186.653846
1225,1,83.695652,182.304348
1226,1,78.384615,171.269231
1228,1,103.038462,161.846154
1229,1,106.642857,174.857143
1231,1,122.692308,189.269231
1232,1,118.080000,176.480000
1234,1,124.440000,179.840000
1237,1,138.103448,175.965517
1239,1,150.518519,182.074074
1240,1,166.200000,183.960000
1241,1,170.130435,188.347826
1242,1,165.285714,189.952381
1243,1,169.833333,174.958333
1247,1,191.576923,185.846154
1248,1,193.692308,179.423077
1251,1,214.200000,179.240000
1252,1,211.083333,182.833333
1253,1,221.416667,173.291667
1254,1,229.916667,178.875000
1255,1,35.173913,187.913043
1259,1,58.400000,186.160000
1260,1,72.458333,175.166667
1261,1,68.083333,187.708333
1264,1,82.038462,177.730769
1270,1,111.840000,190.080000
1271,1,112.280000,198.560000
1273,1,121.086957,190.608696
1276,1,142.916667,186.916667
1277,1,145.192308,185.038462
1281,1,166.760000,198.560000
1282,1,163.391304,182.391304
1283,1,176.884615,187.038462
1285,1,189.923077,194.807692
1288,1,210.884615,191.076923
1291,1,216.869565,186.913043
1293,1,40.200000,189.480000
1294,1,40.000000,190.041667
1296,1,53.000000,184.846154
1300,1,69.640000,188.960000
1303,1,94.608696,191.130435
1304,1,88.173913,193.695652
1305,1,86.791667,190.958333
1306,1,100.592593,196.777778
1307,1,107.750000,194.916667
1308,1,114.740741,189.518519
1310,1,122.880000,197.040000
1311,1,120.480000,188.720000
1313,1,148.423077,201.576923
1315,1,157.708333,186.875000
1317,1,156.560000,197.640000
1318,1,160.821429,186.964286
1319,1,171.920000,185.480000
1320,1,176.375000,198.791667
1321,1,170.680000,181.800000
1324,1,194.041667,194.083333
1327,1,210.478261,201.000000
1328,1,210.923077,186.384615
1329,1,217.958333,185.666667
1332,1,43.807692,191.615385
1333,1,56.230769,198.076923
1334,1,59.360000,195.320000
1337,1,71.916667,195.000000
1341,1,93.615385,193.307692
1342,1,93.960000,196.280000
1344,1,106.720000,191.800000
1346,1,113.916667,204.458333
1347,1,122.769231,194.961538
1352,1,158.346154,194.269231
1353,1,146.416667,199.583333
1354,1,152.541667,193.333333
1356,1,162.769231,195.000000
1359,1,185.080000,194.840000
1360,1,182.840000,195.480000
1361,1,192.280000,190.280000
1364,1,212.904762,188.380952
1365,1,214.720000,198.200000
1370,1,54.884615,200.000000
1378,1,94.560000,214.400000
1380,1,104.000000,194.681818
1381,1,117.434783,195.695652
1384,1,133.090909,199.590909
1385,1,135.961538,205.653846
1386,1,142.045455,203.045455
1387,1,142.739130,206.826087
1389,1,153.285714,202.500000
1391,1,173.384615,201.961538
1392,1,168.590909,200.818182
1394,1,170.782609,205.956522
1398,1,213.826087,195.434783
1402,1,62.962963,198.407407
1403,1,65.400000,212.920000
1406,1,71.869565,210.260870
1407,1,95.080000,208.440000
1408,1,84.909091,221.590909
1409,1,98.461538,211.115385
1410,1,99.708333,195.041667
1411,1,119.692308,214.923077
1413,1,112.384615,208.307692
1414,1,110.041667,191.166667
1415,1,118.320000,202.600000
1418,1,144.125000,210.083333
1419,1,146.440000,194.840000
1420,1,138.541667,200.541667
1422,1,152.708333,195.041667
1424,1,169.076923,192.961538
1427,1,180.142857,214.214286
1430,1,200.750000,208.791667
1431,1,198.041667,206.583333
1432,1,209.034483,195.000000
1433,1,64.807692,208.538462
1434,1,69.363636,214.863636
1436,1,71.800000,217.080000
1437,1,68.541667,216.958333
1438,1,83.173913,213.521739
1439,1,81.600000,205.800000
1441,1,90.240000,223.120000
1443,1,117.703704,203.777778
1444,1,109.083333,212.750000
1445,1,121.500000,209.818182
1446,1,114.160000,212.280000
1450,1,154.592593,203.518519
1454,1,162.541667,223.500000
1456,1,176.307692,205.346154
1457,1,168.739130,209.043478
1458,1,187.884615,210.038462
1460,1,202.360000,203.440000
1463,1,75.913043,215.086957
1464,1,64.416667,217.375000
1465,1,82.791667,219.166667
1467,1,87.576923,213.000000
1468,1,90.913043,210.913043
1469,1,95.760000,224.480000
1471,1,92.833333,217.833333
1472,1,104.791667,214.500000
1475,1,119.035714,210.500000
1477,1,135.703704,216.814815
1478,1,136.347826,210.652174
1480,1,136.040000,205.080000
1483,1,161.125000,217.000000
1486,1,176.269231,210.269231
1489,1,194.653846,207.730769
1490,1,188.166667,212.750000
1491,1,78.777778,209.111111
1492,1,75.913043,220.347826
1493,1,79.080000,219.960000
1494,1,77.434783,212.652174
1496,1,87.375000,219.625000
1497,1,101.608696,214.782609
1498,1,104.090909,216.590909
1500,1,108.000000,228.600000
1502,1,121.857143,218.785714
1503,1,126.807692,220.538462
1510,1,159.560000,222.280000
1511,1,177.038462,221.730769
1512,1,174.769231,211.615385
1513,1,174.629630,214.370370
1515,1,187.086957,215.652174
1520,1,103.291667,208.166667
1523,1,114.086957,227.347826
1524,1,120.384615,228.807692
1526,1,129.640000,228.840000
1527,1,129.375000,235.166667
1529,1,143.217391,228.304348
1531,1,149.038462,230.653846
1532,1,158.136364,225.636364
1534,1,164.884615,219.730769
1536,1,170.333333,225.125000
1540,1,94.333333,221.875000
1542,1,108.730769,232.000000
1545,1,112.083333,235.458333
1546,1,119.875000,235.625000
1547,1,130.296296,230.666667
1548,1,144.962963,231.333333
1550,1,143.923077,236.115385
1551,1,152.608696,230.913043
1552,1,141.458333,229.458333
1553,1,147.375000,224.791667
1554,1,153.333333,225.375000
1555,1,166.000000,226.520000
1557,1,96.346154,229.692308
1560,1,111.750000,236.857143
1561,1,118.000000,228.961538
1562,1,124.375000,224.708333
1563,1,124.296296,231.370370
1564,1,123.640000,230.680000
1566,1,139.750000,236.750000
1567,1,150.500000,235.772727
1568,1,154.500000,235.625000
1569,1,157.500000,231.208333
