ID,type,x COM, y COM
2,2,111.500000,22.541667
5,2,123.043478,21.652174
6,2,128.307692,21.038462
7,2,133.038462,21.692308
9,2,137.964286,22.178571
10,2,150.040000,23.160000
12,2,157.636364,25.090909
13,2,86.347826,31.000000
14,2,91.600000,26.920000
15,2,97.240000,28.680000
16,2,98.086957,25.173913
18,2,108.347826,26.130435
19,2,113.909091,29.090909
22,2,130.695652,27.260870
23,2,134.538462,27.846154
26,2,153.695652,27.434783
31,2,77.153846,34.769231
34,2,91.130435,31.826087
38,2,112.125000,34.291667
39,2,115.772727,34.818182
41,2,129.653846,33.153846
42,2,133.272727,34.181818
45,2,151.080000,31.760000
46,2,155.250000,32.708333
47,2,160.000000,29.208333
51,2,173.769231,30.192308
53,2,74.769231,38.769231
55,2,83.296296,34.148148
57,2,94.590909,36.636364
58,2,96.130435,33.260870
61,2,115.240000,39.400000
62,2,120.173913,39.434783
63,2,121.240000,35.120000
65,2,127.952381,37.190476
66,2,134.708333,37.958333
67,2,139.703704,36.888889
76,2,190.565217,37.521739
77,2,195.600000,39.400000
78,2,61.153846,42.961538
79,2,68.000000,39.600000
81,2,79.040000,44.040000
82,2,79.500000,40.181818
84,2,96.391304,40.913043
85,2,100.541667,43.833333
87,2,107.038462,44.000000
88,2,113.166667,43.666667
89,2,117.476190,44.857143
90,2,121.720000,43.600000
91,2,126.166667,40.583333
92,2,131.000000,42.961538
93,2,137.652174,41.130435
94,2,137.538462,44.384615
96,2,153.291667,41.000000
98,2,158.666667,43.750000
100,2,176.166667,47.166667
101,2,179.222222,41.333333
103,2,185.500000,37.833333
109,2,75.727273,48.863636
110,2,80.760000,51.200000
113,2,94.500000,45.416667
114,2,97.960000,48.360000
115,2,103.166667,48.500000
117,2,107.333333,53.166667
118,2,113.454545,48.909091
122,2,135.500000,48.545455
125,2,150.160000,56.080000
130,2,179.769231,47.538462
131,2,183.916667,46.166667
132,2,188.409091,47.545455
133,2,192.960000,47.040000
134,2,197.500000,49.000000
135,2,198.272727,44.590909
136,2,55.600000,54.440000
137,2,59.560000,53.640000
138,2,63.653846,51.884615
139,2,68.541667,53.708333
140,2,71.608696,54.434783
142,2,80.280000,55.400000
144,2,91.409091,50.863636
146,2,102.120000,53.880000
151,2,124.826087,56.913043
153,2,133.260870,53.086957
155,2,151.666667,60.222222
162,2,181.800000,57.840000
166,2,203.105263,47.789474
167,2,204.000000,52.565217
170,2,58.269231,58.461538
171,2,64.142857,56.904762
173,2,75.333333,54.541667
177,2,91.840000,56.760000
179,2,107.400000,57.440000
181,2,113.500000,59.125000
183,2,128.700000,55.600000
184,2,131.120000,58.840000
185,2,136.818182,57.681818
188,2,145.884615,61.346154
190,2,156.800000,58.400000
192,2,167.280000,60.320000
195,2,180.136364,61.636364
197,2,187.166667,55.875000
200,2,202.478261,62.608696
201,2,204.521739,58.391304
202,2,41.416667,63.791667
203,2,47.608696,63.913043
204,2,53.666667,62.416667
206,2,59.375000,62.625000
211,2,88.521739,66.304348
213,2,95.400000,59.000000
214,2,99.500000,61.500000
216,2,116.458333,61.958333
219,2,134.625000,63.125000
221,2,142.040000,60.560000
223,2,149.846154,64.961538
225,2,154.782609,63.782609
227,2,166.111111,65.185185
230,2,184.727273,61.409091
231,2,188.545455,60.409091
232,2,196.434783,64.869565
233,2,198.318182,60.181818
235,2,209.043478,61.000000
236,2,215.000000,63.923077
240,2,52.541667,66.375000
244,2,73.000000,62.130435
245,2,72.720000,68.160000
247,2,93.434783,69.826087
248,2,91.307692,62.038462
252,2,111.409091,63.363636
257,2,138.280000,62.200000
259,2,144.583333,66.833333
260,2,155.480000,69.080000
263,2,166.333333,69.375000
266,2,181.772727,72.636364
268,2,191.041667,63.041667
269,2,199.440000,67.720000
271,2,210.960000,66.000000
278,2,51.360000,70.160000
280,2,64.384615,74.653846
284,2,86.461538,69.192308
285,2,88.080000,76.320000
286,2,90.869565,73.652174
287,2,97.800000,77.440000
296,2,144.461538,70.807692
297,2,149.920000,70.760000
299,2,155.000000,72.782609
300,2,160.500000,77.727273
304,2,182.086957,76.347826
306,2,191.600000,67.320000
308,2,203.428571,68.809524
309,2,206.384615,65.884615
314,2,36.960000,81.760000
317,2,52.916667,77.083333
320,2,66.150000,78.200000
321,2,70.695652,78.652174
325,2,94.720000,75.640000
327,2,106.041667,78.791667
329,2,110.160000,78.400000
333,2,137.629630,72.259259
334,2,136.739130,76.826087
336,2,142.538462,75.269231
338,2,155.875000,77.250000
340,2,165.916667,81.583333
341,2,171.040000,82.600000
344,2,186.695652,80.304348
349,2,209.833333,76.666667
351,2,221.200000,76.800000
352,2,225.260870,80.260870
354,2,37.750000,86.750000
356,2,47.090909,77.863636
357,2,46.730769,81.538462
358,2,53.107143,82.000000
361,2,76.925926,85.000000
362,2,73.480000,86.760000
365,2,93.800000,82.600000
368,2,102.130435,82.043478
370,2,119.913043,82.260870
371,2,125.041667,83.375000
372,2,128.400000,79.640000
373,2,132.521739,78.652174
374,2,136.045455,81.454545
375,2,141.615385,80.307692
378,2,157.153846,84.038462
379,2,160.703704,82.518519
383,2,181.040000,80.240000
384,2,184.250000,86.291667
385,2,190.360000,81.680000
386,2,193.653846,78.461538
388,2,211.307692,81.230769
391,2,220.560000,82.080000
392,2,230.592593,85.814815
395,2,40.750000,92.000000
397,2,46.560000,85.600000
398,2,51.217391,86.913043
399,2,55.538462,87.269231
405,2,90.173913,81.000000
407,2,95.120000,88.240000
409,2,104.384615,86.115385
410,2,114.111111,84.296296
411,2,119.333333,86.333333
416,2,141.000000,83.913043
418,2,146.130435,88.782609
419,2,152.960000,87.440000
423,2,178.458333,92.583333
425,2,189.307692,86.153846
428,2,195.750000,88.916667
429,2,201.304348,89.521739
431,2,221.318182,89.590909
432,2,221.608696,86.434783
433,2,226.181818,84.636364
438,2,39.480000,96.760000
440,2,49.800000,90.600000
443,2,66.960000,94.280000
444,2,71.760000,92.440000
445,2,76.086957,91.695652
448,2,94.120000,93.120000
449,2,99.541667,89.458333
452,2,109.920000,87.720000
453,2,115.043478,89.739130
454,2,121.120000,91.520000
455,2,124.000000,89.750000
456,2,129.363636,92.772727
457,2,135.000000,90.652174
459,2,145.230769,93.538462
460,2,152.708333,91.750000
462,2,163.346154,96.769231
466,2,182.181818,90.136364
469,2,191.720000,90.680000
471,2,206.115385,92.692308
476,2,231.958333,89.958333
477,2,26.880000,99.040000
478,2,31.545455,96.954545
479,2,35.086957,95.260870
481,2,48.500000,95.461538
482,2,57.458333,96.958333
483,2,59.640000,101.800000
484,2,61.960000,96.880000
485,2,65.000000,100.000000
486,2,70.809524,97.761905
487,2,79.416667,93.250000
488,2,82.000000,98.000000
489,2,90.416667,90.375000
490,2,89.708333,95.166667
491,2,95.208333,98.291667
492,2,98.956522,95.347826
496,2,123.680000,97.960000
497,2,130.217391,98.434783
498,2,133.000000,96.277778
499,2,137.320000,95.680000
501,2,149.307692,94.500000
504,2,160.769231,100.500000
509,2,187.000000,99.000000
510,2,192.695652,99.260870
511,2,198.458333,93.875000
513,2,209.125000,97.583333
515,2,216.708333,102.083333
516,2,222.900000,98.300000
517,2,226.826087,96.000000
518,2,232.333333,96.958333
519,2,236.360000,94.920000
520,2,23.875000,108.333333
521,2,26.826087,104.000000
522,2,31.541667,102.916667
523,2,35.217391,101.000000
527,2,53.000000,99.541667
528,2,63.080000,106.200000
529,2,69.958333,102.166667
530,2,75.200000,100.960000
532,2,80.750000,102.916667
534,2,92.833333,101.791667
538,2,115.750000,103.166667
539,2,120.652174,106.217391
541,2,126.869565,98.391304
542,2,131.250000,102.875000
543,2,135.958333,107.208333
544,2,136.080000,101.320000
547,2,155.423077,102.307692
548,2,162.608696,105.260870
549,2,166.458333,101.541667
550,2,170.681818,103.863636
551,2,176.826087,106.956522
553,2,185.130435,102.173913
554,2,190.888889,104.407407
555,2,192.958333,94.541667
558,2,213.565217,99.000000
564,2,22.520000,113.200000
567,2,36.240000,105.960000
568,2,41.130435,104.869565
569,2,45.750000,107.791667
570,2,54.458333,111.458333
571,2,55.884615,103.961538
574,2,71.240000,108.320000
575,2,75.720000,105.160000
576,2,79.520000,109.520000
579,2,98.423077,102.461538
584,2,125.740741,104.518519
585,2,130.608696,107.173913
586,2,131.777778,111.629630
587,2,136.307692,112.653846
590,2,150.840000,101.920000
591,2,159.772727,108.545455
593,2,168.416667,106.916667
596,2,186.375000,106.250000
598,2,194.880000,106.240000
600,2,203.000000,109.080000
602,2,211.851852,104.185185
603,2,216.454545,106.954545
605,2,229.375000,106.041667
606,2,233.958333,107.708333
607,2,237.304348,106.217391
608,2,24.680000,117.120000
609,2,30.875000,115.625000
610,2,33.333333,109.259259
611,2,39.434783,111.608696
612,2,45.739130,113.782609
614,2,50.666667,114.916667
616,2,64.120000,113.880000
617,2,66.400000,110.240000
618,2,70.344828,113.862069
619,2,75.240000,110.960000
622,2,91.826087,113.000000
625,2,107.291667,110.625000
626,2,114.120000,109.840000
628,2,126.000000,110.000000
631,2,140.363636,112.681818
632,2,141.086957,118.173913
634,2,149.500000,108.384615
635,2,155.541667,106.416667
637,2,165.291667,110.041667
638,2,172.304348,109.086957
639,2,174.000000,112.730769
642,2,193.750000,111.833333
643,2,198.600000,110.240000
645,2,208.708333,111.666667
647,2,213.523810,111.285714
649,2,225.846154,109.461538
651,2,236.925926,112.444444
653,2,28.652174,120.521739
655,2,36.370370,115.148148
657,2,42.130435,110.260870
659,2,54.923077,116.461538
661,2,66.130435,118.173913
663,2,78.916667,114.583333
664,2,84.047619,118.000000
665,2,83.791667,112.583333
666,2,88.392857,115.178571
671,2,111.960000,117.800000
675,2,132.782609,117.347826
676,2,145.375000,121.291667
681,2,162.480000,117.280000
684,2,177.680000,117.600000
686,2,194.043478,116.608696
687,2,199.259259,115.333333
690,2,210.272727,115.681818
692,2,217.416667,119.250000
693,2,222.640000,117.840000
694,2,231.346154,111.538462
696,2,24.000000,122.370370
697,2,29.304348,125.608696
698,2,32.821429,120.535714
700,2,40.125000,117.541667
702,2,51.434783,127.347826
703,2,54.080000,121.880000
705,2,70.208333,120.416667
706,2,62.307692,123.807692
707,2,78.160000,123.520000
708,2,78.961538,118.884615
709,2,89.307692,121.346154
711,2,93.518519,120.629630
712,2,98.714286,122.285714
714,2,113.259259,122.888889
719,2,136.761905,118.523810
720,2,140.416667,122.791667
723,2,160.840000,121.880000
725,2,165.769231,124.192308
728,2,179.583333,123.291667
737,2,219.666667,122.958333
739,2,234.423077,116.615385
740,2,21.173913,128.782609
742,2,35.125000,126.625000
745,2,46.875000,127.666667
747,2,65.666667,128.083333
749,2,66.000000,122.428571
752,2,84.200000,122.160000
755,2,95.000000,125.740741
756,2,105.625000,127.833333
758,2,112.827586,127.758621
761,2,127.392857,131.250000
764,2,144.318182,128.272727
768,2,161.080000,126.560000
774,2,188.000000,133.136364
775,2,196.434783,128.130435
779,2,220.750000,127.375000
780,2,218.125000,131.208333
782,2,235.791667,133.083333
783,2,232.500000,127.076923
786,2,31.478261,129.695652
787,2,36.708333,130.250000
789,2,50.636364,136.772727
791,2,58.800000,132.520000
794,2,67.652174,132.782609
795,2,71.200000,129.320000
796,2,81.555556,134.740741
798,2,99.040000,131.840000
799,2,100.173913,127.956522
801,2,106.913043,132.086957
802,2,112.769231,132.423077
803,2,117.652174,131.434783
804,2,121.708333,137.916667
805,2,122.307692,133.923077
806,2,131.840000,128.920000
809,2,143.884615,133.307692
812,2,161.565217,130.913043
814,2,168.440000,131.040000
818,2,192.826087,131.173913
821,2,205.904762,132.238095
826,2,230.916667,130.916667
829,2,29.880000,134.120000
830,2,34.880000,135.920000
834,2,54.272727,133.272727
835,2,59.454545,137.227273
838,2,72.304348,134.391304
839,2,76.760000,135.040000
846,2,112.791667,138.458333
847,2,117.000000,137.681818
850,2,131.851852,134.666667
851,2,136.538462,133.846154
852,2,143.320000,138.320000
854,2,152.708333,140.208333
856,2,158.590909,134.727273
860,2,185.409091,130.727273
864,2,204.640000,137.400000
865,2,208.869565,136.869565
867,2,218.680000,136.240000
868,2,222.478261,134.434783
869,2,227.291667,134.750000
870,2,228.000000,139.206897
871,2,236.083333,140.916667
872,2,24.200000,146.440000
875,2,37.464286,141.464286
876,2,41.260870,142.521739
878,2,56.250000,139.416667
879,2,60.590909,142.045455
881,2,70.666667,143.958333
885,2,87.480000,148.400000
886,2,91.520000,138.040000
887,2,97.590909,140.227273
888,2,97.541667,145.125000
889,2,108.769231,145.692308
890,2,112.863636,143.363636
891,2,116.714286,145.857143
892,2,119.416667,142.125000
895,2,138.875000,137.375000
897,2,147.500000,140.769231
898,2,157.120000,138.960000
907,2,194.520000,145.640000
915,2,237.307692,147.807692
916,2,21.840000,151.040000
922,2,54.192308,143.769231
927,2,72.000000,150.136364
928,2,82.166667,148.333333
930,2,92.272727,142.590909
934,2,112.318182,148.272727
938,2,135.150000,149.950000
942,2,146.920000,148.560000
944,2,163.000000,149.884615
945,2,163.423077,143.923077
949,2,188.307692,149.192308
951,2,195.423077,150.615385
952,2,196.346154,143.192308
953,2,208.250000,141.833333
954,2,210.458333,150.541667
957,2,227.727273,146.045455
958,2,231.192308,142.115385
961,2,31.652174,149.826087
962,2,35.863636,146.590909
963,2,36.142857,150.809524
964,2,38.217391,155.695652
966,2,49.640000,152.400000
969,2,67.619048,153.095238
970,2,72.000000,157.040000
974,2,87.240000,152.760000
977,2,108.150000,152.700000
978,2,111.583333,153.333333
979,2,116.000000,152.500000
982,2,129.115385,151.730769
983,2,139.625000,152.791667
984,2,138.480000,157.720000
988,2,162.720000,154.840000
990,2,168.360000,147.480000
994,2,196.521739,154.391304
995,2,199.920000,148.760000
1004,2,22.038462,156.115385
1006,2,33.888889,155.925926
1008,2,43.517241,157.586207
1009,2,43.760000,152.520000
1010,2,47.760000,156.400000
1014,2,66.880000,157.680000
1016,2,82.120000,153.760000
1017,2,88.523810,157.380952
1020,2,105.565217,155.521739
1022,2,113.560000,158.040000
1023,2,118.863636,155.681818
1026,2,132.230769,157.653846
1027,2,133.720000,154.040000
1028,2,137.260870,163.478261
1029,2,146.041667,153.750000
1030,2,150.260870,155.304348
1032,2,160.440000,158.520000
1034,2,170.958333,161.625000
1035,2,177.333333,159.916667
1036,2,182.666667,157.083333
1037,2,183.478261,153.086957
1039,2,194.680000,157.680000
1041,2,201.181818,154.681818
1042,2,209.208333,156.166667
1048,2,24.458333,161.291667
1050,2,36.000000,163.173913
1053,2,53.458333,156.416667
1054,2,56.391304,159.956522
1059,2,83.772727,157.818182
1060,2,88.000000,162.458333
1062,2,99.913043,161.956522
1068,2,128.625000,169.291667
1069,2,128.840000,164.080000
1070,2,133.250000,161.750000
1075,2,163.217391,162.434783
1077,2,171.521739,165.869565
1078,2,181.458333,161.708333
1081,2,190.541667,161.125000
1082,2,196.045455,161.636364
1083,2,201.960000,160.160000
1084,2,205.166667,156.958333
1087,2,228.583333,164.583333
1091,2,28.400000,164.680000
1092,2,33.130435,167.000000
1093,2,38.478261,167.391304
1099,2,68.000000,161.391304
1101,2,84.727273,163.681818
1103,2,89.720000,167.360000
1105,2,98.080000,165.320000
1106,2,105.000000,162.000000
1107,2,108.615385,164.769231
1109,2,117.160000,165.800000
1110,2,123.739130,168.565217
1112,2,133.904762,166.666667
1118,2,161.080000,166.440000
1119,2,166.608696,165.521739
1121,2,175.916667,164.833333
1124,2,192.391304,165.826087
1125,2,197.625000,167.583333
1126,2,199.318182,164.000000
1127,2,203.791667,165.416667
1132,2,231.925926,168.148148
1135,2,39.291667,172.833333
1139,2,53.416667,173.166667
1140,2,58.750000,173.464286
1145,2,91.461538,172.038462
1146,2,94.681818,167.681818
1151,2,118.120000,170.480000
1153,2,122.680000,172.600000
1155,2,133.083333,171.541667
1157,2,149.181818,171.863636
1160,2,157.440000,173.920000
1164,2,180.960000,166.240000
1165,2,184.500000,178.791667
1168,2,200.440000,171.800000
1169,2,207.565217,168.391304
1170,2,204.333333,171.333333
1171,2,211.818182,169.590909
1174,2,231.500000,172.681818
1176,2,42.545455,171.818182
1178,2,48.545455,173.545455
1179,2,51.583333,179.166667
1180,2,57.230769,176.807692
1181,2,63.038462,177.653846
1183,2,70.320000,180.160000
1184,2,75.280000,180.040000
1185,2,77.833333,176.000000
1188,2,97.173913,179.695652
1191,2,110.181818,180.863636
1197,2,144.318182,173.772727
1198,2,148.227273,176.681818
1199,2,154.416667,172.416667
1200,2,152.791667,177.625000
1202,2,166.434783,178.434783
1204,2,176.115385,176.500000
1206,2,187.857143,179.857143
1210,2,206.080000,176.800000
1211,2,209.680000,173.560000
1216,2,34.045455,183.272727
1217,2,39.208333,181.333333
1220,2,57.333333,181.041667
1221,2,62.458333,182.458333
1222,2,66.714286,181.285714
1227,2,90.761905,177.952381
1230,2,105.846154,184.423077
1233,2,129.500000,189.500000
1235,2,134.521739,183.173913
1236,2,138.608696,185.913043
1238,2,144.500000,179.833333
1244,2,172.608696,176.956522
1245,2,180.291667,180.958333
1246,2,186.520000,187.120000
1249,2,200.434783,178.913043
1250,2,203.652174,181.826087
1256,2,43.956522,184.478261
1257,2,48.000000,188.086957
1258,2,53.478261,189.173913
1262,2,73.391304,184.565217
1263,2,77.333333,191.666667
1265,2,92.962963,182.814815
1266,2,95.272727,187.136364
1267,2,98.086957,185.739130
1268,2,101.391304,182.521739
1269,2,102.619048,187.904762
1272,2,123.791667,185.125000
1274,2,129.444444,184.111111
1275,2,137.000000,192.400000
1278,2,150.571429,187.809524
1279,2,155.960000,183.760000
1280,2,159.178571,181.535714
1284,2,182.592593,184.888889
1286,2,195.960000,187.120000
1287,2,200.608696,186.434783
1289,2,204.520000,188.560000
1290,2,207.920000,186.440000
1292,2,225.600000,183.120000
1295,2,49.038462,192.692308
1297,2,55.760000,193.520000
1298,2,63.227273,192.227273
1299,2,64.000000,187.000000
1301,2,74.560000,189.080000
1302,2,81.840000,190.680000
1309,2,118.833333,186.000000
1312,2,133.615385,188.846154
1314,2,144.500000,192.384615
1316,2,154.080000,187.440000
1322,2,181.692308,189.423077
1323,2,178.777778,192.814815
1325,2,199.500000,191.000000
1326,2,203.227273,194.227273
1330,2,220.217391,189.347826
1331,2,45.880000,198.000000
1335,2,59.363636,190.136364
1336,2,67.130435,197.086957
1338,2,76.434783,195.739130
1339,2,81.125000,196.708333
1340,2,86.269231,195.461538
1343,2,98.875000,201.541667
1345,2,107.400000,200.000000
1348,2,127.777778,200.814815
1349,2,128.923077,195.961538
1350,2,133.040000,194.880000
1351,2,140.120000,193.480000
1355,2,163.391304,200.913043
1357,2,172.880000,193.400000
1358,2,179.040000,197.360000
1362,2,197.888889,195.777778
1363,2,203.478261,198.739130
1366,2,214.923077,201.615385
1367,2,50.416667,196.500000
1368,2,49.320000,203.360000
1369,2,55.230769,204.153846
1371,2,67.958333,202.333333
1372,2,72.400000,201.280000
1373,2,76.454545,199.454545
1374,2,83.045455,200.545455
1375,2,87.045455,200.909091
1376,2,90.038462,202.730769
1377,2,93.681818,202.636364
1379,2,103.826087,203.478261
1382,2,123.434783,200.434783
1383,2,130.208333,205.291667
1388,2,150.409091,208.272727
1390,2,160.923077,205.576923
1393,2,181.130435,202.000000
1395,2,185.538462,201.807692
1396,2,193.913043,200.478261
1397,2,198.954545,200.227273
1399,2,206.500000,208.500000
1400,2,205.500000,204.500000
1401,2,60.360000,207.000000
1404,2,70.954545,206.500000
1405,2,76.681818,204.227273
1412,2,99.153846,205.846154
1416,2,123.760000,205.760000
1417,2,133.560000,210.680000
1421,2,154.500000,208.923077
1423,2,159.307692,208.769231
1425,2,167.043478,204.913043
1426,2,180.259259,207.518519
1428,2,185.458333,207.541667
1429,2,190.619048,202.000000
1435,2,65.227273,205.500000
1440,2,86.217391,207.260870
1442,2,107.083333,206.208333
1447,2,127.541667,208.791667
1448,2,127.416667,212.458333
1449,2,138.880000,213.560000
1451,2,147.913043,212.608696
1452,2,154.400000,218.240000
1453,2,156.640000,213.480000
1455,2,164.440000,214.040000
1459,2,190.384615,206.576923
1461,2,193.240000,215.000000
1462,2,198.521739,214.217391
1466,2,69.040000,221.560000
1470,2,98.750000,220.250000
1473,2,112.125000,218.541667
1474,2,117.666667,218.333333
1476,2,127.826087,216.652174
1479,2,143.520000,215.680000
1481,2,151.260870,214.565217
1482,2,160.680000,214.640000
1484,2,172.791667,220.208333
1485,2,168.960000,214.840000
1487,2,180.160000,217.920000
1488,2,184.956522,217.956522
1495,2,84.409091,226.636364
1499,2,106.727273,220.045455
1501,2,112.625000,222.541667
1504,2,133.520000,226.040000
1505,2,138.240000,226.320000
1506,2,136.760000,221.520000
1507,2,147.454545,218.227273
1508,2,147.041667,222.708333
1509,2,152.375000,221.875000
1514,2,182.478261,223.130435
1516,2,186.560000,223.480000
1517,2,76.370370,226.851852
1518,2,81.043478,227.521739
1519,2,88.111111,228.555556
1521,2,100.480000,225.080000
1522,2,104.240000,230.560000
1525,2,118.391304,223.260870
1528,2,131.000000,220.695652
1530,2,141.500000,219.423077
1533,2,161.750000,229.666667
1535,2,163.880000,233.680000
1537,2,174.500000,226.821429
1538,2,179.041667,227.458333
1539,2,93.038462,232.615385
1541,2,100.304348,229.391304
1543,2,107.040000,224.720000
1544,2,111.619048,231.000000
1549,2,135.500000,232.000000
1556,2,169.730769,231.500000
1558,2,100.333333,234.041667
1559,2,103.958333,236.958333
1565,2,134.400000,236.040000
1570,2,158.791667,237.375000
1,1,103.318182,30.818182
3,1,115.703704,23.296296
4,1,119.961538,30.461538
8,1,140.384615,25.423077
11,1,147.518519,28.148148
17,1,103.166667,27.000000
20,1,117.958333,26.666667
21,1,126.760000,27.520000
24,1,144.960000,23.400000
25,1,145.409091,28.772727
27,1,176.666667,35.259259
28,1,164.192308,35.961538
29,1,161.250000,33.107143
30,1,164.076923,27.384615
32,1,88.750000,43.541667
33,1,91.083333,42.750000
35,1,100.416667,33.750000
36,1,106.884615,34.615385
37,1,105.826087,39.565217
40,1,122.840000,25.280000
43,1,141.280000,32.200000
44,1,138.680000,30.480000
48,1,170.360000,33.800000
49,1,159.208333,38.750000
50,1,163.869565,42.391304
52,1,179.045455,34.181818
54,1,71.826087,47.130435
56,1,83.391304,39.521739
59,1,102.040000,39.440000
60,1,108.409091,38.500000
64,1,124.583333,32.333333
68,1,146.125000,39.416667
69,1,152.000000,41.480000
70,1,155.565217,37.217391
71,1,166.782609,27.652174
72,1,163.666667,48.380952
73,1,169.586207,44.344828
74,1,166.666667,35.791667
75,1,171.384615,42.076923
80,1,73.826087,43.521739
83,1,86.333333,43.791667
86,1,108.809524,30.095238
95,1,148.240000,42.400000
97,1,145.680000,43.080000
99,1,171.240000,38.040000
102,1,181.833333,38.583333
104,1,191.120000,42.680000
105,1,187.347826,42.260870
106,1,65.217391,47.695652
107,1,66.590909,43.045455
108,1,67.500000,46.833333
111,1,85.440000,43.040000
112,1,87.863636,36.000000
116,1,107.800000,47.880000
119,1,126.800000,46.640000
120,1,119.260870,53.913043
121,1,130.320000,49.440000
123,1,138.222222,52.000000
124,1,151.240000,51.360000
126,1,145.269231,35.538462
127,1,151.583333,47.500000
128,1,163.875000,54.458333
129,1,182.600000,52.080000
141,1,74.400000,59.320000
143,1,86.680000,58.280000
145,1,96.120000,51.680000
147,1,105.769231,61.115385
148,1,116.214286,61.000000
149,1,112.080000,52.160000
150,1,118.375000,49.708333
152,1,124.846154,47.307692
154,1,141.760000,47.760000
156,1,157.090909,47.954545
157,1,161.740741,57.777778
158,1,163.884615,50.538462
159,1,171.125000,44.208333
160,1,163.416667,53.041667
161,1,173.000000,50.625000
163,1,176.708333,54.750000
164,1,193.086957,54.869565
165,1,191.520000,51.880000
168,1,46.560000,60.080000
169,1,51.125000,58.375000
172,1,75.272727,59.090909
174,1,81.400000,68.050000
175,1,83.240000,62.840000
176,1,85.730769,49.115385
178,1,99.166667,56.708333
180,1,106.615385,64.038462
182,1,125.160000,62.800000
186,1,125.500000,50.653846
187,1,143.785714,55.321429
189,1,145.227273,48.636364
191,1,166.600000,51.280000
193,1,173.652174,59.304348
194,1,181.480000,66.800000
196,1,182.166667,53.000000
198,1,194.960000,58.720000
199,1,197.347826,56.260870
205,1,57.320000,68.520000
207,1,77.041667,69.708333
208,1,66.640000,65.280000
209,1,78.555556,64.925926
210,1,84.760000,58.880000
212,1,86.392857,53.035714
215,1,108.961538,71.807692
217,1,119.166667,56.625000
218,1,113.680000,67.800000
220,1,139.222222,67.222222
222,1,142.920000,53.440000
224,1,155.125000,53.500000
226,1,160.916667,64.166667
228,1,177.769231,64.730769
229,1,172.037037,56.333333
234,1,201.000000,53.913043
237,1,218.826087,70.652174
238,1,47.428571,74.238095
239,1,43.576923,69.115385
241,1,61.785714,69.678571
242,1,65.333333,66.458333
243,1,63.640000,64.200000
246,1,80.695652,72.652174
249,1,95.869565,65.173913
250,1,103.000000,67.500000
251,1,98.750000,67.250000
253,1,121.250000,61.250000
254,1,130.318182,64.181818
255,1,119.851852,71.740741
256,1,129.043478,71.565217
258,1,132.920000,68.680000
261,1,160.400000,64.920000
262,1,162.000000,72.791667
264,1,168.291667,72.916667
265,1,171.454545,63.363636
267,1,187.136364,68.090909
270,1,195.875000,72.000000
272,1,215.045455,70.363636
273,1,211.782609,73.739130
274,1,219.846154,66.807692
275,1,39.923077,71.538462
276,1,37.200000,72.520000
277,1,47.076923,69.346154
279,1,59.545455,74.136364
281,1,68.760000,62.920000
282,1,81.851852,76.703704
283,1,80.920000,73.280000
288,1,103.076923,76.615385
289,1,111.090909,71.545455
290,1,119.260870,78.956522
291,1,121.291667,76.666667
292,1,115.925926,70.518519
293,1,124.038462,68.230769
294,1,129.958333,74.791667
295,1,128.538462,67.076923
298,1,160.083333,70.000000
301,1,168.615385,78.115385
302,1,173.321429,67.142857
303,1,169.785714,76.428571
305,1,195.695652,74.782609
307,1,186.777778,74.333333
310,1,209.090909,70.954545
311,1,217.807692,74.153846
312,1,214.370370,86.555556
313,1,32.583333,80.291667
315,1,51.480000,73.800000
316,1,42.000000,80.916667
318,1,57.136364,79.454545
319,1,60.956522,78.869565
322,1,70.833333,74.083333
323,1,82.333333,79.428571
324,1,80.000000,80.666667
326,1,103.250000,91.708333
328,1,101.360000,70.760000
330,1,102.041667,72.250000
331,1,113.962963,76.851852
332,1,125.166667,74.625000
335,1,151.384615,81.576923
337,1,148.680000,76.400000
339,1,174.428571,72.678571
342,1,178.217391,69.913043
343,1,177.173913,76.739130
345,1,190.076923,72.653846
346,1,201.782609,79.304348
347,1,215.625000,87.000000
348,1,202.888889,73.000000
350,1,215.692308,80.307692
353,1,28.956522,85.347826
355,1,39.200000,76.960000
359,1,59.520000,90.000000
360,1,70.000000,83.913043
363,1,73.730769,75.730769
364,1,83.629630,82.259259
366,1,98.250000,83.750000
367,1,103.521739,97.260870
369,1,109.280000,83.120000
376,1,151.185185,79.407407
377,1,146.440000,79.840000
380,1,175.814815,81.296296
381,1,179.478261,84.608696
382,1,175.583333,86.916667
387,1,205.160000,86.760000
389,1,205.615385,78.461538
390,1,212.041667,91.125000
393,1,34.347826,75.913043
394,1,35.666667,90.833333
396,1,42.391304,87.304348
400,1,61.807692,91.692308
401,1,62.875000,87.708333
402,1,66.760000,86.320000
403,1,68.280000,83.480000
404,1,87.000000,101.962963
406,1,88.652174,87.086957
408,1,109.954545,92.181818
412,1,128.730769,89.115385
413,1,133.920000,85.800000
414,1,129.320000,85.560000
415,1,139.782609,87.260870
417,1,147.583333,84.958333
420,1,167.826087,93.565217
421,1,164.809524,86.476190
422,1,158.653846,89.269231
424,1,185.809524,94.714286
426,1,195.407407,83.814815
427,1,199.636364,76.909091
430,1,200.160000,83.960000
434,1,222.640000,93.320000
435,1,32.692308,86.461538
436,1,30.083333,91.333333
437,1,26.880000,93.320000
439,1,46.772727,99.136364
441,1,61.000000,83.440000
442,1,55.444444,94.000000
446,1,82.076923,87.500000
447,1,83.791667,86.750000
450,1,103.478261,101.043478
451,1,112.115385,98.346154
458,1,141.565217,96.521739
461,1,161.400000,91.200000
463,1,166.769231,91.884615
464,1,175.916667,97.333333
465,1,169.851852,87.703704
467,1,181.653846,97.500000
468,1,187.769231,92.269231
470,1,199.000000,97.655172
472,1,206.083333,83.708333
473,1,218.307692,92.307692
474,1,218.800000,95.480000
475,1,229.666667,92.708333
480,1,44.833333,92.875000
493,1,106.520000,95.200000
494,1,120.240000,101.440000
495,1,115.541667,93.958333
500,1,139.880000,91.320000
502,1,144.541667,109.833333
503,1,156.777778,94.962963
505,1,171.782609,96.173913
506,1,175.541667,91.208333
507,1,172.576923,100.884615
508,1,176.333333,98.857143
512,1,201.880000,101.520000
514,1,210.040000,90.360000
524,1,41.615385,100.346154
525,1,50.680000,107.320000
526,1,46.708333,102.458333
531,1,76.347826,96.869565
533,1,84.678571,94.750000
535,1,98.500000,107.363636
536,1,107.040000,105.240000
537,1,111.625000,96.625000
540,1,118.576923,96.538462
545,1,146.916667,100.083333
546,1,155.333333,97.925926
552,1,179.250000,112.666667
556,1,204.080000,96.480000
557,1,205.500000,102.708333
559,1,226.250000,102.791667
560,1,220.333333,104.208333
561,1,221.320000,113.360000
562,1,235.680000,100.760000
563,1,231.080000,101.440000
565,1,28.692308,108.846154
566,1,29.541667,112.958333
572,1,59.961538,117.000000
573,1,67.619048,104.190476
577,1,84.423077,101.615385
578,1,86.280000,109.000000
580,1,100.076923,107.192308
581,1,110.583333,102.958333
582,1,109.280000,114.120000
583,1,108.769231,106.153846
588,1,144.480000,102.840000
589,1,141.869565,107.434783
592,1,162.346154,113.000000
594,1,181.041667,106.500000
595,1,180.458333,105.500000
597,1,189.400000,110.600000
599,1,197.050000,101.500000
601,1,203.458333,105.791667
604,1,219.370370,110.222222
613,1,50.375000,107.333333
615,1,57.818182,110.409091
620,1,90.956522,107.739130
621,1,98.518519,113.666667
623,1,97.086957,110.434783
624,1,102.280000,117.840000
627,1,119.440000,111.600000
629,1,128.173913,118.782609
630,1,126.538462,114.192308
633,1,140.296296,102.148148
636,1,151.923077,112.269231
640,1,185.576923,112.076923
641,1,187.400000,120.880000
644,1,208.875000,106.958333
646,1,208.083333,120.458333
648,1,222.913043,104.739130
650,1,228.083333,114.791667
652,1,25.107143,128.357143
654,1,37.347826,121.869565
656,1,44.520000,118.520000
658,1,49.458333,120.875000
660,1,59.500000,109.307692
662,1,74.458333,118.291667
667,1,89.500000,104.208333
668,1,96.192308,117.346154
669,1,103.500000,113.363636
670,1,104.346154,122.461538
672,1,115.080000,116.160000
673,1,118.800000,111.760000
674,1,128.416667,126.083333
677,1,148.384615,111.153846
678,1,152.321429,119.428571
679,1,152.500000,124.958333
680,1,156.608696,115.913043
682,1,175.440000,134.200000
683,1,168.115385,114.730769
685,1,185.200000,114.800000
688,1,204.615385,125.230769
689,1,203.666667,119.375000
691,1,214.884615,116.307692
695,1,235.250000,122.166667
699,1,43.583333,131.875000
701,1,40.760000,127.160000
704,1,57.304348,122.826087
710,1,87.035714,125.892857
713,1,108.846154,122.730769
715,1,124.807692,120.076923
716,1,119.291667,120.375000
717,1,121.260870,117.173913
718,1,124.040000,125.200000
721,1,144.821429,115.107143
722,1,155.892857,127.821429
724,1,168.592593,119.222222
726,1,169.619048,121.619048
727,1,176.440000,125.360000
729,1,182.961538,119.538462
730,1,194.280000,120.960000
731,1,187.708333,118.833333
732,1,192.840000,124.320000
733,1,204.280000,114.520000
734,1,200.038462,126.269231
735,1,215.041667,128.208333
736,1,225.130435,123.695652
738,1,226.714286,119.142857
741,1,25.041667,137.125000
743,1,39.518519,135.074074
744,1,43.090909,124.500000
746,1,57.304348,126.434783
748,1,71.807692,123.846154
750,1,77.586207,126.862069
751,1,76.200000,129.680000
753,1,86.214286,133.964286
754,1,93.400000,129.880000
757,1,105.347826,122.956522
759,1,119.080000,124.120000
760,1,130.920000,123.120000
762,1,137.217391,128.043478
763,1,148.760000,126.840000
765,1,149.125000,121.250000
766,1,157.038462,112.346154
767,1,154.083333,123.083333
769,1,173.360000,119.400000
770,1,174.173913,127.043478
771,1,185.708333,125.208333
772,1,181.000000,128.625000
773,1,189.652174,128.086957
776,1,199.360000,120.400000
777,1,210.521739,121.173913
778,1,209.541667,127.833333
781,1,231.291667,120.666667
784,1,28.538462,139.076923
785,1,23.333333,134.037037
788,1,46.520000,122.480000
790,1,59.227273,127.772727
792,1,63.384615,133.846154
793,1,70.080000,139.120000
797,1,88.923077,129.923077
800,1,106.045455,136.000000
807,1,138.800000,129.560000
808,1,137.304348,124.521739
810,1,151.481481,132.740741
811,1,154.000000,132.692308
813,1,161.750000,141.714286
815,1,179.307692,134.269231
816,1,185.120000,145.480000
817,1,182.565217,141.782609
819,1,199.347826,132.217391
820,1,191.250000,136.333333
822,1,213.458333,124.166667
823,1,213.260870,136.217391
824,1,224.960000,129.800000
825,1,229.291667,124.916667
827,1,232.708333,136.041667
828,1,22.416667,138.208333
831,1,44.727273,135.136364
832,1,50.541667,140.250000
833,1,49.000000,132.777778
836,1,65.608696,138.652174
837,1,62.884615,145.000000
840,1,82.833333,129.791667
841,1,92.080000,136.680000
842,1,86.320000,140.400000
843,1,101.920000,138.880000
844,1,95.478261,134.521739
845,1,103.125000,136.750000
848,1,120.458333,128.416667
849,1,124.458333,143.458333
853,1,148.695652,136.130435
855,1,152.222222,151.333333
857,1,169.434783,127.173913
858,1,178.440000,138.560000
859,1,181.960000,134.880000
861,1,197.800000,140.600000
862,1,200.407407,136.740741
863,1,200.400000,131.480000
866,1,211.269231,131.846154
873,1,27.800000,148.760000
874,1,29.347826,143.043478
877,1,53.560000,147.160000
880,1,76.615385,146.884615
882,1,79.875000,142.958333
883,1,73.640000,140.240000
884,1,86.407407,144.518519
893,1,125.076923,146.230769
894,1,137.615385,141.038462
896,1,140.875000,143.791667
899,1,163.333333,134.083333
900,1,153.652174,144.521739
901,1,167.962963,137.370370
902,1,166.681818,137.727273
903,1,171.807692,134.461538
904,1,175.041667,141.291667
905,1,190.076923,144.576923
906,1,185.541667,139.291667
908,1,203.318182,143.318182
909,1,194.666667,138.875000
910,1,214.217391,145.869565
911,1,214.555556,140.222222
912,1,219.538462,149.192308
913,1,222.230769,140.884615
914,1,223.541667,145.708333
917,1,32.920000,140.760000
918,1,39.038462,145.038462
919,1,40.769231,148.730769
920,1,47.208333,149.250000
921,1,45.000000,139.619048
923,1,57.960000,150.760000
924,1,63.720000,143.920000
925,1,70.076923,147.153846
926,1,76.739130,155.217391
929,1,79.814815,139.148148
931,1,100.954545,151.500000
932,1,102.720000,147.360000
933,1,108.958333,136.958333
935,1,123.875000,157.833333
936,1,124.875000,149.791667
937,1,130.000000,146.173913
939,1,133.958333,145.250000
940,1,135.259259,143.222222
941,1,142.392857,148.785714
943,1,158.416667,145.250000
946,1,171.846154,150.653846
947,1,169.814815,142.925926
948,1,174.545455,145.454545
950,1,183.111111,147.000000
955,1,213.826087,145.130435
956,1,219.565217,143.304348
959,1,235.120000,151.960000
960,1,26.666667,154.208333
965,1,45.520000,143.800000
967,1,59.384615,153.615385
968,1,61.272727,156.681818
971,1,77.304348,153.826087
972,1,76.208333,153.583333
973,1,92.892857,147.785714
975,1,99.320000,151.040000
976,1,104.846154,143.500000
980,1,129.000000,140.583333
981,1,120.260870,150.000000
985,1,126.000000,138.666667
986,1,155.000000,149.739130
987,1,148.041667,145.041667
989,1,175.807692,155.730769
991,1,171.000000,157.680000
992,1,179.076923,148.692308
993,1,176.518519,151.703704
996,1,206.040000,147.040000
997,1,222.280000,153.000000
998,1,222.916667,170.791667
999,1,214.040000,150.640000
1000,1,221.708333,156.583333
1001,1,222.000000,155.000000
1002,1,227.304348,150.521739
1003,1,234.730769,150.807692
1005,1,29.000000,157.153846
1007,1,39.791667,160.291667
1011,1,58.875000,151.291667
1012,1,62.360000,162.800000
1013,1,60.478261,168.391304
1015,1,73.692308,161.115385
1018,1,93.800000,158.880000
1019,1,98.962963,151.222222
1021,1,113.115385,163.153846
1024,1,125.692308,158.961538
1025,1,125.521739,158.695652
1031,1,158.153846,151.500000
1033,1,168.040000,152.840000
1038,1,189.750000,153.392857
1040,1,205.407407,151.407407
1043,1,216.560000,162.320000
1044,1,226.791667,160.000000
1045,1,213.916667,155.625000
1046,1,231.923077,149.423077
1047,1,233.307692,162.576923
1049,1,31.296296,160.666667
1051,1,51.818182,164.318182
1052,1,51.230769,161.884615
1055,1,62.291667,153.000000
1056,1,65.869565,173.086957
1057,1,84.500000,176.666667
1058,1,69.961538,169.730769
1061,1,92.640000,154.560000
1063,1,107.375000,159.083333
1064,1,99.185185,156.777778
1065,1,118.500000,160.125000
1066,1,110.217391,170.260870
1067,1,123.040000,163.960000
1071,1,150.538462,164.269231
1072,1,157.041667,161.458333
1073,1,146.884615,161.538462
1074,1,154.833333,158.375000
1076,1,166.347826,157.956522
1079,1,188.200000,157.840000
1080,1,184.750000,168.678571
1085,1,209.160000,162.960000
1086,1,214.923077,159.230769
1088,1,211.782609,165.869565
1089,1,232.296296,157.888889
1090,1,225.130435,167.652174
1094,1,48.640000,170.440000
1095,1,44.730769,165.500000
1096,1,63.000000,167.925926
1097,1,56.520000,165.560000
1098,1,72.961538,165.961538
1100,1,76.730769,171.346154
1102,1,79.346154,161.923077
1104,1,93.750000,161.583333
1108,1,102.370370,173.370370
1111,1,139.384615,177.538462
1113,1,142.869565,156.652174
1114,1,140.280000,166.760000
1115,1,145.296296,168.259259
1116,1,145.653846,162.346154
1117,1,157.120000,167.600000
1120,1,169.958333,169.833333
1122,1,187.840000,164.600000
1123,1,183.840000,168.600000
1128,1,218.000000,164.923077
1129,1,217.083333,168.875000
1130,1,227.040000,172.520000
1131,1,215.769231,174.230769
1133,1,33.640000,170.800000
1134,1,30.583333,175.416667
1136,1,35.304348,175.608696
1137,1,47.730769,166.769231
1138,1,47.166667,178.750000
1141,1,68.111111,172.740741
1142,1,78.791667,167.250000
1143,1,82.230769,167.538462
1144,1,86.192308,171.192308
1147,1,102.000000,173.043478
1148,1,114.760000,175.200000
1149,1,98.428571,176.535714
1150,1,113.086957,170.695652
1152,1,122.461538,176.115385
1154,1,131.833333,178.333333
1156,1,139.833333,181.708333
1158,1,147.200000,159.680000
1159,1,151.760000,168.040000
1161,1,164.500000,171.423077
1162,1,177.080000,170.480000
1163,1,185.920000,174.320000
1166,1,196.440000,171.960000
1167,1,193.181818,174.500000
1172,1,218.875000,181.041667
1173,1,228.461538,156.730769
1175,1,36.040000,178.880000
1177,1,42.720000,162.840000
1182,1,66.160000,166.640000
1186,1,87.173913,185.869565
1187,1,86.416667,173.500000
1189,1,96.782609,173.521739
1190,1,106.576923,174.423077
1192,1,111.760000,177.720000
1193,1,119.740741,180.074074
1194,1,125.708333,179.500000
1195,1,132.600000,176.640000
1196,1,139.120000,171.280000
1201,1,160.592593,175.518519
1203,1,170.750000,171.833333
1205,1,179.913043,175.913043
1207,1,196.120000,182.200000
1208,1,196.214286,177.464286
1209,1,189.814815,171.851852
1212,1,217.384615,177.615385
1213,1,224.260870,179.260870
1214,1,221.958333,162.625000
1215,1,30.208333,173.500000
1218,1,47.961538,183.115385
1219,1,43.400000,177.240000
1223,1,79.888889,183.851852
1224,1,84.083333,187.583333
1225,1,87.280000,182.600000
1226,1,85.916667,177.750000
1228,1,105.320000,168.120000
1229,1,105.136364,174.227273
1231,1,108.782609,189.000000
1232,1,113.565217,183.478261
1234,1,127.869565,175.739130
1237,1,138.440000,173.320000
1239,1,149.666667,181.958333
1240,1,162.120000,178.960000
1241,1,172.958333,187.833333
1242,1,168.583333,193.291667
1243,1,170.407407,177.703704
1247,1,191.481481,185.333333
1248,1,191.041667,180.166667
1251,1,211.880000,178.240000
1252,1,208.083333,181.625000
1253,1,223.000000,175.416667
1254,1,229.653846,177.730769
1255,1,35.680000,187.640000
1259,1,58.040000,186.360000
1260,1,72.166667,174.625000
1261,1,69.346154,191.615385
1264,1,79.680000,181.160000
1270,1,116.782609,191.217391
1271,1,110.347826,195.000000
1273,1,124.920000,191.160000
1276,1,142.642857,187.178571
1277,1,147.423077,184.961538
1281,1,163.038462,198.115385
1282,1,165.230769,183.615385
1283,1,175.074074,183.444444
1285,1,190.035714,191.678571
1288,1,209.043478,192.260870
1291,1,216.423077,183.346154
1293,1,40.208333,186.250000
1294,1,43.173913,192.521739
1296,1,53.625000,184.291667
1300,1,69.555556,187.592593
1303,1,96.076923,193.500000
1304,1,89.869565,191.652174
1305,1,92.360000,189.480000
1306,1,103.750000,196.041667
1307,1,103.608696,192.000000
1308,1,115.240000,182.720000
1310,1,119.791667,196.833333
1311,1,121.653846,190.076923
1313,1,152.538462,198.923077
1315,1,156.846154,191.192308
1317,1,158.560000,199.600000
1318,1,161.280000,187.560000
1319,1,169.791667,184.208333
1320,1,175.125000,198.791667
1321,1,174.208333,187.875000
1324,1,192.230769,195.115385
1327,1,213.041667,196.333333
1328,1,214.080000,185.920000
1329,1,217.291667,188.291667
1332,1,43.222222,190.277778
1333,1,53.115385,199.500000
1334,1,60.000000,196.680000
1337,1,69.840000,195.200000
1341,1,90.608696,196.173913
1342,1,96.720000,197.440000
1344,1,112.880000,189.440000
1346,1,111.375000,204.083333
1347,1,123.173913,194.869565
1352,1,163.000000,195.280000
1353,1,147.346154,193.730769
1354,1,149.541667,196.666667
1356,1,159.666667,193.375000
1359,1,183.208333,196.458333
1360,1,187.560000,196.600000
1361,1,191.250000,191.958333
1364,1,213.173913,189.391304
1365,1,216.884615,196.576923
1370,1,58.666667,200.041667
1378,1,96.090909,213.227273
1380,1,108.260870,194.913043
1381,1,114.083333,199.083333
1384,1,134.931034,201.241379
1385,1,135.076923,205.461538
1386,1,143.440000,203.240000
1387,1,144.727273,208.863636
1389,1,150.680000,203.320000
1391,1,176.884615,205.307692
1392,1,169.269231,198.846154
1394,1,172.115385,202.038462
1398,1,211.791667,198.166667
1402,1,61.480000,201.400000
1403,1,63.480000,207.040000
1406,1,72.200000,210.960000
1407,1,93.600000,207.360000
1408,1,85.375000,220.958333
1409,1,94.518519,212.000000
1410,1,104.640000,193.960000
1411,1,109.000000,212.285714
1413,1,112.080000,208.960000
1414,1,114.680000,198.480000
1415,1,119.185185,202.407407
1418,1,137.538462,202.730769
1419,1,142.680000,197.840000
1420,1,141.541667,201.875000
1422,1,152.080000,194.640000
1424,1,166.111111,188.962963
1427,1,178.320000,212.560000
1430,1,199.400000,209.520000
1431,1,202.434783,204.869565
1432,1,207.880000,196.760000
1433,1,65.909091,209.409091
1434,1,64.750000,215.291667
1436,1,73.869565,218.956522
1437,1,69.366667,215.333333
1438,1,79.750000,213.958333
1439,1,81.086957,204.521739
1441,1,92.200000,219.000000
1443,1,116.000000,206.625000
1444,1,110.370370,214.666667
1445,1,119.227273,208.818182
1446,1,115.434783,213.956522
1450,1,152.423077,203.807692
1454,1,164.416667,225.250000
1456,1,171.920000,207.760000
1457,1,166.777778,209.148148
1458,1,190.615385,212.653846
1460,1,199.125000,203.666667
1463,1,74.960000,215.680000
1464,1,65.391304,218.695652
1465,1,79.625000,217.583333
1467,1,87.400000,214.040000
1468,1,87.538462,212.076923
1469,1,94.956522,222.260870
1471,1,95.153846,216.076923
1472,1,107.250000,212.333333
1475,1,122.136364,212.727273
1477,1,133.600000,214.720000
1478,1,135.782609,216.739130
1480,1,140.080000,208.560000
1483,1,158.846154,221.000000
1486,1,182.782609,212.565217
1489,1,195.541667,208.125000
1490,1,188.250000,211.208333
1491,1,78.480000,209.280000
1492,1,79.833333,221.458333
1493,1,82.720000,218.840000
1494,1,80.041667,210.125000
1496,1,89.280000,222.000000
1497,1,101.428571,209.904762
1498,1,103.739130,218.782609
1500,1,109.791667,227.375000
1502,1,122.809524,216.666667
1503,1,124.846154,222.346154
1510,1,163.269231,220.115385
1511,1,177.653846,222.384615
1512,1,173.000000,211.137931
1513,1,175.000000,216.240000
1515,1,189.208333,217.958333
1520,1,101.280000,214.640000
1523,1,114.360000,228.640000
1524,1,123.500000,232.666667
1526,1,128.925926,225.370370
1527,1,128.821429,234.750000
1529,1,143.480000,224.760000
1531,1,147.666667,230.541667
1532,1,157.280000,226.440000
1534,1,166.680000,220.000000
1536,1,170.500000,225.884615
1540,1,93.916667,223.333333
1542,1,107.869565,233.391304
1545,1,116.307692,236.615385
1546,1,120.000000,236.576923
1547,1,127.769231,227.153846
1548,1,143.000000,229.347826
1550,1,145.083333,237.416667
1551,1,156.153846,228.307692
1552,1,142.363636,233.045455
1553,1,150.347826,227.565217
1554,1,155.363636,230.181818
1555,1,167.520000,225.840000
1557,1,93.840000,228.760000
1560,1,111.521739,236.217391
1561,1,117.703704,229.888889
1562,1,122.217391,224.565217
1563,1,125.851852,231.222222
1564,1,123.727273,232.000000
1566,1,139.307692,235.153846
1567,1,147.416667,232.791667
1568,1,151.291667,234.958333
1569,1,155.576923,235.923077
