ID,type,x COM, y COM
2,2,105.583333,23.958333
6,2,125.809524,23.285714
7,2,135.160000,26.560000
8,2,138.840000,23.560000
9,2,142.434783,22.956522
11,2,153.043478,22.695652
14,2,94.130435,27.478261
17,2,110.640000,28.720000
19,2,114.227273,32.181818
20,2,123.666667,29.125000
21,2,127.640000,26.440000
24,2,142.045455,28.272727
25,2,146.434783,26.695652
26,2,150.625000,26.875000
27,2,154.320000,30.840000
28,2,161.600000,23.400000
29,2,165.521739,28.608696
30,2,169.740741,26.703704
31,2,75.041667,32.875000
34,2,88.681818,29.772727
35,2,93.000000,31.892857
36,2,98.925926,31.037037
38,2,109.000000,34.500000
40,2,121.960000,33.160000
41,2,127.666667,31.925926
42,2,131.961538,29.461538
45,2,146.260870,32.000000
46,2,150.695652,33.000000
47,2,159.370370,31.962963
48,2,161.090909,27.727273
49,2,165.153846,33.076923
50,2,171.250000,31.333333
51,2,176.080000,32.480000
52,2,184.423077,34.692308
53,2,71.964286,37.535714
57,2,93.857143,37.523810
58,2,98.782609,38.521739
59,2,98.458333,34.916667
61,2,110.208333,37.791667
63,2,124.227273,38.045455
65,2,131.380952,34.523810
67,2,143.238095,37.333333
68,2,147.952381,36.476190
70,2,156.037037,36.296296
73,2,175.136364,36.909091
74,2,179.590909,36.727273
75,2,184.280000,39.560000
77,2,189.520000,34.320000
78,2,59.458333,43.041667
80,2,72.727273,42.272727
82,2,82.160000,45.120000
83,2,86.000000,42.730769
86,2,104.615385,40.192308
87,2,109.857143,42.571429
89,2,114.080000,45.600000
90,2,118.458333,43.083333
91,2,123.038462,43.461538
94,2,143.217391,42.695652
95,2,147.423077,40.846154
96,2,149.916667,45.208333
97,2,157.480000,42.160000
103,2,186.880000,43.840000
105,2,193.250000,42.916667
106,2,57.173913,46.782609
110,2,77.423077,46.576923
111,2,87.400000,48.000000
113,2,92.360000,46.240000
117,2,114.240000,52.120000
122,2,140.347826,46.826087
124,2,145.375000,46.875000
126,2,153.916667,46.125000
128,2,170.409091,46.181818
132,2,186.750000,52.166667
133,2,194.888889,46.407407
135,2,199.920000,46.560000
136,2,55.520000,51.960000
138,2,64.791667,52.083333
140,2,75.230769,54.269231
141,2,76.370370,58.592593
143,2,90.818182,51.136364
144,2,95.360000,51.200000
145,2,93.120000,56.040000
147,2,107.272727,50.954545
148,2,110.285714,53.357143
150,2,122.583333,55.666667
157,2,157.678571,52.642857
160,2,171.480000,52.040000
161,2,175.269231,51.346154
163,2,190.160000,48.040000
165,2,195.916667,50.666667
167,2,205.346154,51.307692
168,2,48.304348,59.652174
169,2,53.840000,56.440000
170,2,58.571429,57.571429
172,2,62.800000,56.560000
175,2,81.272727,56.045455
176,2,86.800000,56.160000
178,2,97.772727,56.545455
183,2,125.760000,58.760000
185,2,129.304348,59.782609
186,2,133.458333,64.041667
187,2,140.192308,56.692308
190,2,156.296296,56.740741
193,2,174.260870,56.826087
195,2,182.840000,55.280000
196,2,185.428571,58.357143
198,2,197.714286,53.380952
200,2,207.850000,55.700000
203,2,44.583333,60.375000
204,2,51.884615,62.307692
205,2,55.000000,62.000000
208,2,74.120000,65.640000
209,2,77.888889,63.111111
210,2,82.680000,61.280000
211,2,87.962963,59.814815
213,2,94.666667,64.142857
215,2,106.083333,65.333333
218,2,121.160000,61.400000
219,2,127.458333,64.208333
220,2,136.520000,60.680000
223,2,148.800000,62.800000
224,2,153.076923,60.307692
225,2,158.360000,61.560000
229,2,176.125000,62.958333
230,2,179.909091,61.727273
231,2,183.217391,63.695652
235,2,207.789474,64.421053
236,2,209.200000,60.440000
243,2,69.428571,64.000000
245,2,78.520000,68.800000
248,2,92.391304,65.739130
251,2,110.833333,69.375000
253,2,118.857143,67.142857
256,2,132.269231,68.384615
257,2,137.750000,67.125000
260,2,153.888889,66.814815
261,2,158.083333,65.916667
262,2,162.652174,66.782609
263,2,167.041667,70.458333
264,2,167.375000,65.666667
265,2,174.538462,71.269231
267,2,183.608696,67.434783
269,2,194.583333,67.916667
270,2,199.625000,67.875000
278,2,49.409091,77.772727
279,2,55.920000,71.720000
283,2,75.640000,71.880000
284,2,82.130435,71.217391
286,2,87.307692,70.961538
287,2,92.619048,70.523810
289,2,106.166667,70.666667
291,2,118.769231,74.384615
292,2,123.615385,71.730769
293,2,128.916667,73.875000
294,2,132.954545,74.772727
295,2,137.076923,73.576923
296,2,140.629630,71.481481
297,2,144.960000,72.240000
299,2,156.409091,71.818182
300,2,161.541667,71.000000
301,2,169.391304,73.782609
302,2,171.720000,68.840000
311,2,216.391304,76.521739
312,2,220.840000,73.120000
313,2,35.076923,76.000000
315,2,40.541667,77.791667
316,2,44.291667,73.041667
318,2,55.320000,77.240000
319,2,59.928571,74.750000
321,2,72.760000,74.560000
325,2,92.800000,74.840000
328,2,106.925926,76.222222
331,2,121.708333,77.375000
332,2,125.458333,77.541667
336,2,144.038462,78.307692
337,2,147.760000,76.200000
339,2,161.739130,74.826087
341,2,169.038462,77.423077
345,2,193.826087,76.521739
346,2,197.640000,72.640000
347,2,197.954545,78.318182
348,2,210.750000,78.375000
349,2,211.954545,73.181818
350,2,215.080000,80.560000
354,2,35.541667,80.875000
355,2,43.208333,81.791667
356,2,47.080000,81.160000
358,2,56.461538,82.692308
359,2,60.760000,81.040000
361,2,72.680000,81.000000
362,2,76.560000,80.760000
363,2,81.478261,85.086957
365,2,92.480000,79.760000
366,2,96.130435,84.608696
369,2,109.000000,82.916667
375,2,142.166667,82.250000
378,2,159.190476,82.761905
380,2,164.840000,82.400000
381,2,169.782609,81.043478
382,2,177.925926,81.148148
389,2,214.173913,84.869565
390,2,219.045455,84.454545
391,2,221.739130,81.347826
393,2,28.400000,90.120000
395,2,39.480000,84.000000
397,2,43.809524,86.761905
399,2,58.913043,86.478261
401,2,69.000000,87.600000
404,2,83.814815,89.222222
405,2,87.800000,87.120000
406,2,92.333333,84.703704
409,2,112.740741,85.925926
410,2,115.863636,89.454545
411,2,117.954545,86.000000
416,2,144.192308,86.230769
420,2,162.400000,86.240000
421,2,167.357143,87.142857
422,2,173.708333,81.375000
423,2,177.782609,87.260870
424,2,182.250000,85.375000
425,2,186.545455,86.681818
427,2,199.608696,86.913043
428,2,203.846154,87.692308
429,2,209.333333,85.416667
432,2,218.916667,88.916667
433,2,224.409091,86.454545
434,2,230.458333,86.500000
436,2,32.782609,90.434783
438,2,44.538462,92.884615
439,2,48.120000,95.040000
440,2,53.041667,92.583333
441,2,57.458333,90.666667
444,2,72.318182,88.454545
445,2,77.090909,88.818182
447,2,87.160000,93.720000
448,2,91.720000,90.480000
449,2,96.192308,91.846154
450,2,107.500000,87.000000
453,2,121.115385,90.615385
455,2,129.958333,92.125000
456,2,129.375000,97.625000
458,2,142.750000,93.250000
463,2,165.875000,91.375000
464,2,174.375000,88.000000
465,2,178.916667,92.416667
466,2,182.321429,91.035714
473,2,217.370370,93.000000
474,2,225.500000,89.772727
476,2,235.000000,90.000000
479,2,37.869565,98.826087
480,2,42.500000,98.375000
482,2,51.565217,97.695652
485,2,67.291667,99.333333
489,2,87.076923,98.884615
490,2,91.727273,95.863636
495,2,114.739130,93.391304
496,2,120.541667,95.208333
497,2,124.200000,99.160000
499,2,137.962963,103.185185
501,2,146.928571,97.357143
504,2,168.653846,94.884615
509,2,186.120000,96.560000
510,2,191.750000,96.791667
511,2,195.080000,99.720000
512,2,200.840000,96.520000
515,2,220.272727,96.454545
517,2,225.600000,99.800000
519,2,236.555556,94.888889
520,2,23.080000,99.840000
521,2,27.190476,101.047619
522,2,33.037037,99.629630
523,2,37.703704,103.592593
526,2,55.240000,103.600000
528,2,63.260870,101.304348
530,2,68.521739,103.695652
532,2,82.909091,100.272727
533,2,87.272727,103.863636
537,2,107.958333,98.416667
538,2,111.000000,102.520000
539,2,115.541667,99.458333
540,2,119.000000,100.750000
544,2,142.500000,98.500000
545,2,147.680000,103.080000
546,2,152.153846,102.115385
550,2,171.800000,102.040000
551,2,177.608696,101.260870
552,2,183.086957,102.347826
553,2,188.040000,100.040000
554,2,191.120000,103.400000
555,2,197.280000,104.040000
556,2,200.521739,101.434783
558,2,211.800000,104.720000
559,2,215.500000,99.875000
560,2,221.076923,100.538462
561,2,229.240000,101.680000
564,2,22.880000,104.520000
567,2,37.653846,109.846154
570,2,53.000000,107.173913
571,2,58.291667,108.750000
572,2,62.640000,106.040000
573,2,65.761905,109.190476
574,2,70.045455,107.272727
576,2,80.833333,104.708333
577,2,84.800000,107.680000
578,2,90.461538,108.538462
583,2,114.909091,104.818182
584,2,119.304348,108.130435
587,2,141.307692,107.884615
588,2,143.423077,103.961538
589,2,147.360000,108.400000
590,2,152.250000,107.833333
591,2,156.153846,105.653846
592,2,159.608696,108.000000
594,2,173.227273,110.909091
595,2,176.375000,104.958333
596,2,180.760000,107.120000
599,2,202.320000,106.440000
601,2,206.961538,108.192308
602,2,212.760000,109.080000
603,2,217.961538,104.307692
604,2,224.840000,105.280000
605,2,227.800000,107.920000
606,2,233.480000,106.960000
609,2,27.000000,111.173913
610,2,29.772727,115.090909
612,2,40.125000,115.208333
613,2,45.400000,112.040000
614,2,51.000000,112.304348
615,2,55.576923,112.769231
620,2,82.480000,112.440000
625,2,105.888889,113.074074
626,2,110.320000,111.320000
627,2,115.000000,109.000000
631,2,137.583333,110.583333
632,2,143.357143,113.678571
633,2,147.384615,113.961538
634,2,151.892857,113.321429
635,2,156.461538,112.653846
636,2,162.400000,111.560000
639,2,177.500000,111.291667
641,2,188.320000,112.560000
643,2,194.200000,107.800000
645,2,206.826087,113.130435
646,2,212.000000,113.320000
648,2,221.576923,109.961538
649,2,226.600000,112.400000
650,2,232.730769,111.384615
651,2,238.260870,110.173913
653,2,28.708333,118.875000
658,2,52.958333,117.958333
659,2,57.600000,117.240000
660,2,62.153846,118.807692
662,2,76.280000,117.080000
664,2,80.800000,118.320000
665,2,85.884615,117.346154
668,2,103.857143,117.750000
671,2,113.615385,114.307692
675,2,139.916667,115.375000
678,2,153.120000,118.560000
680,2,162.875000,114.875000
681,2,168.043478,116.000000
682,2,172.500000,115.538462
683,2,177.391304,116.521739
684,2,181.958333,118.750000
686,2,196.080000,117.240000
688,2,201.961538,116.692308
690,2,215.304348,117.913043
691,2,217.500000,114.727273
692,2,222.040000,115.560000
693,2,225.000000,120.076923
694,2,229.080000,115.680000
696,2,23.760000,119.320000
697,2,27.440000,123.400000
700,2,41.217391,123.739130
701,2,47.692308,128.076923
703,2,58.440000,122.400000
705,2,66.080000,119.760000
706,2,71.090909,120.909091
707,2,75.833333,122.250000
713,2,105.038462,122.384615
716,2,122.565217,117.391304
717,2,124.956522,125.391304
718,2,127.962963,120.037037
720,2,140.730769,120.076923
722,2,154.000000,123.875000
727,2,177.148148,121.333333
731,2,196.285714,121.821429
732,2,201.000000,122.727273
733,2,204.962963,121.592593
734,2,210.720000,120.600000
736,2,221.666667,125.166667
740,2,21.961538,126.038462
741,2,30.500000,127.500000
746,2,50.800000,131.480000
748,2,62.833333,128.458333
752,2,82.000000,122.500000
753,2,84.083333,127.708333
756,2,102.090909,125.500000
757,2,105.360000,128.440000
758,2,110.240000,125.480000
761,2,130.041667,123.500000
766,2,149.960000,127.600000
767,2,156.880000,127.400000
768,2,161.920000,126.720000
769,2,170.640000,127.480000
775,2,196.920000,127.120000
776,2,201.086957,127.565217
781,2,226.400000,125.560000
782,2,231.391304,127.565217
783,2,235.318182,125.363636
785,2,27.041667,132.333333
786,2,31.520000,132.200000
787,2,35.782609,128.478261
789,2,47.520000,134.880000
791,2,58.000000,127.478261
792,2,60.760000,132.000000
793,2,68.347826,129.347826
794,2,67.592593,133.148148
800,2,104.160000,132.080000
801,2,107.166667,136.250000
802,2,109.960000,131.400000
807,2,135.125000,133.041667
809,2,146.440000,132.600000
810,2,151.818182,132.227273
814,2,176.461538,133.500000
816,2,181.652174,134.391304
820,2,201.111111,131.962963
821,2,207.583333,130.916667
822,2,212.346154,132.000000
825,2,225.857143,129.380952
826,2,227.730769,132.576923
829,2,24.000000,138.000000
830,2,30.280000,136.920000
831,2,35.576923,135.423077
832,2,40.695652,136.739130
833,2,44.961538,140.000000
834,2,49.640000,139.200000
835,2,58.160000,135.960000
837,2,68.809524,137.428571
840,2,78.333333,140.708333
844,2,102.166667,137.416667
852,2,144.153846,137.576923
854,2,153.192308,138.461538
855,2,155.625000,132.000000
857,2,168.272727,134.318182
858,2,173.346154,137.692308
861,2,186.000000,141.130435
862,2,186.480000,136.600000
864,2,203.240000,136.920000
868,2,227.304348,137.086957
870,2,233.520000,136.000000
871,2,236.181818,139.590909
872,2,24.000000,143.086957
873,2,27.956522,141.652174
874,2,32.653846,141.000000
876,2,40.692308,144.500000
878,2,55.000000,143.956522
879,2,55.260870,139.086957
881,2,66.461538,140.692308
884,2,82.727273,139.863636
888,2,105.695652,140.695652
890,2,114.846154,145.230769
893,2,127.041667,144.750000
895,2,132.280000,142.080000
897,2,148.782609,136.826087
900,2,162.260870,141.608696
902,2,170.500000,142.000000
903,2,176.000000,142.000000
907,2,199.708333,137.416667
908,2,200.869565,142.826087
909,2,205.695652,141.000000
911,2,218.500000,144.208333
912,2,221.520000,142.760000
913,2,226.291667,142.041667
915,2,235.680000,143.920000
917,2,24.464286,147.035714
918,2,31.208333,146.250000
919,2,35.791667,145.958333
922,2,53.800000,147.040000
924,2,61.400000,148.720000
925,2,67.884615,144.807692
926,2,72.692308,144.615385
928,2,83.592593,145.814815
932,2,102.208333,145.375000
933,2,108.740741,143.888889
935,2,116.208333,148.791667
937,2,127.217391,149.000000
938,2,133.640000,146.520000
940,2,145.083333,148.250000
942,2,153.120000,143.640000
943,2,157.476190,144.619048
944,2,161.080000,147.280000
945,2,164.920000,145.680000
947,2,174.480000,149.200000
949,2,190.541667,151.250000
953,2,203.250000,146.708333
954,2,209.090909,146.318182
957,2,225.047619,146.428571
958,2,229.869565,144.869565
961,2,31.000000,151.240000
962,2,35.608696,150.434783
966,2,55.350000,152.450000
967,2,58.727273,150.909091
968,2,64.652174,153.608696
969,2,66.240000,149.040000
971,2,78.083333,153.125000
972,2,83.500000,151.166667
973,2,88.192308,150.000000
974,2,91.960000,151.000000
980,2,122.043478,153.826087
981,2,126.956522,154.869565
982,2,132.538462,150.884615
984,2,144.416667,152.666667
988,2,156.304348,149.173913
990,2,172.173913,154.217391
992,2,177.760000,152.080000
994,2,189.250000,154.291667
995,2,197.037037,154.185185
996,2,201.875000,152.500000
997,2,205.565217,149.782609
999,2,219.681818,149.363636
1003,2,237.086957,147.739130
1006,2,36.125000,155.708333
1007,2,38.750000,158.041667
1008,2,39.960000,162.200000
1009,2,44.545455,156.590909
1011,2,58.521739,161.565217
1013,2,67.869565,156.173913
1014,2,73.083333,155.458333
1017,2,83.217391,156.086957
1018,2,87.760000,155.720000
1022,2,113.681818,159.363636
1023,2,117.695652,154.434783
1027,2,135.636364,156.318182
1028,2,141.560000,156.960000
1029,2,147.095238,157.809524
1030,2,149.869565,155.478261
1032,2,161.037037,158.037037
1033,2,168.360000,154.880000
1034,2,172.208333,159.083333
1035,2,178.884615,156.615385
1036,2,183.130435,160.043478
1037,2,182.480000,154.080000
1038,2,188.142857,157.428571
1039,2,195.173913,157.521739
1044,2,219.217391,156.652174
1045,2,228.240000,157.880000
1047,2,236.777778,153.333333
1051,2,44.545455,160.227273
1052,2,45.500000,165.500000
1055,2,62.541667,159.041667
1056,2,66.760000,160.880000
1058,2,80.071429,160.750000
1059,2,84.000000,164.916667
1060,2,84.608696,160.434783
1061,2,89.875000,161.125000
1065,2,111.200000,164.520000
1066,2,116.478261,163.608696
1067,2,119.458333,158.791667
1068,2,123.346154,163.000000
1069,2,135.040000,160.880000
1072,2,146.884615,162.307692
1073,2,151.086957,162.652174
1074,2,154.260870,160.478261
1075,2,157.720000,162.600000
1077,2,169.857143,163.047619
1078,2,177.269231,160.115385
1080,2,188.833333,160.750000
1081,2,194.250000,161.583333
1085,2,209.521739,163.217391
1088,2,227.840000,162.720000
1091,2,29.521739,166.608696
1092,2,33.040000,168.840000
1093,2,36.800000,166.120000
1094,2,41.208333,167.000000
1096,2,49.636364,162.045455
1097,2,57.958333,166.000000
1098,2,64.541667,165.041667
1101,2,77.740741,165.370370
1103,2,88.500000,166.272727
1106,2,100.192308,171.730769
1107,2,107.192308,164.153846
1110,2,120.250000,166.458333
1112,2,132.782609,167.130435
1113,2,136.458333,166.541667
1114,2,142.363636,172.090909
1115,2,148.083333,167.458333
1116,2,152.360000,168.080000
1118,2,162.416667,162.916667
1119,2,166.346154,165.038462
1121,2,174.600000,164.640000
1123,2,186.000000,164.086957
1127,2,209.000000,168.000000
1130,2,227.692308,167.000000
1134,2,29.260870,173.043478
1135,2,38.521739,171.000000
1138,2,50.640000,166.560000
1142,2,71.560000,171.640000
1143,2,76.625000,169.625000
1144,2,83.904762,173.952381
1150,2,108.555556,169.481481
1151,2,117.640000,175.360000
1152,2,121.625000,171.875000
1157,2,147.346154,172.884615
1158,2,152.217391,172.608696
1159,2,162.115385,167.923077
1161,2,165.400000,171.840000
1163,2,175.230769,169.653846
1167,2,196.454545,175.681818
1168,2,199.461538,171.730769
1170,2,209.692308,173.576923
1172,2,223.760000,170.680000
1180,2,58.714286,179.214286
1182,2,65.080000,177.200000
1183,2,69.080000,175.320000
1187,2,88.541667,175.916667
1188,2,99.041667,175.958333
1191,2,110.958333,174.541667
1194,2,126.250000,179.791667
1195,2,129.400000,178.150000
1197,2,143.269231,177.769231
1198,2,148.695652,178.000000
1199,2,153.166667,177.500000
1202,2,167.333333,177.166667
1205,2,181.583333,173.583333
1206,2,185.083333,177.916667
1207,2,193.869565,171.913043
1211,2,212.629630,178.037037
1215,2,31.590909,179.545455
1217,2,40.720000,183.680000
1219,2,52.217391,179.347826
1221,2,64.653846,182.461538
1226,2,88.961538,180.500000
1227,2,93.320000,179.560000
1228,2,96.875000,180.708333
1232,2,117.640000,180.240000
1233,2,121.920000,179.440000
1237,2,140.291667,183.041667
1239,2,149.240000,184.560000
1240,2,153.875000,182.708333
1242,2,170.115385,181.384615
1245,2,182.583333,181.375000
1251,2,215.086957,182.478261
1252,2,217.166667,175.666667
1253,2,220.238095,183.523810
1255,2,35.666667,184.500000
1257,2,50.500000,187.363636
1258,2,52.320000,182.680000
1260,2,60.500000,188.083333
1262,2,73.961538,186.615385
1263,2,78.720000,185.760000
1264,2,82.480000,187.880000
1265,2,86.862069,188.344828
1269,2,102.961538,186.884615
1271,2,122.960000,185.720000
1273,2,127.000000,185.653846
1274,2,131.916667,188.833333
1275,2,134.880000,187.280000
1278,2,153.160000,188.000000
1280,2,158.714286,184.821429
1281,2,166.217391,185.608696
1282,2,170.739130,185.826087
1283,2,178.782609,185.260870
1284,2,181.666667,188.083333
1285,2,185.695652,188.391304
1286,2,189.692308,185.961538
1293,2,38.875000,188.666667
1295,2,47.500000,191.041667
1296,2,52.541667,192.000000
1297,2,57.269231,190.923077
1299,2,64.875000,188.125000
1301,2,77.120000,191.040000
1302,2,79.480000,195.160000
1306,2,102.592593,193.074074
1307,2,106.320000,191.160000
1309,2,119.217391,185.652174
1311,2,127.560000,190.680000
1312,2,132.384615,194.423077
1314,2,143.560000,191.760000
1315,2,148.640000,191.920000
1316,2,154.250000,193.250000
1317,2,157.391304,190.478261
1319,2,165.869565,190.826087
1320,2,171.115385,190.346154
1322,2,181.320000,192.880000
1330,2,218.440000,192.920000
1333,2,55.800000,195.520000
1337,2,74.130435,194.739130
1338,2,76.769231,200.653846
1339,2,82.040000,199.080000
1340,2,90.000000,197.391304
1341,2,94.545455,195.909091
1343,2,104.185185,198.666667
1346,2,115.961538,197.538462
1350,2,138.347826,192.826087
1352,2,144.708333,197.125000
1354,2,155.461538,198.269231
1355,2,159.434783,196.521739
1356,2,164.125000,195.958333
1357,2,169.153846,195.076923
1360,2,186.185185,194.370370
1362,2,199.545455,202.000000
1364,2,207.363636,197.318182
1366,2,214.500000,197.818182
1367,2,48.360000,201.320000
1368,2,52.666667,200.166667
1369,2,58.320000,200.120000
1371,2,67.347826,202.521739
1372,2,72.296296,203.592593
1373,2,79.500000,206.041667
1377,2,93.600000,200.680000
1379,2,107.826087,201.130435
1380,2,109.500000,204.136364
1381,2,115.916667,202.916667
1383,2,124.772727,200.727273
1385,2,136.409091,204.000000
1389,2,156.333333,203.809524
1390,2,161.200000,200.880000
1392,2,177.708333,201.625000
1393,2,180.750000,206.500000
1394,2,182.444444,198.629630
1397,2,197.095238,206.904762
1399,2,204.440000,202.200000
1400,2,210.130435,201.652174
1403,2,62.200000,204.560000
1404,2,64.708333,210.041667
1405,2,66.826087,206.391304
1407,2,83.125000,203.583333
1408,2,82.916667,209.291667
1412,2,105.740741,208.666667
1414,2,117.400000,206.720000
1415,2,122.160000,204.560000
1418,2,134.913043,208.130435
1419,2,140.440000,206.840000
1420,2,146.458333,204.791667
1421,2,152.956522,207.043478
1422,2,156.280000,210.600000
1423,2,161.538462,205.961538
1426,2,175.086957,205.086957
1428,2,189.478261,214.695652
1432,2,206.520000,206.160000
1436,2,70.269231,210.307692
1439,2,87.400000,212.240000
1440,2,93.217391,210.521739
1442,2,104.750000,213.500000
1445,2,120.791667,211.250000
1446,2,124.538462,208.807692
1447,2,127.259259,214.185185
1448,2,130.153846,209.846154
1449,2,136.458333,211.541667
1452,2,151.230769,212.884615
1453,2,160.200000,209.560000
1454,2,166.666667,208.208333
1457,2,177.416667,209.625000
1459,2,185.653846,210.000000
1462,2,202.695652,212.956522
1463,2,62.920000,216.800000
1464,2,71.304348,221.956522
1465,2,70.590909,214.772727
1466,2,77.409091,216.136364
1470,2,99.375000,220.625000
1471,2,100.625000,214.125000
1473,2,114.875000,217.500000
1475,2,122.280000,216.080000
1477,2,132.120000,215.640000
1479,2,136.708333,216.041667
1481,2,152.120000,218.040000
1482,2,157.680000,214.400000
1486,2,182.160000,220.120000
1488,2,184.869565,215.478261
1490,2,198.875000,217.125000
1491,2,67.200000,220.320000
1493,2,81.360000,219.120000
1494,2,84.391304,222.565217
1495,2,89.260870,222.608696
1497,2,94.360000,221.160000
1501,2,118.000000,217.619048
1502,2,121.166667,220.666667
1503,2,128.625000,223.250000
1505,2,139.600000,222.360000
1508,2,152.000000,222.416667
1509,2,156.238095,223.857143
1510,2,157.695652,218.260870
1511,2,170.272727,221.454545
1513,2,178.520000,222.240000
1514,2,184.080000,224.800000
1517,2,79.500000,224.115385
1518,2,84.041667,227.208333
1519,2,89.083333,227.875000
1520,2,93.333333,226.666667
1521,2,97.173913,225.782609
1522,2,101.125000,226.916667
1523,2,105.090909,228.045455
1524,2,111.304348,226.913043
1525,2,118.041667,225.666667
1528,2,129.333333,226.458333
1532,2,150.800000,226.640000
1533,2,159.615385,228.269231
1536,2,174.625000,222.541667
1539,2,87.652174,231.478261
1541,2,97.478261,231.304348
1544,2,115.153846,229.076923
1545,2,119.000000,231.800000
1546,2,123.791667,233.208333
1549,2,137.400000,232.000000
1550,2,141.304348,232.565217
1551,2,148.961538,231.769231
1553,2,160.521739,232.565217
1554,2,165.080000,231.520000
1557,2,100.120000,235.480000
1562,2,121.869565,237.173913
1563,2,128.739130,235.304348
1564,2,132.961538,235.346154
1565,2,138.192308,237.230769
1568,2,156.240000,236.280000
1570,2,161.619048,236.476190
1,1,103.652174,26.913043
3,1,114.000000,23.400000
4,1,120.608696,25.652174
5,1,117.666667,23.047619
10,1,146.769231,21.884615
12,1,156.500000,25.807692
13,1,88.500000,35.416667
15,1,99.190476,25.666667
16,1,111.608696,23.782609
18,1,114.653846,25.153846
22,1,136.956522,31.217391
23,1,136.541667,38.958333
32,1,80.807692,32.461538
33,1,85.153846,36.576923
37,1,104.476190,30.285714
39,1,118.307692,34.615385
43,1,136.916667,42.666667
44,1,140.807692,33.230769
54,1,81.192308,40.192308
55,1,79.916667,35.500000
56,1,92.434783,39.521739
60,1,105.080000,34.320000
62,1,118.461538,37.000000
64,1,130.045455,39.818182
66,1,137.416667,36.625000
69,1,153.038462,39.538462
71,1,163.750000,40.041667
72,1,169.360000,35.680000
76,1,180.760000,43.040000
79,1,67.875000,41.750000
81,1,76.961538,40.384615
84,1,90.541667,41.916667
85,1,102.807692,43.269231
88,1,114.416667,39.666667
92,1,131.130435,45.652174
93,1,132.391304,44.782609
98,1,161.920000,36.840000
99,1,161.166667,43.375000
100,1,169.375000,40.750000
101,1,177.444444,42.259259
102,1,184.120000,47.680000
104,1,189.607143,38.928571
107,1,64.695652,44.304348
108,1,70.045455,45.409091
109,1,74.120000,49.640000
112,1,80.758621,50.827586
114,1,100.043478,50.782609
115,1,102.576923,48.769231
116,1,98.440000,44.200000
118,1,121.652174,49.565217
119,1,118.480000,48.680000
120,1,126.720000,50.720000
121,1,128.583333,40.625000
123,1,138.541667,51.583333
125,1,152.240000,51.160000
127,1,159.043478,47.956522
129,1,165.208333,61.083333
130,1,169.769231,42.346154
131,1,175.956522,45.304348
134,1,203.080000,55.160000
137,1,59.833333,51.333333
139,1,64.600000,48.680000
142,1,85.000000,52.500000
146,1,108.384615,46.653846
149,1,117.653846,55.615385
151,1,132.960000,51.360000
152,1,126.318182,47.681818
153,1,134.400000,57.640000
154,1,143.920000,53.680000
155,1,138.086957,51.434783
156,1,148.928571,56.035714
158,1,162.583333,48.000000
159,1,167.714286,53.357143
162,1,178.916667,53.958333
164,1,190.880000,54.400000
166,1,200.346154,56.384615
171,1,64.826087,61.000000
173,1,68.461538,49.653846
174,1,71.440000,60.200000
177,1,94.166667,60.958333
179,1,103.259259,58.111111
180,1,105.541667,57.583333
181,1,105.238095,54.571429
182,1,114.840000,59.000000
184,1,129.259259,53.740741
188,1,148.360000,51.400000
189,1,142.769231,61.269231
191,1,162.185185,57.962963
192,1,165.230769,50.923077
194,1,179.807692,50.961538
197,1,189.346154,63.423077
199,1,203.680000,61.080000
201,1,213.000000,58.880000
202,1,46.320000,67.440000
206,1,59.000000,62.791667
207,1,69.538462,54.961538
212,1,104.413793,63.758621
214,1,100.240000,68.080000
216,1,115.307692,60.730769
217,1,110.125000,61.000000
221,1,147.565217,66.913043
222,1,142.800000,66.150000
226,1,169.120000,61.000000
227,1,165.541667,53.041667
228,1,173.500000,61.692308
232,1,196.160000,63.160000
233,1,194.444444,57.888889
234,1,199.434783,61.739130
237,1,218.000000,63.153846
238,1,47.600000,69.266667
239,1,55.269231,67.807692
240,1,50.260870,74.043478
241,1,66.142857,63.321429
242,1,62.041667,66.250000
244,1,69.846154,70.269231
246,1,83.880000,66.560000
247,1,87.840000,65.800000
249,1,98.800000,69.680000
250,1,101.000000,61.560000
252,1,114.083333,66.916667
254,1,122.173913,66.434783
255,1,127.703704,68.592593
258,1,144.481481,61.777778
259,1,150.666667,70.703704
266,1,178.920000,68.520000
268,1,191.925926,63.222222
271,1,212.086957,65.304348
272,1,217.153846,66.423077
273,1,205.869565,71.695652
274,1,213.360000,68.640000
275,1,37.840000,69.280000
276,1,41.583333,68.500000
277,1,48.320000,65.760000
280,1,64.217391,73.391304
281,1,68.000000,74.680000
282,1,62.703704,69.740741
285,1,86.440000,79.200000
288,1,98.000000,71.640000
290,1,114.346154,71.730769
298,1,151.260870,75.652174
303,1,185.346154,70.653846
304,1,187.038462,71.615385
305,1,190.320000,68.960000
306,1,188.222222,75.888889
307,1,188.040000,78.720000
308,1,206.291667,81.125000
309,1,202.458333,68.750000
310,1,206.923077,70.692308
314,1,40.640000,74.160000
317,1,51.571429,82.357143
320,1,68.384615,83.076923
322,1,79.720000,77.680000
323,1,80.791667,76.708333
324,1,87.181818,75.136364
326,1,99.541667,74.708333
327,1,102.200000,79.600000
329,1,110.384615,79.384615
330,1,113.370370,75.074074
333,1,132.178571,81.000000
334,1,134.560000,80.080000
335,1,138.961538,78.307692
338,1,162.541667,78.500000
340,1,157.160000,76.880000
342,1,178.307692,75.653846
343,1,179.296296,75.037037
344,1,188.583333,81.666667
351,1,218.880000,74.440000
352,1,225.083333,79.583333
353,1,32.291667,82.875000
357,1,51.846154,86.769231
360,1,66.320000,82.200000
364,1,86.346154,82.500000
367,1,102.800000,82.000000
368,1,99.461538,83.192308
370,1,117.500000,80.541667
371,1,120.074074,83.037037
372,1,127.653846,82.500000
373,1,131.120000,85.560000
374,1,136.166667,87.125000
376,1,148.307692,84.076923
377,1,149.520000,88.800000
379,1,154.370370,81.370370
383,1,184.280000,81.040000
384,1,191.375000,86.666667
385,1,194.375000,81.458333
386,1,204.086957,80.043478
387,1,202.461538,76.230769
388,1,204.080000,81.200000
392,1,226.304348,82.565217
394,1,31.240000,85.720000
396,1,39.791667,89.041667
398,1,48.384615,89.192308
400,1,62.250000,89.875000
402,1,64.703704,82.296296
403,1,76.636364,85.363636
407,1,99.423077,87.576923
408,1,104.458333,88.458333
412,1,125.320000,88.480000
413,1,125.538462,85.615385
414,1,139.800000,87.920000
415,1,135.666667,90.962963
417,1,146.400000,92.480000
418,1,156.230769,92.230769
419,1,155.076923,87.653846
426,1,201.380952,91.714286
430,1,209.416667,97.416667
431,1,212.600000,89.600000
435,1,31.130435,95.391304
437,1,37.076923,90.538462
442,1,59.444444,98.555556
443,1,68.080000,92.320000
446,1,78.545455,100.090909
451,1,110.238095,92.095238
452,1,102.250000,96.500000
454,1,125.238095,94.285714
457,1,134.083333,96.166667
459,1,151.708333,92.833333
460,1,152.600000,81.640000
461,1,160.125000,90.083333
462,1,160.370370,97.703704
467,1,187.730769,91.653846
468,1,194.708333,87.541667
469,1,194.125000,92.666667
470,1,199.478261,92.000000
471,1,207.846154,95.730769
472,1,212.560000,96.480000
475,1,231.120000,93.080000
477,1,27.434783,95.869565
478,1,38.083333,94.500000
481,1,46.166667,100.625000
483,1,57.038462,96.846154
484,1,63.370370,94.259259
486,1,78.615385,94.538462
487,1,71.833333,94.250000
488,1,81.769231,92.961538
491,1,96.720000,97.120000
492,1,103.321429,93.464286
493,1,102.681818,101.227273
494,1,110.500000,95.916667
498,1,132.375000,103.833333
500,1,137.730769,96.576923
502,1,153.250000,98.000000
503,1,161.600000,96.800000
505,1,165.740741,99.962963
506,1,176.863636,96.000000
507,1,171.444444,89.518519
508,1,181.208333,97.375000
513,1,204.500000,91.384615
514,1,206.000000,103.400000
516,1,223.636364,93.318182
518,1,227.750000,94.666667
524,1,48.375000,103.625000
525,1,41.347826,106.956522
527,1,57.095238,100.380952
529,1,73.178571,97.000000
531,1,75.769231,105.423077
534,1,93.208333,105.166667
535,1,92.250000,101.035714
536,1,97.680000,102.000000
541,1,124.083333,102.625000
542,1,134.000000,108.000000
543,1,132.653846,101.269231
547,1,159.000000,99.625000
548,1,163.666667,102.875000
549,1,166.240000,106.200000
557,1,207.720000,98.400000
562,1,232.760000,98.280000
563,1,236.400000,100.920000
565,1,32.192308,109.961538
566,1,31.360000,104.040000
568,1,45.080000,106.560000
569,1,47.708333,107.416667
575,1,74.222222,101.000000
579,1,96.000000,109.173913
580,1,101.318182,107.772727
581,1,106.708333,106.125000
582,1,107.695652,106.608696
585,1,128.560000,106.440000
586,1,131.846154,115.653846
593,1,173.320000,97.040000
597,1,185.291667,107.083333
598,1,189.120000,108.640000
600,1,201.541667,111.541667
607,1,236.692308,104.076923
608,1,22.740741,110.518519
611,1,34.925926,112.111111
616,1,61.320000,112.840000
617,1,70.115385,113.769231
618,1,76.346154,113.269231
619,1,76.884615,110.769231
621,1,88.206897,112.862069
622,1,96.185185,119.703704
623,1,102.750000,104.333333
624,1,100.625000,113.208333
628,1,117.961538,113.884615
629,1,123.074074,108.111111
630,1,128.347826,110.173913
637,1,170.250000,105.964286
638,1,168.625000,110.416667
640,1,182.040000,113.160000
642,1,194.407407,111.888889
644,1,197.269231,113.153846
647,1,217.692308,109.230769
652,1,23.423077,113.884615
654,1,30.884615,109.615385
655,1,35.416667,118.625000
656,1,48.416667,120.250000
657,1,46.615385,115.923077
661,1,66.038462,114.000000
663,1,73.375000,112.208333
666,1,95.416667,112.958333
667,1,93.000000,115.909091
669,1,111.695652,122.391304
670,1,109.800000,118.440000
672,1,126.636364,113.181818
673,1,123.851852,114.962963
674,1,135.666667,116.041667
676,1,146.200000,120.160000
677,1,149.541667,121.416667
679,1,158.269231,118.307692
685,1,189.708333,117.500000
687,1,186.600000,123.640000
689,1,208.375000,117.083333
695,1,236.692308,115.192308
698,1,34.666667,123.037037
699,1,42.666667,118.541667
702,1,49.160000,124.440000
704,1,64.560000,124.320000
708,1,88.192308,122.884615
709,1,88.565217,121.826087
710,1,93.346154,122.730769
711,1,94.375000,130.625000
712,1,99.600000,119.640000
714,1,114.272727,128.545455
715,1,116.035714,119.857143
719,1,134.846154,121.346154
721,1,142.037037,123.925926
723,1,159.045455,122.681818
724,1,165.035714,121.321429
725,1,165.166667,122.708333
726,1,172.400000,120.800000
728,1,178.640000,125.200000
729,1,187.269231,127.115385
730,1,188.000000,119.560000
735,1,219.791667,121.250000
737,1,229.640000,121.320000
738,1,232.769231,119.230769
739,1,236.230769,120.000000
742,1,36.681818,123.136364
743,1,41.217391,127.565217
744,1,42.071429,129.571429
745,1,54.583333,126.625000
747,1,50.227273,123.409091
749,1,70.166667,125.541667
750,1,78.961538,130.384615
751,1,75.840000,127.560000
754,1,81.576923,128.923077
755,1,99.409091,130.500000
759,1,120.400000,122.280000
760,1,117.880000,125.960000
762,1,142.640000,133.720000
763,1,135.173913,127.347826
764,1,140.100000,126.150000
765,1,143.703704,128.851852
770,1,168.708333,121.500000
771,1,173.958333,130.583333
772,1,178.916667,127.208333
773,1,183.250000,130.071429
774,1,194.538462,136.807692
777,1,206.703704,126.592593
778,1,211.000000,126.296296
779,1,215.846154,133.346154
780,1,214.720000,123.160000
784,1,22.260870,132.217391
788,1,40.080000,133.320000
790,1,54.250000,133.916667
795,1,75.625000,131.375000
796,1,81.692308,133.884615
797,1,83.954545,131.863636
798,1,97.791667,136.541667
799,1,87.440000,135.320000
803,1,114.275862,139.827586
804,1,121.923077,126.000000
805,1,126.769231,129.269231
806,1,124.230769,134.038462
808,1,139.166667,130.958333
811,1,157.555556,136.407407
812,1,165.520000,138.520000
813,1,162.280000,131.200000
815,1,186.600000,119.600000
817,1,189.520000,130.840000
818,1,192.884615,126.730769
819,1,195.520000,133.560000
823,1,220.307692,133.615385
824,1,219.666667,129.500000
827,1,233.916667,131.250000
828,1,24.954545,129.045455
836,1,61.739130,141.913043
838,1,77.181818,145.272727
839,1,73.416667,135.791667
841,1,95.625000,126.500000
842,1,92.370370,139.000000
843,1,93.916667,136.666667
845,1,115.652174,134.565217
846,1,120.454545,136.272727
847,1,119.538462,140.384615
848,1,118.200000,132.000000
849,1,127.360000,136.320000
850,1,131.320000,129.040000
851,1,130.814815,135.518519
853,1,139.500000,142.038462
856,1,168.520000,131.040000
859,1,181.166667,139.750000
860,1,180.120000,141.200000
863,1,189.434783,134.913043
865,1,208.080000,135.960000
866,1,213.680000,136.080000
867,1,220.541667,137.916667
869,1,219.625000,132.541667
875,1,37.740741,141.888889
877,1,47.434783,144.086957
880,1,63.625000,136.291667
882,1,74.391304,139.217391
883,1,79.363636,148.000000
885,1,92.807692,142.115385
886,1,90.320000,129.240000
887,1,98.814815,140.333333
889,1,111.318182,137.045455
891,1,121.037037,144.555556
892,1,126.347826,141.565217
894,1,136.454545,141.954545
896,1,136.607143,137.178571
898,1,148.083333,141.875000
899,1,160.086957,137.478261
901,1,165.320000,137.440000
904,1,178.956522,146.521739
905,1,188.291667,144.041667
906,1,194.608696,147.173913
910,1,210.423077,141.269231
914,1,231.136364,139.727273
916,1,23.400000,151.920000
920,1,48.875000,147.791667
921,1,43.538462,147.615385
923,1,59.461538,143.423077
927,1,73.375000,149.958333
929,1,86.260870,142.347826
930,1,100.423077,148.884615
931,1,103.961538,155.230769
934,1,107.846154,149.769231
936,1,122.520000,149.440000
939,1,138.960000,149.080000
941,1,148.760000,147.680000
946,1,170.080000,147.600000
948,1,186.000000,147.160000
950,1,191.923077,140.423077
951,1,196.962963,149.518519
952,1,195.434783,143.956522
955,1,207.208333,154.041667
956,1,214.160000,143.240000
959,1,229.458333,152.041667
960,1,24.076923,154.423077
963,1,40.916667,151.750000
964,1,45.291667,152.041667
965,1,51.136364,154.045455
970,1,71.789474,150.842105
975,1,100.400000,151.400000
976,1,95.884615,148.884615
977,1,111.500000,155.250000
978,1,103.920000,159.800000
979,1,113.461538,152.423077
983,1,138.760000,152.800000
985,1,143.200000,143.920000
986,1,151.640000,149.840000
987,1,155.884615,154.038462
989,1,160.913043,154.521739
991,1,169.185185,148.444444
993,1,184.708333,150.041667
998,1,210.807692,153.884615
1000,1,223.920000,151.440000
1001,1,223.260870,156.956522
1002,1,230.107143,154.642857
1004,1,26.038462,158.115385
1005,1,30.160000,157.760000
1010,1,53.640000,155.920000
1012,1,58.750000,156.458333
1015,1,76.038462,158.307692
1016,1,90.074074,144.037037
1019,1,95.500000,154.791667
1020,1,94.615385,159.961538
1021,1,105.592593,158.777778
1024,1,124.181818,159.000000
1025,1,130.629630,154.925926
1026,1,129.666667,160.148148
1031,1,158.360000,152.960000
1040,1,209.560000,159.160000
1041,1,204.083333,164.208333
1042,1,215.785714,153.892857
1043,1,213.000000,148.240000
1046,1,232.185185,149.555556
1048,1,31.681818,156.545455
1049,1,31.480000,161.360000
1050,1,26.480000,161.440000
1053,1,50.875000,159.166667
1054,1,52.920000,160.280000
1057,1,73.272727,162.772727
1062,1,94.400000,166.960000
1063,1,107.851852,147.481481
1064,1,96.230769,156.076923
1070,1,143.640000,165.800000
1071,1,140.875000,161.250000
1076,1,165.869565,157.782609
1079,1,183.625000,167.041667
1082,1,200.034483,162.517241
1083,1,194.826087,163.521739
1084,1,203.260870,157.391304
1086,1,210.680000,154.680000
1087,1,223.814815,163.222222
1089,1,232.592593,163.444444
1090,1,235.576923,158.884615
1095,1,46.760000,170.000000
1099,1,71.625000,162.708333
1100,1,69.565217,166.695652
1102,1,82.730769,169.384615
1104,1,95.148148,167.296296
1105,1,103.608696,168.217391
1108,1,115.520000,171.880000
1109,1,115.000000,167.555556
1111,1,128.423077,171.038462
1117,1,157.153846,168.576923
1120,1,170.640000,172.480000
1122,1,179.480000,165.480000
1124,1,192.040000,178.880000
1125,1,201.000000,166.961538
1126,1,189.307692,168.884615
1128,1,217.241379,164.965517
1129,1,214.166667,161.041667
1131,1,213.653846,170.846154
1132,1,234.615385,165.038462
1133,1,36.230769,177.038462
1136,1,46.458333,183.500000
1137,1,52.730769,175.807692
1139,1,64.708333,170.125000
1140,1,64.913043,171.086957
1141,1,58.880000,169.040000
1145,1,88.360000,171.480000
1146,1,95.520000,168.160000
1147,1,94.888889,173.148148
1148,1,100.250000,162.785714
1149,1,101.782609,181.565217
1153,1,126.360000,168.240000
1154,1,128.625000,164.666667
1155,1,138.153846,172.500000
1156,1,140.240000,166.160000
1160,1,161.280000,173.800000
1162,1,170.958333,168.791667
1164,1,184.480000,170.760000
1165,1,187.695652,174.260870
1166,1,197.423077,168.076923
1169,1,197.791667,187.541667
1171,1,218.160000,162.400000
1173,1,226.000000,175.115385
1174,1,229.592593,171.407407
1175,1,34.807692,175.500000
1176,1,37.652174,178.260870
1177,1,43.652174,178.565217
1178,1,52.592593,173.851852
1179,1,47.666667,173.666667
1181,1,59.160000,174.000000
1184,1,76.230769,176.269231
1185,1,79.346154,174.846154
1186,1,82.869565,178.478261
1189,1,107.958333,178.125000
1190,1,112.807692,183.538462
1192,1,113.086957,179.000000
1193,1,124.739130,174.347826
1196,1,134.541667,173.500000
1200,1,163.560000,178.880000
1201,1,163.000000,184.478261
1203,1,173.916667,178.541667
1204,1,174.555556,174.370370
1208,1,197.592593,181.148148
1209,1,205.080000,171.800000
1210,1,202.583333,179.500000
1212,1,218.730769,170.307692
1213,1,219.230769,173.615385
1214,1,219.666667,177.111111
1216,1,42.125000,174.041667
1218,1,48.681818,177.454545
1220,1,60.560000,182.520000
1222,1,74.680000,180.360000
1223,1,70.291667,184.583333
1224,1,79.800000,180.880000
1225,1,86.076923,183.769231
1229,1,97.307692,185.730769
1230,1,105.346154,173.846154
1231,1,107.913043,184.565217
1234,1,131.760000,182.760000
1235,1,132.120000,176.280000
1236,1,138.962963,183.518519
1238,1,146.041667,181.625000
1241,1,157.923077,174.538462
1243,1,176.230769,183.269231
1244,1,178.888889,177.925926
1246,1,191.846154,179.307692
1247,1,188.130435,182.130435
1248,1,201.000000,192.400000
1249,1,201.346154,177.576923
1250,1,207.115385,178.807692
1254,1,224.680000,180.480000
1256,1,43.280000,188.640000
1259,1,55.666667,185.625000
1261,1,69.576923,180.653846
1266,1,95.480000,188.520000
1267,1,97.875000,190.333333
1268,1,104.750000,179.708333
1270,1,113.461538,190.615385
1272,1,120.750000,190.958333
1276,1,138.259259,178.037037
1277,1,145.782609,187.739130
1279,1,157.807692,179.192308
1287,1,204.481481,192.111111
1288,1,209.428571,183.785714
1289,1,207.666667,191.375000
1290,1,211.375000,187.416667
1291,1,218.592593,188.259259
1292,1,223.208333,187.541667
1294,1,41.208333,192.916667
1298,1,64.074074,197.444444
1300,1,67.571429,191.380952
1303,1,89.185185,193.259259
1304,1,84.086957,193.347826
1305,1,92.269231,188.153846
1308,1,109.833333,188.875000
1310,1,124.962963,195.666667
1313,1,139.384615,188.730769
1318,1,161.304348,190.173913
1321,1,176.166667,190.375000
1323,1,191.521739,190.434783
1324,1,190.875000,198.791667
1325,1,193.576923,193.269231
1326,1,204.458333,189.791667
1327,1,195.074074,194.888889
1328,1,202.750000,186.666667
1329,1,212.090909,195.954545
1331,1,44.840000,195.880000
1332,1,49.217391,195.739130
1334,1,63.200000,193.680000
1335,1,70.913043,195.695652
1336,1,71.074074,192.962963
1342,1,99.250000,197.541667
1344,1,110.407407,194.111111
1345,1,111.800000,198.480000
1347,1,116.480000,190.640000
1348,1,131.166667,198.000000
1349,1,122.280000,195.120000
1351,1,142.961538,201.846154
1353,1,150.000000,196.320000
1358,1,175.480000,196.240000
1359,1,175.086957,195.260870
1361,1,184.500000,202.730769
1363,1,200.692308,196.423077
1365,1,214.884615,187.615385
1370,1,64.880000,198.560000
1374,1,87.720000,204.760000
1375,1,88.730769,207.000000
1376,1,86.739130,197.826087
1378,1,94.160000,204.720000
1382,1,126.407407,199.555556
1384,1,136.714286,197.964286
1386,1,139.565217,199.608696
1387,1,150.250000,204.125000
1388,1,150.565217,200.347826
1391,1,166.923077,203.538462
1395,1,197.360000,200.480000
1396,1,187.090909,205.000000
1398,1,200.730769,188.384615
1401,1,57.250000,208.708333
1402,1,54.545455,203.863636
1406,1,75.666667,207.250000
1409,1,99.500000,201.454545
1410,1,95.714286,208.333333
1411,1,101.434783,206.913043
1413,1,112.038462,207.884615
1416,1,124.230769,203.076923
1417,1,131.347826,204.173913
1424,1,167.416667,200.125000
1425,1,173.636364,199.727273
1427,1,176.400000,212.680000
1429,1,188.928571,199.071429
1430,1,197.500000,210.730769
1431,1,202.125000,207.666667
1433,1,60.043478,212.826087
1434,1,58.250000,206.666667
1435,1,67.304348,215.521739
1437,1,74.791667,211.250000
1438,1,79.818182,212.727273
1441,1,100.640000,206.120000
1443,1,105.083333,218.666667
1444,1,109.851852,213.407407
1450,1,143.695652,209.565217
1451,1,145.652174,218.521739
1455,1,162.083333,217.416667
1456,1,171.458333,206.875000
1458,1,180.037037,213.851852
1460,1,193.888889,208.296296
1461,1,189.840000,208.480000
1467,1,84.545455,215.272727
1468,1,91.920000,216.240000
1469,1,88.720000,218.240000
1472,1,113.923077,222.384615
1474,1,115.115385,211.153846
1476,1,127.000000,219.153846
1478,1,141.076923,214.769231
1480,1,146.925926,211.444444
1483,1,165.750000,218.250000
1484,1,169.521739,213.391304
1485,1,165.916667,212.541667
1487,1,187.379310,219.586207
1489,1,194.142857,214.333333
1492,1,75.040000,219.360000
1496,1,96.720000,214.920000
1498,1,104.307692,222.230769
1499,1,111.480000,216.840000
1500,1,108.227273,220.772727
1504,1,133.083333,220.375000
1506,1,143.423077,217.192308
1507,1,147.250000,222.571429
1512,1,175.038462,217.115385
1515,1,190.560000,222.480000
1516,1,194.280000,218.720000
1526,1,122.500000,226.846154
1527,1,126.000000,228.222222
1529,1,134.692308,225.115385
1530,1,143.923077,224.923077
1531,1,143.791667,229.333333
1534,1,161.214286,222.964286
1535,1,166.384615,228.115385
1537,1,172.217391,215.913043
1538,1,175.791667,228.333333
1540,1,93.227273,232.363636
1542,1,108.960000,234.560000
1543,1,103.409091,234.136364
1547,1,137.217391,227.521739
1548,1,130.320000,231.920000
1552,1,152.153846,234.230769
1555,1,171.703704,227.481481
1556,1,167.111111,224.925926
1558,1,107.040000,229.720000
1559,1,110.440000,237.760000
1560,1,116.875000,236.625000
1561,1,112.416667,232.791667
1566,1,144.523810,235.809524
1567,1,148.615385,237.269231
1569,1,154.880000,229.800000
