ID,type,x COM, y COM
2,2,106.727273,23.863636
6,2,125.545455,23.045455
7,2,132.636364,24.909091
8,2,137.240000,23.480000
9,2,142.423077,22.153846
11,2,153.727273,23.545455
14,2,94.416667,26.833333
17,2,110.840000,28.760000
19,2,115.363636,32.409091
20,2,122.913043,28.173913
21,2,128.818182,27.000000
24,2,140.700000,27.050000
25,2,145.884615,27.076923
26,2,150.750000,26.625000
27,2,156.208333,28.916667
28,2,163.136364,23.909091
29,2,165.160000,28.240000
30,2,169.080000,27.160000
31,2,75.250000,35.357143
34,2,88.500000,29.500000
35,2,94.760000,31.880000
36,2,100.423077,32.153846
38,2,110.153846,33.884615
40,2,123.391304,33.478261
41,2,127.173913,31.782609
42,2,132.000000,29.750000
45,2,146.846154,31.230769
46,2,152.680000,31.920000
47,2,159.160000,33.080000
48,2,160.840000,28.600000
49,2,165.846154,33.192308
50,2,171.454545,31.727273
51,2,175.434783,32.260870
52,2,185.227273,34.727273
53,2,71.086957,37.956522
57,2,92.821429,36.035714
58,2,97.250000,39.458333
59,2,99.333333,36.125000
61,2,110.833333,38.208333
63,2,125.476190,37.238095
65,2,131.173913,34.086957
67,2,143.407407,37.222222
68,2,147.814815,35.518519
70,2,155.880000,36.920000
73,2,174.826087,37.086957
74,2,179.250000,35.750000
75,2,183.240000,38.200000
77,2,192.619048,36.857143
78,2,58.250000,42.458333
80,2,72.636364,42.590909
82,2,80.440000,45.200000
83,2,86.375000,43.333333
86,2,103.360000,40.560000
87,2,109.074074,41.888889
89,2,115.739130,45.000000
90,2,119.695652,40.695652
91,2,125.115385,42.269231
94,2,143.807692,42.500000
95,2,148.038462,42.730769
96,2,152.083333,43.666667
97,2,156.916667,43.208333
103,2,186.960000,43.200000
105,2,192.833333,42.541667
106,2,57.291667,46.458333
110,2,75.318182,45.000000
111,2,84.217391,48.347826
113,2,89.916667,47.541667
117,2,113.360000,49.440000
122,2,140.136364,47.272727
124,2,145.454545,47.500000
126,2,155.521739,47.695652
128,2,168.826087,46.782609
132,2,185.380952,51.380952
133,2,193.434783,46.478261
135,2,200.173913,47.000000
136,2,55.280000,51.600000
138,2,62.560000,52.560000
140,2,73.956522,53.434783
141,2,77.434783,56.217391
143,2,90.458333,52.416667
144,2,95.391304,50.434783
145,2,94.440000,55.040000
147,2,106.884615,53.192308
148,2,110.827586,52.965517
150,2,122.148148,55.481481
157,2,157.148148,52.592593
160,2,170.791667,50.333333
161,2,174.869565,52.695652
163,2,187.923077,47.653846
165,2,195.428571,49.928571
167,2,204.840000,52.400000
168,2,48.615385,60.269231
169,2,52.500000,55.769231
170,2,57.708333,56.875000
172,2,63.769231,56.115385
175,2,81.333333,56.375000
176,2,87.160000,56.840000
178,2,97.250000,57.291667
183,2,125.000000,60.120000
185,2,130.192308,58.461538
186,2,133.200000,63.040000
187,2,141.541667,57.666667
190,2,156.304348,57.086957
193,2,172.565217,57.173913
195,2,182.714286,56.714286
196,2,186.840000,56.720000
198,2,194.500000,54.666667
200,2,206.416667,56.250000
203,2,43.192308,60.538462
204,2,53.500000,60.666667
205,2,58.041667,62.083333
208,2,72.782609,64.782609
209,2,76.565217,62.000000
210,2,81.640000,61.000000
211,2,85.954545,61.636364
213,2,95.875000,61.000000
215,2,106.880000,64.480000
218,2,120.576923,61.538462
219,2,127.423077,63.538462
220,2,136.923077,60.153846
223,2,148.920000,63.080000
224,2,152.400000,60.400000
225,2,157.076923,62.115385
229,2,174.954545,64.727273
230,2,180.115385,61.615385
231,2,185.208333,62.166667
235,2,207.227273,64.181818
236,2,209.916667,59.750000
243,2,69.913043,62.217391
245,2,78.250000,67.750000
248,2,90.884615,66.076923
251,2,109.500000,69.846154
253,2,118.960000,67.440000
256,2,132.636364,68.136364
257,2,137.480000,68.080000
260,2,153.681818,66.136364
261,2,158.958333,66.916667
262,2,162.807692,65.576923
263,2,165.518519,71.851852
264,2,169.350000,65.750000
265,2,175.166667,69.500000
267,2,184.720000,66.040000
269,2,194.217391,67.652174
270,2,199.846154,66.807692
278,2,51.181818,75.636364
279,2,57.800000,71.480000
283,2,75.250000,70.416667
284,2,81.043478,71.043478
286,2,88.680000,70.760000
287,2,94.250000,70.550000
289,2,105.160000,70.400000
291,2,117.458333,72.250000
292,2,123.500000,73.000000
293,2,128.333333,72.541667
294,2,132.629630,75.074074
295,2,136.423077,73.307692
296,2,140.800000,72.320000
297,2,145.217391,72.956522
299,2,155.416667,71.250000
300,2,160.750000,71.416667
301,2,169.913043,73.347826
302,2,170.521739,68.782609
311,2,216.045455,74.681818
312,2,223.000000,73.160000
313,2,34.375000,76.041667
315,2,41.423077,78.115385
316,2,46.360000,74.760000
318,2,55.454545,76.136364
319,2,59.761905,75.904762
321,2,73.846154,75.000000
325,2,92.576923,75.153846
328,2,106.304348,75.739130
331,2,122.416667,76.875000
332,2,127.920000,77.920000
336,2,143.130435,78.043478
337,2,148.333333,76.958333
339,2,159.347826,74.956522
341,2,169.720000,77.760000
345,2,195.250000,78.166667
346,2,196.625000,72.458333
347,2,200.130435,79.478261
348,2,211.680000,78.240000
349,2,210.652174,73.826087
350,2,216.640000,79.040000
354,2,36.304348,80.652174
355,2,40.625000,83.375000
356,2,45.320000,80.760000
358,2,57.461538,81.076923
359,2,62.565217,80.565217
361,2,72.480000,80.880000
362,2,77.307692,81.153846
363,2,81.423077,84.346154
365,2,92.083333,80.083333
366,2,96.000000,82.440000
369,2,109.920000,81.440000
375,2,143.958333,83.541667
378,2,159.217391,82.695652
380,2,164.166667,82.583333
381,2,170.074074,83.000000
382,2,177.640000,81.800000
389,2,212.360000,83.240000
390,2,217.541667,83.041667
391,2,220.916667,84.083333
393,2,28.038462,90.461538
395,2,36.478261,86.304348
397,2,47.041667,85.875000
399,2,56.125000,86.125000
401,2,67.333333,87.583333
404,2,82.555556,88.851852
405,2,89.037037,87.518519
406,2,93.000000,85.291667
409,2,111.166667,86.541667
410,2,114.080000,88.520000
411,2,117.800000,86.760000
416,2,143.000000,87.363636
420,2,162.080000,86.840000
421,2,167.826087,87.086957
422,2,174.120000,81.800000
423,2,178.120000,88.680000
424,2,181.000000,85.576923
425,2,185.909091,86.272727
427,2,197.954545,86.818182
428,2,203.600000,86.040000
429,2,207.840000,87.640000
432,2,219.307692,88.730769
433,2,225.608696,86.565217
434,2,231.240000,86.640000
436,2,32.800000,91.000000
438,2,43.960000,91.320000
439,2,47.666667,94.666667
440,2,53.555556,91.259259
441,2,59.136364,89.272727
444,2,73.590909,90.363636
445,2,77.960000,90.120000
447,2,87.423077,93.230769
448,2,92.086957,90.652174
449,2,96.500000,92.384615
450,2,107.480000,87.320000
453,2,118.840000,91.200000
455,2,130.538462,92.269231
456,2,131.185185,97.000000
458,2,143.807692,92.461538
463,2,166.360000,91.360000
464,2,173.250000,88.000000
465,2,178.375000,92.875000
466,2,183.520000,91.560000
473,2,217.739130,93.173913
474,2,224.000000,90.391304
476,2,235.000000,90.440000
479,2,38.269231,99.115385
480,2,43.260870,96.173913
482,2,51.615385,96.807692
485,2,67.880000,99.160000
489,2,87.423077,98.807692
490,2,91.925926,95.888889
495,2,116.307692,94.961538
496,2,120.826087,96.260870
497,2,126.038462,97.615385
499,2,137.217391,101.826087
501,2,147.370370,96.000000
504,2,165.100000,95.150000
509,2,186.480000,95.760000
510,2,190.666667,96.000000
511,2,194.814815,97.740741
512,2,202.037037,96.518519
515,2,218.217391,97.347826
517,2,226.800000,100.200000
519,2,237.043478,96.652174
520,2,22.739130,100.521739
521,2,28.428571,101.571429
522,2,32.875000,99.375000
523,2,38.458333,103.666667
526,2,52.461538,102.500000
528,2,63.080000,100.600000
530,2,68.250000,103.375000
532,2,83.391304,102.043478
533,2,87.520000,103.680000
537,2,107.040000,99.440000
538,2,111.400000,102.680000
539,2,117.090909,100.227273
540,2,121.956522,100.695652
544,2,141.888889,98.962963
545,2,146.000000,102.166667
546,2,151.260870,103.347826
550,2,172.304348,101.217391
551,2,178.208333,102.083333
552,2,182.555556,100.370370
553,2,186.640000,101.880000
554,2,190.423077,102.230769
555,2,194.846154,103.653846
556,2,199.375000,101.041667
558,2,211.200000,103.480000
559,2,216.074074,101.555556
560,2,222.076923,100.615385
561,2,230.958333,103.375000
564,2,23.400000,104.880000
567,2,36.142857,107.523810
570,2,54.714286,105.952381
571,2,57.130435,108.478261
572,2,61.956522,105.956522
573,2,64.833333,107.958333
574,2,70.040000,107.520000
576,2,79.884615,105.500000
577,2,85.240000,107.960000
578,2,90.400000,108.440000
583,2,116.115385,105.153846
584,2,120.083333,106.666667
587,2,142.000000,108.461538
588,2,142.576923,104.423077
589,2,146.958333,108.500000
590,2,151.083333,107.958333
591,2,155.695652,106.391304
592,2,159.720000,107.360000
594,2,172.500000,107.461538
595,2,176.692308,106.576923
596,2,182.541667,106.041667
599,2,200.083333,105.583333
601,2,206.500000,107.000000
602,2,212.769231,107.692308
603,2,218.875000,105.208333
604,2,223.960000,105.600000
605,2,228.760000,106.920000
606,2,235.250000,107.833333
609,2,27.409091,110.727273
610,2,31.423077,113.730769
612,2,41.125000,116.291667
613,2,46.541667,111.875000
614,2,52.583333,111.250000
615,2,57.521739,113.173913
620,2,81.400000,111.400000
625,2,105.500000,113.416667
626,2,110.520000,113.200000
627,2,115.400000,109.650000
631,2,136.739130,112.260870
632,2,142.583333,113.375000
633,2,148.086957,113.652174
634,2,152.000000,113.173913
635,2,156.708333,111.875000
636,2,162.869565,109.826087
639,2,176.760000,111.200000
641,2,187.909091,113.590909
643,2,195.160000,109.320000
645,2,207.407407,111.962963
646,2,212.777778,112.962963
648,2,221.461538,110.807692
649,2,226.200000,112.040000
650,2,231.615385,110.884615
651,2,237.478261,111.652174
653,2,28.038462,118.692308
658,2,54.000000,120.833333
659,2,54.576923,116.846154
660,2,61.708333,119.333333
662,2,72.846154,117.653846
664,2,81.833333,117.666667
665,2,86.416667,116.750000
668,2,104.807692,117.384615
671,2,115.000000,113.800000
675,2,140.043478,116.391304
678,2,152.250000,119.166667
680,2,162.565217,114.565217
681,2,167.750000,116.214286
682,2,172.333333,115.777778
683,2,176.960000,115.400000
684,2,181.960000,117.960000
686,2,195.423077,116.692308
688,2,201.250000,115.750000
690,2,212.708333,117.750000
691,2,218.000000,115.200000
692,2,223.153846,116.115385
693,2,226.038462,120.115385
694,2,230.307692,115.423077
696,2,22.476190,120.285714
697,2,27.961538,123.230769
700,2,43.000000,122.956522
701,2,46.173913,126.913043
703,2,58.320000,122.640000
705,2,66.913043,119.695652
706,2,71.740741,122.518519
707,2,76.782609,120.956522
713,2,105.960000,121.440000
716,2,121.565217,119.434783
717,2,124.250000,123.000000
718,2,128.208333,118.625000
720,2,141.043478,120.173913
722,2,153.560000,123.160000
727,2,178.107143,121.142857
731,2,197.125000,121.416667
732,2,200.730769,121.307692
733,2,205.384615,121.653846
734,2,211.080000,121.840000
736,2,221.920000,124.640000
740,2,22.956522,124.826087
741,2,29.708333,127.208333
746,2,49.160000,131.040000
748,2,63.571429,128.285714
752,2,81.681818,122.681818
753,2,86.560000,127.560000
756,2,102.074074,125.259259
757,2,106.423077,129.000000
758,2,109.720000,125.960000
761,2,128.625000,123.791667
766,2,152.304348,127.260870
767,2,157.884615,127.076923
768,2,161.545455,124.909091
769,2,169.269231,127.307692
775,2,198.178571,127.392857
776,2,202.791667,127.541667
781,2,227.363636,125.318182
782,2,232.200000,128.360000
783,2,237.652174,126.217391
785,2,27.416667,132.166667
786,2,31.500000,132.136364
787,2,35.333333,129.740741
789,2,49.346154,135.115385
791,2,58.208333,128.500000
792,2,59.833333,132.291667
793,2,68.217391,130.434783
794,2,70.541667,134.000000
800,2,102.500000,132.750000
801,2,107.076923,136.192308
802,2,110.227273,131.227273
807,2,133.961538,130.961538
809,2,147.222222,133.074074
810,2,152.370370,132.925926
814,2,173.000000,132.625000
816,2,179.750000,134.464286
820,2,200.920000,132.560000
821,2,207.360000,131.880000
822,2,213.769231,132.192308
825,2,226.740741,129.222222
826,2,228.958333,133.708333
829,2,26.083333,137.083333
830,2,30.916667,137.708333
831,2,36.160000,135.640000
832,2,41.583333,138.708333
833,2,45.880000,138.880000
834,2,51.769231,138.576923
835,2,57.083333,135.916667
837,2,66.833333,137.208333
840,2,78.958333,139.958333
844,2,103.000000,137.625000
852,2,144.615385,138.576923
854,2,153.884615,138.961538
855,2,155.958333,131.583333
857,2,169.666667,136.851852
858,2,174.500000,137.250000
861,2,184.653846,137.461538
862,2,189.000000,136.653846
864,2,203.653846,136.423077
868,2,226.434783,138.304348
870,2,233.434783,135.000000
871,2,236.782609,138.130435
872,2,23.565217,142.608696
873,2,27.640000,142.760000
874,2,32.560000,142.200000
876,2,40.826087,143.956522
878,2,53.818182,142.818182
879,2,57.416667,140.041667
881,2,66.480000,141.400000
884,2,84.040000,140.480000
888,2,105.615385,141.769231
890,2,113.280000,143.480000
893,2,127.800000,143.160000
895,2,132.307692,142.615385
897,2,149.153846,138.153846
900,2,163.400000,141.280000
902,2,170.760000,141.920000
903,2,175.333333,142.095238
907,2,199.772727,139.227273
908,2,202.043478,143.043478
909,2,206.250000,140.541667
911,2,217.714286,143.571429
912,2,221.291667,142.791667
913,2,226.333333,142.041667
915,2,235.884615,143.692308
917,2,25.423077,147.230769
918,2,32.363636,146.590909
919,2,36.916667,146.291667
922,2,54.080000,147.640000
924,2,61.760000,148.680000
925,2,67.045455,145.727273
926,2,71.576923,144.538462
928,2,83.192308,146.615385
932,2,101.208333,145.791667
933,2,106.166667,145.000000
935,2,116.500000,149.250000
937,2,127.800000,147.840000
938,2,134.192308,146.923077
940,2,142.791667,146.041667
942,2,153.454545,146.227273
943,2,157.846154,144.115385
944,2,162.000000,146.291667
945,2,165.909091,147.954545
947,2,178.200000,147.880000
949,2,189.565217,149.434783
953,2,206.478261,146.434783
954,2,210.409091,146.045455
957,2,225.384615,146.346154
958,2,230.923077,144.846154
961,2,30.120000,150.920000
962,2,35.045455,151.363636
966,2,53.809524,153.857143
967,2,57.240000,151.240000
968,2,63.045455,153.045455
969,2,66.360000,151.560000
971,2,76.222222,151.555556
972,2,82.392857,151.392857
973,2,87.160000,148.800000
974,2,92.666667,152.285714
980,2,122.000000,155.576923
981,2,126.782609,152.739130
982,2,132.480000,151.440000
984,2,143.958333,151.625000
988,2,159.769231,150.153846
990,2,172.400000,153.840000
992,2,179.260870,151.347826
994,2,192.307692,152.846154
995,2,197.208333,153.291667
996,2,201.913043,153.130435
997,2,205.217391,150.043478
999,2,220.280000,149.640000
1003,2,237.666667,149.916667
1006,2,33.125000,155.750000
1007,2,38.826087,156.739130
1008,2,39.217391,160.391304
1009,2,45.272727,156.500000
1011,2,58.000000,159.000000
1013,2,68.541667,156.041667
1014,2,73.538462,155.807692
1017,2,83.769231,156.461538
1018,2,89.200000,156.680000
1022,2,112.680000,160.000000
1023,2,118.125000,154.666667
1027,2,135.826087,157.304348
1028,2,141.560000,156.920000
1029,2,145.960000,157.080000
1030,2,150.095238,155.952381
1032,2,161.038462,157.461538
1033,2,167.791667,157.833333
1034,2,173.250000,158.000000
1035,2,178.185185,155.444444
1036,2,182.291667,158.041667
1037,2,185.000000,154.800000
1038,2,191.880000,157.480000
1039,2,196.863636,158.636364
1044,2,220.041667,155.041667
1045,2,228.086957,158.695652
1047,2,236.045455,155.272727
1051,2,45.800000,160.280000
1052,2,45.208333,164.625000
1055,2,62.846154,160.807692
1056,2,67.500000,160.583333
1058,2,78.000000,160.240000
1059,2,82.160000,163.880000
1060,2,86.181818,160.909091
1061,2,91.115385,161.153846
1065,2,109.952381,162.380952
1066,2,118.391304,163.565217
1067,2,119.115385,160.038462
1068,2,125.038462,163.538462
1069,2,135.250000,161.291667
1072,2,147.375000,162.083333
1073,2,151.692308,161.576923
1074,2,154.846154,159.423077
1075,2,158.391304,161.652174
1077,2,171.846154,162.961538
1078,2,177.043478,161.608696
1080,2,186.960000,160.040000
1081,2,192.423077,161.961538
1085,2,210.708333,162.041667
1088,2,226.826087,162.521739
1091,2,27.520000,166.680000
1092,2,34.269231,167.846154
1093,2,37.250000,164.625000
1094,2,41.250000,165.916667
1096,2,50.708333,164.958333
1097,2,59.541667,164.083333
1098,2,64.652174,165.956522
1101,2,77.916667,164.583333
1103,2,88.192308,165.653846
1106,2,98.111111,171.555556
1107,2,105.307692,164.769231
1110,2,121.761905,167.047619
1112,2,132.880000,168.200000
1113,2,136.962963,166.185185
1114,2,142.958333,171.833333
1115,2,147.217391,167.565217
1116,2,152.080000,167.360000
1118,2,161.680000,164.200000
1119,2,167.416667,165.583333
1121,2,174.666667,166.583333
1123,2,188.400000,165.280000
1127,2,207.521739,168.478261
1130,2,225.400000,166.040000
1134,2,30.200000,171.200000
1135,2,40.785714,170.178571
1138,2,50.782609,168.652174
1142,2,71.960000,170.360000
1143,2,76.840000,171.320000
1144,2,82.440000,173.440000
1150,2,109.708333,167.916667
1151,2,116.200000,173.280000
1152,2,121.680000,171.120000
1157,2,147.708333,172.083333
1158,2,151.400000,172.840000
1159,2,160.615385,168.961538
1161,2,165.400000,169.880000
1163,2,177.956522,170.217391
1167,2,197.320000,173.680000
1168,2,202.304348,169.913043
1170,2,211.076923,173.000000
1172,2,224.291667,170.291667
1180,2,56.782609,179.391304
1182,2,63.500000,177.708333
1183,2,69.000000,175.304348
1187,2,89.142857,176.523810
1188,2,97.041667,175.750000
1191,2,109.692308,173.153846
1194,2,125.409091,178.818182
1195,2,129.521739,177.739130
1197,2,143.000000,177.000000
1198,2,147.888889,178.259259
1199,2,153.840000,178.120000
1202,2,167.583333,178.416667
1205,2,181.416667,174.833333
1206,2,184.958333,177.583333
1207,2,192.400000,172.560000
1211,2,211.440000,177.680000
1215,2,30.476190,179.761905
1217,2,40.791667,184.000000
1219,2,52.173913,179.086957
1221,2,65.074074,183.444444
1226,2,88.208333,181.708333
1227,2,92.833333,180.500000
1228,2,96.318182,180.636364
1232,2,118.000000,179.560000
1233,2,122.600000,182.080000
1237,2,142.320000,181.680000
1239,2,151.307692,182.076923
1240,2,155.833333,186.041667
1242,2,168.640000,182.520000
1245,2,183.480000,181.880000
1251,2,214.680000,182.160000
1252,2,217.166667,178.333333
1253,2,219.640000,183.640000
1255,2,34.291667,183.958333
1257,2,48.230769,186.653846
1258,2,53.222222,184.111111
1260,2,61.041667,187.875000
1262,2,74.916667,187.666667
1263,2,76.842105,185.105263
1264,2,81.615385,189.615385
1265,2,85.375000,187.208333
1269,2,105.625000,188.791667
1271,2,120.583333,185.583333
1273,2,126.240000,186.440000
1274,2,130.875000,186.833333
1275,2,134.695652,188.608696
1278,2,152.190476,187.142857
1280,2,160.120000,186.000000
1281,2,165.833333,186.375000
1282,2,172.950000,186.500000
1283,2,179.000000,184.428571
1284,2,181.807692,188.153846
1285,2,186.000000,186.615385
1286,2,190.900000,187.900000
1293,2,37.208333,188.208333
1295,2,48.434783,190.826087
1296,2,52.560000,190.680000
1297,2,57.478261,191.782609
1299,2,65.869565,188.913043
1301,2,75.880000,191.440000
1302,2,79.000000,194.913043
1306,2,101.043478,193.521739
1307,2,105.043478,192.565217
1309,2,116.320000,188.280000
1311,2,129.000000,192.260870
1312,2,132.653846,194.038462
1314,2,142.074074,193.148148
1315,2,148.320000,190.920000
1316,2,153.875000,192.041667
1317,2,158.285714,192.285714
1319,2,166.040000,191.200000
1320,2,171.230769,189.846154
1322,2,183.423077,192.500000
1330,2,220.545455,191.227273
1333,2,54.846154,195.807692
1337,2,74.652174,196.608696
1338,2,78.173913,200.695652
1339,2,82.423077,197.461538
1340,2,89.680000,197.360000
1341,2,93.625000,194.708333
1343,2,103.826087,197.434783
1346,2,115.636364,197.681818
1350,2,136.440000,195.600000
1352,2,144.480000,195.840000
1354,2,155.538462,197.115385
1355,2,161.333333,197.555556
1356,2,165.916667,195.583333
1357,2,170.791667,194.375000
1360,2,187.086957,195.695652
1362,2,198.791667,200.583333
1364,2,207.521739,197.434783
1366,2,216.160000,196.400000
1367,2,47.440000,200.520000
1368,2,52.240000,200.600000
1369,2,56.750000,200.791667
1371,2,66.827586,202.965517
1372,2,72.150000,201.250000
1373,2,77.192308,204.730769
1377,2,95.130435,199.826087
1379,2,106.560000,202.120000
1380,2,110.769231,204.923077
1381,2,115.083333,201.958333
1383,2,125.739130,200.608696
1385,2,137.625000,202.625000
1389,2,155.785714,202.071429
1390,2,162.185185,201.851852
1392,2,178.166667,202.833333
1393,2,181.000000,205.960000
1394,2,182.153846,199.730769
1397,2,195.541667,204.000000
1399,2,206.857143,202.000000
1400,2,211.681818,200.909091
1403,2,61.250000,205.041667
1404,2,65.583333,208.458333
1405,2,70.769231,206.576923
1407,2,82.173913,204.043478
1408,2,84.541667,208.541667
1412,2,106.047619,206.809524
1414,2,116.958333,205.958333
1415,2,122.666667,205.916667
1418,2,135.727273,206.863636
1419,2,140.269231,208.000000
1420,2,143.454545,204.590909
1421,2,151.681818,206.636364
1422,2,155.521739,208.782609
1423,2,161.481481,205.592593
1426,2,174.636364,203.681818
1428,2,189.565217,212.086957
1432,2,206.384615,207.846154
1436,2,69.500000,210.818182
1439,2,86.888889,211.962963
1440,2,91.913043,212.347826
1442,2,104.458333,211.500000
1445,2,119.391304,210.260870
1446,2,123.130435,211.826087
1447,2,127.160000,211.240000
1448,2,131.666667,210.333333
1449,2,136.192308,212.692308
1452,2,151.750000,213.125000
1453,2,158.807692,210.153846
1454,2,164.391304,209.434783
1457,2,175.181818,208.772727
1459,2,184.750000,209.958333
1462,2,202.681818,212.409091
1463,2,63.000000,216.956522
1464,2,68.920000,220.120000
1465,2,70.166667,215.208333
1466,2,75.434783,215.913043
1470,2,97.652174,219.173913
1471,2,100.181818,214.500000
1473,2,114.000000,217.600000
1475,2,121.833333,215.958333
1477,2,131.458333,215.791667
1479,2,136.681818,217.363636
1481,2,152.730769,218.384615
1482,2,156.230769,215.269231
1486,2,181.428571,219.428571
1488,2,185.291667,215.791667
1490,2,198.166667,215.916667
1491,2,64.958333,221.041667
1493,2,78.666667,220.037037
1494,2,83.653846,221.307692
1495,2,88.375000,223.625000
1497,2,94.692308,221.961538
1501,2,117.916667,218.541667
1502,2,123.636364,220.545455
1503,2,127.434783,222.086957
1505,2,138.480000,222.320000
1508,2,153.304348,221.956522
1509,2,156.160000,224.920000
1510,2,159.291667,220.333333
1511,2,168.208333,220.958333
1513,2,177.041667,221.208333
1514,2,182.360000,223.600000
1517,2,77.560000,224.160000
1518,2,82.086957,226.913043
1519,2,87.000000,227.666667
1520,2,92.000000,227.500000
1521,2,95.958333,226.166667
1522,2,100.928571,226.285714
1523,2,106.481481,225.592593
1524,2,112.375000,225.625000
1525,2,117.565217,225.130435
1528,2,129.925926,226.444444
1532,2,151.363636,227.363636
1533,2,157.541667,228.458333
1536,2,173.857143,224.571429
1539,2,87.360000,231.440000
1541,2,98.714286,231.000000
1544,2,112.772727,231.727273
1545,2,117.480000,229.360000
1546,2,121.153846,232.846154
1549,2,137.478261,233.347826
1550,2,142.400000,231.240000
1551,2,148.280000,231.040000
1553,2,160.760000,232.280000
1554,2,165.760000,231.160000
1557,2,98.333333,235.250000
1562,2,122.565217,237.347826
1563,2,126.695652,234.739130
1564,2,132.692308,234.038462
1565,2,139.291667,238.208333
1568,2,152.840000,237.320000
1570,2,163.100000,236.050000
1,1,102.037037,25.555556
3,1,116.769231,22.807692
4,1,117.680000,28.000000
5,1,120.115385,25.000000
10,1,147.560000,21.960000
12,1,158.208333,23.250000
13,1,87.185185,34.925926
15,1,99.363636,25.000000
16,1,104.148148,26.740741
18,1,112.666667,24.333333
22,1,136.916667,29.791667
23,1,136.714286,33.857143
32,1,80.440000,31.600000
33,1,85.045455,34.954545
37,1,105.692308,30.653846
39,1,119.818182,35.136364
43,1,135.260870,36.826087
44,1,141.333333,32.083333
54,1,82.880000,40.920000
55,1,81.461538,36.000000
56,1,90.423077,39.653846
60,1,105.130435,36.043478
62,1,117.347826,35.869565
64,1,129.076923,40.807692
66,1,139.434783,40.347826
69,1,151.884615,38.461538
71,1,165.423077,37.846154
72,1,170.625000,37.250000
76,1,179.208333,45.041667
79,1,68.560000,45.120000
81,1,78.370370,39.037037
84,1,92.615385,43.692308
85,1,99.666667,44.208333
88,1,115.111111,41.407407
92,1,132.925926,46.444444
93,1,137.200000,42.440000
98,1,160.681818,37.636364
99,1,161.400000,43.280000
100,1,168.769231,41.615385
101,1,177.375000,41.250000
102,1,182.681818,44.909091
104,1,189.259259,38.703704
107,1,62.954545,42.954545
108,1,68.375000,44.500000
109,1,72.652174,47.565217
112,1,79.434783,50.173913
114,1,98.320000,50.280000
115,1,98.720000,47.560000
116,1,106.076923,45.076923
118,1,118.576923,49.923077
119,1,121.800000,45.920000
120,1,125.555556,49.148148
121,1,132.111111,42.185185
123,1,141.166667,56.000000
125,1,150.909091,49.363636
127,1,162.480000,46.240000
129,1,165.681818,58.409091
130,1,173.166667,45.100000
131,1,178.653846,46.769231
134,1,200.000000,52.000000
137,1,60.440000,51.080000
139,1,64.440000,49.760000
142,1,85.535714,52.428571
146,1,105.888889,47.851852
149,1,118.307692,51.807692
151,1,131.727273,52.636364
152,1,130.846154,50.307692
153,1,135.384615,55.307692
154,1,143.500000,52.192308
155,1,138.166667,50.250000
156,1,148.720000,52.440000
158,1,162.291667,46.583333
159,1,168.346154,54.461538
162,1,180.518519,52.148148
164,1,190.083333,52.791667
166,1,199.600000,56.760000
171,1,61.920000,61.960000
173,1,69.560000,50.080000
174,1,73.000000,57.826087
177,1,90.291667,60.541667
179,1,102.480000,55.400000
180,1,106.185185,59.555556
181,1,108.440000,58.680000
182,1,116.192308,57.423077
184,1,126.920000,54.240000
188,1,151.666667,54.541667
189,1,147.120000,58.640000
191,1,162.520000,55.360000
192,1,163.960000,50.240000
194,1,177.708333,56.833333
197,1,189.791667,59.750000
199,1,204.695652,61.086957
201,1,213.500000,57.791667
202,1,46.960000,70.960000
206,1,59.875000,69.208333
207,1,69.043478,56.217391
212,1,98.260870,65.043478
214,1,101.500000,67.346154
216,1,113.291667,59.458333
217,1,115.307692,63.038462
221,1,143.090909,67.272727
222,1,144.083333,64.458333
226,1,167.520000,62.520000
227,1,162.875000,60.625000
228,1,173.692308,60.884615
232,1,197.782609,63.173913
233,1,194.370370,59.777778
234,1,198.454545,60.818182
237,1,216.520000,65.640000
238,1,39.250000,67.750000
239,1,53.333333,68.041667
240,1,49.038462,67.730769
241,1,65.333333,63.125000
242,1,59.500000,66.791667
244,1,70.148148,69.481481
246,1,82.360000,65.360000
247,1,86.041667,68.750000
249,1,97.360000,69.960000
250,1,101.160000,62.000000
252,1,113.652174,67.217391
254,1,124.200000,66.840000
255,1,127.000000,68.600000
258,1,141.666667,64.250000
259,1,149.000000,68.807692
266,1,179.538462,68.038462
268,1,190.347826,65.565217
271,1,210.333333,67.250000
272,1,214.217391,63.608696
273,1,212.269231,71.769231
274,1,216.346154,69.653846
275,1,39.259259,70.296296
276,1,43.884615,66.269231
277,1,50.583333,66.000000
280,1,64.370370,74.407407
281,1,69.037037,74.777778
282,1,66.807692,67.538462
285,1,86.370370,74.703704
288,1,100.320000,69.400000
290,1,112.681818,72.454545
298,1,151.259259,73.074074
303,1,179.375000,72.333333
304,1,186.777778,71.333333
305,1,191.040000,72.800000
306,1,183.818182,71.272727
307,1,197.241379,73.896552
308,1,207.120000,80.600000
309,1,203.833333,69.708333
310,1,206.041667,68.416667
314,1,40.074074,74.555556
317,1,51.230769,80.461538
320,1,66.880000,80.960000
322,1,78.560000,77.000000
323,1,82.222222,77.592593
324,1,86.681818,78.727273
326,1,97.380952,75.619048
327,1,102.083333,77.625000
329,1,111.500000,77.142857
330,1,117.384615,77.000000
333,1,132.782609,81.173913
334,1,137.200000,78.480000
335,1,139.120000,81.160000
338,1,160.416667,77.291667
340,1,162.346154,79.153846
342,1,174.826087,75.869565
343,1,179.720000,76.760000
344,1,186.800000,76.560000
351,1,223.360000,77.120000
352,1,223.720000,78.240000
353,1,31.730769,82.230769
357,1,51.772727,83.136364
360,1,63.625000,83.875000
364,1,86.680000,83.440000
367,1,103.826087,81.086957
368,1,100.444444,82.296296
370,1,116.592593,82.037037
371,1,121.000000,84.040000
372,1,126.769231,83.653846
373,1,130.375000,84.750000
374,1,136.500000,84.863636
376,1,147.720000,81.840000
377,1,151.916667,85.625000
379,1,155.615385,78.846154
383,1,183.500000,80.884615
384,1,189.148148,83.555556
385,1,191.576923,80.576923
386,1,200.434783,83.782609
387,1,202.888889,74.740741
388,1,206.120000,83.560000
392,1,226.600000,81.760000
394,1,31.681818,86.090909
396,1,42.600000,86.880000
398,1,50.538462,88.576923
400,1,62.280000,87.840000
402,1,68.916667,84.125000
403,1,75.120000,85.800000
407,1,100.730769,88.576923
408,1,101.925926,86.000000
412,1,122.500000,83.090909
413,1,125.040000,88.760000
414,1,137.000000,88.714286
415,1,136.500000,89.958333
417,1,148.040000,88.880000
418,1,156.125000,96.875000
419,1,156.080000,87.920000
426,1,194.777778,89.444444
430,1,211.608696,94.695652
431,1,213.750000,88.375000
435,1,30.153846,95.923077
437,1,37.080000,91.640000
442,1,59.428571,97.380952
443,1,67.888889,92.407407
446,1,79.346154,99.269231
451,1,107.727273,95.363636
452,1,108.280000,92.160000
454,1,125.291667,92.208333
457,1,136.304348,94.217391
459,1,152.625000,91.916667
460,1,151.625000,83.666667
461,1,157.000000,92.400000
462,1,160.760000,91.120000
467,1,188.416667,90.708333
468,1,193.160000,81.560000
469,1,195.500000,93.076923
470,1,196.846154,90.846154
471,1,205.115385,98.230769
472,1,210.040000,94.040000
475,1,230.640000,91.800000
477,1,28.142857,96.821429
478,1,38.913043,94.391304
481,1,47.269231,100.153846
483,1,56.074074,95.111111
484,1,63.000000,94.560000
486,1,78.280000,96.000000
487,1,72.652174,93.478261
488,1,83.153846,93.538462
491,1,99.444444,97.148148
492,1,102.423077,92.423077
493,1,98.583333,102.125000
494,1,112.269231,97.538462
498,1,133.807692,106.346154
500,1,138.040000,96.480000
502,1,150.434783,98.434783
503,1,161.833333,97.875000
505,1,167.086957,97.608696
506,1,174.916667,97.791667
507,1,172.153846,92.576923
508,1,178.923077,96.192308
513,1,205.423077,91.846154
514,1,210.916667,99.791667
516,1,223.666667,94.962963
518,1,227.391304,94.434783
524,1,43.826087,102.086957
525,1,41.760000,109.520000
527,1,57.480000,101.520000
529,1,70.000000,97.208333
531,1,74.142857,102.857143
534,1,94.222222,105.851852
535,1,92.800000,100.760000
536,1,100.321429,99.750000
541,1,127.000000,102.884615
542,1,136.307692,107.076923
543,1,131.269231,102.038462
547,1,154.807692,99.653846
548,1,160.208333,102.708333
549,1,165.560000,103.640000
557,1,206.120000,101.360000
562,1,232.653846,96.461538
563,1,234.692308,100.346154
565,1,29.875000,107.083333
566,1,32.120000,104.960000
568,1,44.791667,106.541667
569,1,48.730769,106.692308
575,1,75.555556,103.148148
579,1,94.642857,113.714286
580,1,105.866667,107.466667
581,1,105.692308,105.346154
582,1,108.407407,106.259259
585,1,126.037037,109.851852
586,1,132.360000,114.280000
593,1,168.080000,101.120000
597,1,183.571429,109.178571
598,1,189.962963,108.296296
600,1,203.142857,111.500000
607,1,236.700000,103.850000
608,1,23.500000,110.500000
611,1,39.291667,111.833333
616,1,62.500000,112.153846
617,1,68.444444,113.518519
618,1,77.730769,115.192308
619,1,76.347826,110.391304
621,1,86.960000,112.440000
622,1,95.840000,118.000000
623,1,98.500000,110.250000
624,1,101.400000,108.360000
628,1,119.240000,114.080000
629,1,124.200000,107.240000
630,1,130.520000,110.200000
637,1,169.083333,106.666667
638,1,167.576923,111.538462
640,1,183.600000,112.640000
642,1,192.520000,113.000000
644,1,199.043478,110.826087
647,1,217.086957,109.434783
652,1,24.538462,115.576923
654,1,33.875000,111.833333
655,1,34.200000,117.480000
656,1,45.600000,118.360000
657,1,49.111111,115.111111
661,1,64.520000,115.320000
663,1,72.040000,112.280000
666,1,99.884615,114.807692
667,1,91.200000,114.840000
669,1,112.407407,120.925926
670,1,111.375000,118.708333
672,1,122.520000,114.720000
673,1,125.440000,115.360000
674,1,135.640000,120.120000
676,1,145.440000,118.920000
677,1,148.464286,121.285714
679,1,156.857143,116.642857
685,1,190.080000,121.520000
687,1,192.666667,122.518519
689,1,207.321429,117.035714
695,1,235.888889,116.518519
698,1,33.416667,121.958333
699,1,38.208333,120.208333
702,1,46.500000,124.250000
704,1,63.500000,123.458333
708,1,86.000000,122.307692
709,1,90.347826,121.695652
710,1,95.076923,121.846154
711,1,95.851852,126.851852
712,1,99.565217,122.304348
714,1,116.440000,127.800000
715,1,116.545455,122.000000
719,1,132.785714,122.642857
721,1,143.640000,125.200000
723,1,159.222222,121.037037
724,1,163.518519,119.333333
725,1,166.269231,125.115385
726,1,172.840000,121.680000
728,1,177.800000,126.640000
729,1,187.370370,125.259259
730,1,188.000000,117.961538
735,1,218.916667,119.541667
737,1,228.958333,120.875000
738,1,233.692308,122.423077
739,1,235.636364,120.636364
742,1,37.115385,124.153846
743,1,39.608696,127.304348
744,1,43.000000,130.833333
745,1,49.772727,124.181818
747,1,52.296296,125.444444
749,1,68.913043,126.391304
750,1,73.375000,128.125000
751,1,76.384615,125.423077
754,1,86.931034,127.758621
755,1,95.600000,128.200000
759,1,118.200000,125.000000
760,1,122.833333,128.750000
762,1,141.250000,128.916667
763,1,136.130435,125.043478
764,1,139.380952,125.904762
765,1,146.148148,129.074074
770,1,169.791667,123.083333
771,1,173.583333,127.000000
772,1,180.291667,128.583333
773,1,182.375000,129.208333
774,1,192.280000,131.680000
777,1,207.137931,127.000000
778,1,213.384615,127.038462
779,1,216.480000,133.200000
780,1,213.833333,124.666667
784,1,22.782609,129.521739
788,1,41.782609,134.043478
790,1,54.208333,131.291667
795,1,78.125000,132.541667
796,1,84.076923,134.884615
797,1,83.791667,130.375000
798,1,98.035714,133.500000
799,1,93.913043,134.304348
803,1,114.130435,132.608696
804,1,119.037037,130.481481
805,1,126.772727,132.727273
806,1,130.000000,134.904762
808,1,140.888889,134.481481
811,1,158.920000,135.560000
812,1,163.846154,136.153846
813,1,163.440000,131.040000
815,1,184.590909,123.636364
817,1,186.500000,131.038462
818,1,190.720000,128.240000
819,1,195.280000,133.320000
823,1,221.961538,129.923077
824,1,218.280000,129.280000
827,1,235.782609,130.869565
828,1,23.520000,132.680000
836,1,61.583333,141.250000
838,1,76.740741,138.666667
839,1,75.333333,134.629630
841,1,89.000000,132.625000
842,1,90.035714,139.250000
843,1,97.333333,138.625000
845,1,117.750000,136.583333
846,1,121.000000,141.120000
847,1,116.480000,138.560000
848,1,122.807692,134.307692
849,1,127.240000,138.600000
850,1,129.461538,128.230769
851,1,134.521739,135.086957
853,1,140.416667,142.041667
856,1,167.208333,132.625000
859,1,183.500000,142.346154
860,1,179.680000,140.800000
863,1,195.230769,137.961538
865,1,209.090909,136.000000
866,1,215.875000,136.291667
867,1,220.458333,136.625000
869,1,222.833333,134.541667
875,1,36.458333,140.041667
877,1,48.269231,143.576923
880,1,63.041667,134.416667
882,1,72.782609,139.043478
883,1,77.692308,145.961538
885,1,93.541667,146.000000
886,1,90.391304,135.478261
887,1,97.703704,142.407407
889,1,111.115385,138.269231
891,1,122.791667,149.666667
892,1,121.888889,142.592593
894,1,135.720000,140.640000
896,1,139.461538,135.923077
898,1,150.560000,144.480000
899,1,158.956522,138.652174
901,1,168.954545,144.545455
904,1,181.807692,143.269231
905,1,189.280000,141.560000
906,1,196.269231,146.846154
910,1,211.000000,141.222222
914,1,231.916667,139.625000
916,1,23.360000,151.200000
920,1,47.920000,148.160000
921,1,45.240000,148.080000
923,1,60.130435,145.304348
927,1,77.400000,146.280000
929,1,88.769231,142.961538
930,1,96.458333,148.416667
931,1,102.230769,153.923077
934,1,110.461538,147.846154
936,1,119.880000,146.200000
939,1,137.666667,149.148148
941,1,146.640000,149.160000
946,1,170.708333,148.208333
948,1,183.500000,147.318182
950,1,195.160000,141.520000
951,1,199.791667,148.458333
952,1,193.833333,145.958333
955,1,213.086957,149.217391
956,1,214.166667,143.375000
959,1,233.217391,148.826087
960,1,22.480000,158.000000
963,1,39.869565,152.086957
964,1,44.461538,152.384615
965,1,44.560000,149.480000
970,1,70.695652,150.130435
975,1,101.423077,150.884615
976,1,97.318182,154.681818
977,1,111.333333,154.583333
978,1,108.840000,155.920000
979,1,113.076923,151.807692
983,1,139.041667,152.625000
985,1,146.909091,143.590909
986,1,150.583333,151.375000
987,1,155.666667,151.458333
989,1,165.360000,153.000000
991,1,172.090909,149.772727
993,1,186.416667,151.250000
998,1,208.600000,153.520000
1000,1,225.000000,151.333333
1001,1,225.000000,154.760000
1002,1,230.333333,152.250000
1004,1,25.833333,153.708333
1005,1,28.576923,159.076923
1010,1,50.260870,153.695652
1012,1,60.333333,155.708333
1015,1,79.000000,155.923077
1016,1,89.730769,150.461538
1019,1,97.080000,157.720000
1020,1,100.166667,160.583333
1021,1,104.708333,160.583333
1024,1,125.666667,158.000000
1025,1,129.884615,156.692308
1026,1,130.291667,160.333333
1031,1,157.320000,154.160000
1040,1,207.600000,157.120000
1041,1,205.884615,162.269231
1042,1,214.708333,160.500000
1043,1,214.833333,153.041667
1046,1,231.440000,154.600000
1048,1,30.916667,163.166667
1049,1,32.625000,159.875000
1050,1,25.458333,160.750000
1053,1,52.730769,161.230769
1054,1,53.560000,160.560000
1057,1,72.423077,161.230769
1062,1,95.000000,162.541667
1063,1,107.280000,150.720000
1064,1,100.208333,165.333333
1070,1,143.222222,163.296296
1071,1,141.041667,163.916667
1076,1,165.724138,159.931034
1079,1,183.880000,165.240000
1082,1,200.592593,159.444444
1083,1,196.269231,165.115385
1084,1,207.259259,157.074074
1086,1,214.880000,160.240000
1087,1,219.280000,159.320000
1089,1,231.074074,163.814815
1090,1,234.782609,159.695652
1095,1,46.560000,170.800000
1099,1,72.928571,166.107143
1100,1,68.615385,167.653846
1102,1,81.892857,168.607143
1104,1,93.160000,166.480000
1105,1,103.652174,175.304348
1108,1,114.583333,169.625000
1109,1,115.000000,166.192308
1111,1,125.583333,168.500000
1117,1,156.884615,169.000000
1120,1,172.560000,170.800000
1122,1,180.208333,163.875000
1124,1,191.125000,177.541667
1125,1,202.375000,165.875000
1126,1,196.560000,167.960000
1128,1,211.666667,167.666667
1129,1,217.500000,162.954545
1131,1,215.230769,172.000000
1132,1,234.500000,166.750000
1133,1,35.538462,176.423077
1136,1,44.518519,176.148148
1137,1,56.206897,172.793103
1139,1,57.148148,169.814815
1140,1,64.884615,171.307692
1141,1,60.500000,169.250000
1145,1,86.655172,171.344828
1146,1,90.666667,172.625000
1147,1,94.333333,169.958333
1148,1,104.928571,169.392857
1149,1,100.960000,179.160000
1153,1,128.384615,172.769231
1154,1,129.925926,165.740741
1155,1,136.571429,172.523810
1156,1,139.080000,170.840000
1160,1,163.230769,173.653846
1162,1,169.125000,172.416667
1164,1,183.000000,170.640000
1165,1,187.607143,171.357143
1166,1,192.375000,169.458333
1169,1,198.680000,183.400000
1171,1,220.346154,163.923077
1173,1,227.318182,174.818182
1174,1,230.000000,170.111111
1175,1,34.400000,173.150000
1176,1,35.916667,179.500000
1177,1,41.409091,180.045455
1178,1,45.083333,179.708333
1179,1,50.961538,174.000000
1181,1,59.608696,175.565217
1184,1,74.478261,175.347826
1185,1,81.291667,177.916667
1186,1,84.541667,179.166667
1189,1,105.461538,180.884615
1190,1,109.291667,178.083333
1192,1,112.857143,176.964286
1193,1,121.416667,176.000000
1196,1,135.080000,174.160000
1200,1,160.961538,177.807692
1201,1,162.444444,179.629630
1203,1,172.827586,178.275862
1204,1,174.400000,174.880000
1208,1,196.760000,180.360000
1209,1,204.500000,176.166667
1210,1,206.384615,177.153846
1212,1,218.434783,169.913043
1213,1,220.625000,173.125000
1214,1,222.760000,176.920000
1216,1,37.115385,175.230769
1218,1,48.458333,179.750000
1220,1,60.583333,182.541667
1222,1,73.375000,181.166667
1223,1,69.250000,186.125000
1224,1,77.555556,180.407407
1225,1,81.875000,183.666667
1229,1,98.740741,184.962963
1230,1,106.521739,178.608696
1231,1,110.250000,184.291667
1234,1,130.240000,182.600000
1235,1,133.576923,177.538462
1236,1,140.793103,184.758621
1238,1,145.791667,184.166667
1241,1,155.791667,172.708333
1243,1,174.960000,183.400000
1244,1,178.461538,177.653846
1246,1,191.538462,179.038462
1247,1,189.750000,183.375000
1248,1,196.769231,185.884615
1249,1,201.115385,177.538462
1250,1,207.760000,183.720000
1254,1,223.375000,181.541667
1256,1,41.391304,188.217391
1259,1,56.769231,186.576923
1261,1,68.708333,179.666667
1266,1,91.629630,185.592593
1267,1,95.307692,190.192308
1268,1,105.120000,184.760000
1270,1,114.458333,184.500000
1272,1,123.115385,191.346154
1276,1,136.857143,180.642857
1277,1,144.076923,187.653846
1279,1,158.720000,181.200000
1287,1,196.291667,192.291667
1288,1,205.583333,182.083333
1289,1,207.250000,192.750000
1290,1,210.120000,184.640000
1291,1,216.045455,188.363636
1292,1,222.615385,187.346154
1294,1,41.000000,193.541667
1298,1,62.960000,195.880000
1300,1,71.434783,187.043478
1303,1,89.318182,191.909091
1304,1,85.653846,192.730769
1305,1,95.896552,189.172414
1308,1,111.846154,192.115385
1310,1,119.727273,196.954545
1313,1,138.629630,190.037037
1318,1,161.166667,191.375000
1321,1,176.884615,190.038462
1323,1,187.583333,193.833333
1324,1,190.541667,197.125000
1325,1,195.250000,194.000000
1326,1,200.000000,189.280000
1327,1,200.269231,194.346154
1328,1,206.500000,186.857143
1329,1,214.000000,193.782609
1331,1,44.600000,191.680000
1332,1,48.214286,196.142857
1334,1,60.148148,196.111111
1335,1,70.695652,195.478261
1336,1,67.714286,195.428571
1342,1,98.083333,197.000000
1344,1,110.080000,196.560000
1345,1,108.370370,196.888889
1347,1,117.230769,191.384615
1348,1,129.720000,200.520000
1349,1,124.965517,195.034483
1351,1,146.000000,200.555556
1353,1,149.826087,195.478261
1358,1,178.440000,195.800000
1359,1,174.807692,196.076923
1361,1,185.923077,200.653846
1363,1,203.454545,197.590909
1365,1,212.615385,192.076923
1370,1,65.038462,197.000000
1374,1,86.074074,201.740741
1375,1,91.555556,208.000000
1376,1,89.160000,201.800000
1378,1,96.730769,202.807692
1382,1,120.652174,197.130435
1384,1,133.296296,200.703704
1386,1,140.280000,199.240000
1387,1,149.500000,204.250000
1388,1,150.652174,200.000000
1391,1,168.880000,206.120000
1395,1,193.291667,199.708333
1396,1,187.440000,206.240000
1398,1,201.600000,193.040000
1401,1,53.440000,206.640000
1402,1,58.653846,205.192308
1406,1,76.040000,207.520000
1409,1,95.818182,204.363636
1410,1,96.720000,209.040000
1411,1,99.434783,206.478261
1413,1,112.000000,208.750000
1416,1,123.730769,202.192308
1417,1,130.040000,206.520000
1424,1,167.200000,200.960000
1425,1,170.880000,200.720000
1427,1,180.083333,211.333333
1429,1,194.360000,207.160000
1430,1,197.115385,205.461538
1431,1,203.461538,205.269231
1433,1,57.555556,211.777778
1434,1,60.535714,208.678571
1435,1,62.772727,213.727273
1437,1,75.538462,211.769231
1438,1,81.291667,212.583333
1441,1,101.833333,210.375000
1443,1,107.230769,214.538462
1444,1,111.181818,212.727273
1450,1,141.769231,212.884615
1451,1,147.307692,211.615385
1455,1,165.260870,214.782609
1456,1,170.240000,210.400000
1458,1,179.360000,215.680000
1460,1,192.173913,208.695652
1461,1,197.000000,210.840000
1467,1,80.863636,215.318182
1468,1,88.240000,218.240000
1469,1,89.791667,216.500000
1472,1,117.857143,222.571429
1474,1,115.125000,212.750000
1476,1,128.192308,217.461538
1478,1,145.333333,216.291667
1480,1,145.440000,210.440000
1483,1,161.538462,215.730769
1484,1,171.423077,213.269231
1485,1,167.875000,214.000000
1487,1,187.444444,221.333333
1489,1,192.120000,214.760000
1492,1,72.695652,220.173913
1496,1,93.960000,216.480000
1498,1,102.200000,220.720000
1499,1,106.307692,220.038462
1500,1,110.000000,220.178571
1504,1,133.400000,221.480000
1506,1,142.692308,219.769231
1507,1,148.428571,221.500000
1512,1,171.960000,220.440000
1515,1,191.347826,221.478261
1516,1,192.208333,218.958333
1526,1,122.166667,225.416667
1527,1,126.541667,228.958333
1529,1,137.840000,226.280000
1530,1,144.583333,225.250000
1531,1,143.875000,226.166667
1534,1,162.125000,223.083333
1535,1,164.291667,226.875000
1537,1,176.480000,214.040000
1538,1,177.200000,227.040000
1540,1,93.666667,232.250000
1542,1,104.615385,234.692308
1543,1,104.666667,231.000000
1547,1,135.130435,227.869565
1548,1,128.535714,230.464286
1552,1,156.200000,233.840000
1555,1,171.555556,228.703704
1556,1,168.600000,225.440000
1558,1,108.730769,230.115385
1559,1,110.000000,238.000000
1560,1,114.200000,236.880000
1561,1,117.040000,235.200000
1566,1,143.280000,235.360000
1567,1,147.916667,236.583333
1569,1,153.625000,232.875000
