ID,type,x COM, y COM
2,2,106.640000,24.560000
6,2,125.818182,22.681818
7,2,132.521739,24.217391
8,2,137.560000,23.240000
9,2,143.071429,21.714286
11,2,153.958333,23.750000
14,2,94.208333,26.875000
17,2,110.958333,28.875000
19,2,114.760000,31.800000
20,2,122.952381,27.809524
21,2,127.807692,26.615385
24,2,141.120000,27.200000
25,2,146.080000,26.960000
26,2,150.800000,26.560000
27,2,156.680000,29.320000
28,2,163.280000,22.800000
29,2,165.703704,27.407407
30,2,169.208333,26.208333
31,2,75.740741,34.259259
34,2,89.000000,29.636364
35,2,94.500000,31.916667
36,2,100.782609,32.173913
38,2,108.772727,33.727273
40,2,123.545455,33.272727
41,2,127.043478,31.347826
42,2,132.227273,29.090909
45,2,146.727273,31.409091
46,2,152.500000,31.090909
47,2,159.458333,32.416667
48,2,162.000000,28.500000
49,2,165.615385,33.500000
50,2,170.958333,31.541667
51,2,175.520000,32.160000
52,2,184.181818,35.590909
53,2,71.640000,37.160000
57,2,92.956522,36.782609
58,2,97.041667,38.625000
59,2,99.652174,35.565217
61,2,110.000000,37.560000
63,2,124.592593,37.555556
65,2,131.043478,33.652174
67,2,143.320000,37.800000
68,2,147.538462,35.884615
70,2,155.458333,36.875000
73,2,174.523810,37.142857
74,2,179.458333,35.666667
75,2,183.000000,39.583333
77,2,190.640000,35.480000
78,2,58.809524,42.666667
80,2,72.080000,42.080000
82,2,81.280000,45.680000
83,2,87.200000,42.120000
86,2,102.440000,40.800000
87,2,109.307692,42.384615
89,2,115.148148,45.555556
90,2,120.260870,41.304348
91,2,125.407407,43.296296
94,2,143.041667,43.333333
95,2,147.720000,42.480000
96,2,151.130435,43.130435
97,2,155.920000,42.440000
103,2,188.000000,43.346154
105,2,192.875000,42.000000
106,2,57.208333,46.208333
110,2,75.600000,44.720000
111,2,85.130435,48.043478
113,2,90.000000,47.045455
117,2,113.384615,50.730769
122,2,140.185185,48.074074
124,2,145.875000,46.958333
126,2,154.826087,46.869565
128,2,168.166667,46.750000
132,2,185.391304,51.260870
133,2,194.269231,46.076923
135,2,199.043478,46.217391
136,2,55.708333,51.416667
138,2,62.208333,52.416667
140,2,74.181818,53.500000
141,2,77.478261,56.869565
143,2,90.733333,52.100000
144,2,96.125000,49.833333
145,2,94.625000,54.791667
147,2,106.791667,52.125000
148,2,110.347826,53.304348
150,2,121.916667,55.500000
157,2,157.615385,52.846154
160,2,170.391304,49.913043
161,2,174.521739,52.217391
163,2,188.875000,47.875000
165,2,195.375000,50.125000
167,2,204.217391,52.304348
168,2,48.320000,59.880000
169,2,53.173913,55.521739
170,2,58.346154,57.192308
172,2,62.916667,56.666667
175,2,81.592593,55.962963
176,2,87.333333,56.708333
178,2,97.800000,57.400000
183,2,124.875000,59.916667
185,2,130.160000,58.760000
186,2,132.708333,63.541667
187,2,140.380952,58.333333
190,2,156.923077,57.192308
193,2,172.291667,57.166667
195,2,182.846154,56.730769
196,2,186.608696,57.304348
198,2,195.307692,54.192308
200,2,206.875000,56.000000
203,2,43.500000,60.500000
204,2,52.875000,60.083333
205,2,56.578947,62.105263
208,2,73.333333,65.291667
209,2,76.285714,61.904762
210,2,81.692308,60.961538
211,2,86.703704,61.740741
213,2,94.869565,62.086957
215,2,106.625000,64.291667
218,2,120.333333,61.777778
219,2,127.590909,64.000000
220,2,136.629630,60.777778
223,2,149.222222,62.259259
224,2,152.884615,60.461538
225,2,157.523810,61.571429
229,2,175.000000,64.416667
230,2,179.428571,61.380952
231,2,185.000000,62.000000
235,2,206.782609,64.608696
236,2,209.833333,59.166667
243,2,70.000000,62.250000
245,2,79.037037,68.074074
248,2,91.615385,66.269231
251,2,109.476190,69.714286
253,2,118.692308,67.346154
256,2,132.217391,67.869565
257,2,137.043478,68.173913
260,2,153.875000,66.041667
261,2,159.040000,66.240000
262,2,163.739130,65.869565
263,2,165.680000,72.080000
264,2,168.909091,65.136364
265,2,174.840000,70.040000
267,2,185.037037,66.222222
269,2,194.000000,67.956522
270,2,200.208333,67.208333
278,2,50.333333,76.000000
279,2,57.173913,71.173913
283,2,75.000000,70.037037
284,2,81.636364,70.863636
286,2,88.160000,70.040000
287,2,94.272727,71.272727
289,2,105.538462,71.346154
291,2,118.208333,72.166667
292,2,124.000000,72.720000
293,2,129.280000,72.800000
294,2,132.840000,74.680000
295,2,136.826087,73.130435
296,2,140.920000,71.840000
297,2,144.681818,72.727273
299,2,155.888889,71.222222
300,2,161.615385,70.807692
301,2,169.826087,72.869565
302,2,170.833333,68.250000
311,2,214.920000,75.200000
312,2,223.346154,73.461538
313,2,35.000000,76.521739
315,2,41.884615,76.576923
316,2,46.521739,74.391304
318,2,56.166667,75.833333
319,2,60.478261,74.869565
321,2,74.153846,75.076923
325,2,92.615385,75.230769
328,2,106.869565,76.304348
331,2,122.280000,76.840000
332,2,127.807692,78.269231
336,2,143.560000,77.600000
337,2,148.600000,77.400000
339,2,159.130435,75.173913
341,2,170.320000,77.440000
345,2,195.958333,78.291667
346,2,197.153846,72.461538
347,2,200.272727,78.545455
348,2,210.760000,78.000000
349,2,210.115385,72.500000
350,2,216.045455,79.500000
354,2,36.045455,80.727273
355,2,40.740741,82.962963
356,2,44.583333,80.166667
358,2,58.240000,81.680000
359,2,62.000000,80.608696
361,2,72.346154,81.000000
362,2,77.346154,80.730769
363,2,81.208333,84.375000
365,2,91.653846,80.500000
366,2,95.956522,82.391304
369,2,108.115385,81.730769
375,2,142.920000,83.080000
378,2,159.750000,82.625000
380,2,164.909091,81.590909
381,2,170.291667,82.791667
382,2,178.583333,81.666667
389,2,212.692308,83.807692
390,2,217.458333,82.458333
391,2,221.043478,82.956522
393,2,27.880000,90.240000
395,2,37.200000,85.960000
397,2,47.071429,85.678571
399,2,56.384615,86.307692
401,2,66.521739,87.608696
404,2,82.928571,88.571429
405,2,89.192308,87.615385
406,2,93.416667,86.000000
409,2,111.818182,86.409091
410,2,114.782609,87.608696
411,2,117.375000,85.916667
416,2,143.375000,87.625000
420,2,162.120000,86.640000
421,2,167.720000,86.640000
422,2,174.400000,82.400000
423,2,178.760000,87.960000
424,2,182.080000,85.480000
425,2,186.695652,86.782609
427,2,198.458333,87.500000
428,2,203.625000,86.208333
429,2,207.923077,87.538462
432,2,218.666667,88.333333
433,2,225.535714,86.535714
434,2,231.208333,86.333333
436,2,32.333333,90.791667
438,2,44.041667,92.125000
439,2,47.583333,95.625000
440,2,52.615385,91.423077
441,2,59.291667,90.083333
444,2,72.960000,89.520000
445,2,77.750000,89.875000
447,2,87.173913,93.000000
448,2,91.791667,91.541667
449,2,97.080000,92.360000
450,2,108.730769,87.615385
453,2,120.269231,90.500000
455,2,131.090909,91.818182
456,2,131.440000,97.080000
458,2,143.523810,92.619048
463,2,166.560000,90.800000
464,2,173.720000,87.920000
465,2,179.040000,93.120000
466,2,182.920000,91.560000
473,2,217.916667,93.083333
474,2,224.043478,90.217391
476,2,235.857143,90.428571
479,2,37.500000,98.884615
480,2,43.130435,96.956522
482,2,51.750000,96.750000
485,2,68.090909,99.772727
489,2,87.083333,98.083333
490,2,92.250000,96.166667
495,2,116.555556,94.444444
496,2,121.086957,95.869565
497,2,126.240000,97.840000
499,2,137.695652,102.217391
501,2,147.407407,96.074074
504,2,165.600000,95.400000
509,2,186.400000,95.760000
510,2,190.640000,95.800000
511,2,194.545455,98.045455
512,2,201.833333,96.166667
515,2,218.750000,97.125000
517,2,227.458333,99.916667
519,2,237.000000,95.600000
520,2,23.600000,100.160000
521,2,28.346154,100.884615
522,2,32.560000,100.160000
523,2,38.391304,103.565217
526,2,52.708333,103.041667
528,2,62.884615,100.923077
530,2,68.375000,103.750000
532,2,83.206897,101.413793
533,2,87.875000,103.375000
537,2,106.607143,99.892857
538,2,110.880000,104.040000
539,2,115.961538,99.692308
540,2,120.826087,100.869565
544,2,142.416667,98.750000
545,2,146.185185,102.296296
546,2,151.136364,103.500000
550,2,172.884615,101.000000
551,2,178.192308,101.846154
552,2,182.571429,99.857143
553,2,186.565217,101.608696
554,2,190.375000,102.125000
555,2,195.200000,103.520000
556,2,199.142857,100.857143
558,2,211.320000,102.960000
559,2,216.608696,101.521739
560,2,221.541667,101.666667
561,2,229.423077,103.153846
564,2,23.208333,105.125000
567,2,36.576923,107.384615
570,2,54.086957,107.260870
571,2,57.960000,108.120000
572,2,62.500000,105.666667
573,2,65.000000,109.000000
574,2,70.160000,107.760000
576,2,79.560000,105.320000
577,2,85.416667,107.291667
578,2,90.045455,108.863636
583,2,115.916667,104.625000
584,2,120.320000,107.200000
587,2,142.160000,108.680000
588,2,141.961538,104.307692
589,2,146.590909,109.181818
590,2,151.040000,108.120000
591,2,155.375000,105.625000
592,2,158.720000,106.960000
594,2,172.666667,107.375000
595,2,176.000000,106.818182
596,2,181.931034,105.517241
599,2,200.625000,105.708333
601,2,206.863636,107.363636
602,2,211.583333,108.041667
603,2,218.080000,105.680000
604,2,223.916667,105.625000
605,2,228.833333,106.833333
606,2,234.923077,107.115385
609,2,27.181818,110.500000
610,2,31.625000,114.666667
612,2,41.666667,115.500000
613,2,45.708333,111.958333
614,2,52.320000,111.920000
615,2,57.714286,113.380952
620,2,81.962963,112.259259
625,2,105.846154,113.423077
626,2,110.333333,113.666667
627,2,115.541667,109.208333
631,2,136.920000,112.360000
632,2,142.695652,113.260870
633,2,148.000000,114.045455
634,2,152.120000,112.920000
635,2,157.708333,111.958333
636,2,163.125000,110.125000
639,2,177.111111,110.666667
641,2,188.320000,113.160000
643,2,194.423077,107.769231
645,2,206.869565,112.782609
646,2,212.200000,113.160000
648,2,221.120000,110.200000
649,2,225.846154,112.153846
650,2,231.160000,110.320000
651,2,237.208333,111.333333
653,2,27.916667,118.958333
658,2,53.666667,120.416667
659,2,55.739130,116.869565
660,2,61.320000,118.480000
662,2,74.038462,118.153846
664,2,82.000000,118.080000
665,2,87.000000,116.800000
668,2,104.370370,117.370370
671,2,115.115385,113.961538
675,2,140.217391,116.304348
678,2,153.120000,118.720000
680,2,162.440000,115.080000
681,2,167.260870,116.565217
682,2,172.230769,115.807692
683,2,177.076923,115.615385
684,2,181.600000,118.080000
686,2,195.807692,116.692308
688,2,202.076923,116.115385
690,2,212.920000,117.880000
691,2,218.115385,114.653846
692,2,222.521739,116.347826
693,2,226.000000,118.791667
694,2,230.625000,114.458333
696,2,22.956522,120.608696
697,2,28.560000,123.040000
700,2,42.346154,123.076923
701,2,46.583333,127.083333
703,2,58.041667,122.708333
705,2,67.000000,120.500000
706,2,71.750000,122.750000
707,2,76.600000,121.520000
713,2,106.090909,120.909091
716,2,123.272727,118.590909
717,2,124.875000,124.125000
718,2,128.416667,118.666667
720,2,141.040000,120.400000
722,2,154.740741,123.407407
727,2,178.291667,121.208333
731,2,197.038462,121.615385
732,2,200.592593,121.000000
733,2,205.083333,122.000000
734,2,210.280000,121.800000
736,2,222.521739,123.347826
740,2,22.400000,125.250000
741,2,30.782609,127.304348
746,2,49.416667,131.541667
748,2,64.000000,128.250000
752,2,81.800000,123.000000
753,2,85.666667,128.047619
756,2,102.000000,124.923077
757,2,106.230769,128.576923
758,2,108.461538,125.730769
761,2,128.680000,123.120000
766,2,151.750000,126.625000
767,2,157.880000,128.160000
768,2,161.269231,126.000000
769,2,169.391304,127.434783
775,2,198.296296,127.777778
776,2,203.148148,127.296296
781,2,226.961538,125.269231
782,2,232.160000,129.000000
783,2,236.680000,125.800000
785,2,27.565217,132.347826
786,2,31.833333,132.125000
787,2,35.166667,128.958333
789,2,48.458333,135.458333
791,2,57.680000,128.800000
792,2,61.181818,131.136364
793,2,68.260870,130.434783
794,2,69.666667,134.037037
800,2,103.500000,132.916667
801,2,107.166667,136.666667
802,2,109.181818,132.136364
807,2,134.291667,131.375000
809,2,146.840000,132.560000
810,2,151.666667,133.666667
814,2,174.960000,133.240000
816,2,181.192308,135.076923
820,2,199.480000,132.880000
821,2,207.413793,131.000000
822,2,213.440000,132.760000
825,2,226.615385,129.192308
826,2,227.600000,133.480000
829,2,25.545455,136.909091
830,2,30.521739,137.086957
831,2,36.400000,135.640000
832,2,40.782609,138.217391
833,2,44.916667,138.916667
834,2,51.307692,138.615385
835,2,58.260870,135.434783
837,2,67.521739,138.130435
840,2,79.115385,139.692308
844,2,102.153846,139.576923
852,2,144.560000,138.400000
854,2,153.636364,138.454545
855,2,155.083333,131.833333
857,2,169.360000,135.680000
858,2,174.208333,137.541667
861,2,185.086957,138.608696
862,2,188.777778,136.333333
864,2,204.520000,135.200000
868,2,226.565217,138.260870
870,2,232.708333,134.708333
871,2,236.666667,137.333333
872,2,23.680000,142.240000
873,2,27.560000,142.680000
874,2,32.040000,141.520000
876,2,40.600000,143.760000
878,2,54.416667,143.000000
879,2,57.130435,139.695652
881,2,66.800000,141.760000
884,2,84.375000,140.125000
888,2,106.240000,141.000000
890,2,114.291667,144.000000
893,2,128.739130,142.826087
895,2,132.814815,141.925926
897,2,148.545455,137.909091
900,2,163.160000,140.800000
902,2,170.880000,141.000000
903,2,175.458333,142.333333
907,2,200.923077,137.500000
908,2,201.625000,142.833333
909,2,205.920000,141.080000
911,2,217.962963,143.148148
912,2,221.826087,143.695652
913,2,225.923077,141.884615
915,2,235.666667,143.444444
917,2,24.500000,147.416667
918,2,31.173913,146.391304
919,2,36.272727,146.136364
922,2,53.760000,147.240000
924,2,61.217391,148.913043
925,2,66.708333,145.666667
926,2,72.217391,144.043478
928,2,83.576923,146.769231
932,2,101.692308,146.538462
933,2,107.038462,144.576923
935,2,116.727273,149.045455
937,2,128.115385,147.576923
938,2,135.307692,147.153846
940,2,142.708333,146.791667
942,2,153.482759,146.137931
943,2,158.076923,143.923077
944,2,162.480000,146.120000
945,2,166.652174,147.347826
947,2,177.230769,148.730769
949,2,189.666667,148.833333
953,2,206.800000,145.880000
954,2,210.307692,145.692308
957,2,226.041667,147.041667
958,2,230.708333,144.583333
961,2,29.666667,150.708333
962,2,34.960000,150.840000
966,2,54.250000,153.800000
967,2,57.272727,151.727273
968,2,63.363636,153.181818
969,2,66.807692,150.307692
971,2,76.250000,152.500000
972,2,82.666667,152.000000
973,2,87.400000,149.160000
974,2,93.120000,152.520000
980,2,122.615385,154.269231
981,2,127.260870,153.347826
982,2,132.360000,150.960000
984,2,143.807692,151.769231
988,2,159.038462,149.692308
990,2,172.440000,154.480000
992,2,179.000000,151.545455
994,2,190.904762,153.571429
995,2,196.769231,153.538462
996,2,201.666667,153.666667
997,2,204.884615,149.923077
999,2,220.125000,150.291667
1003,2,237.416667,148.958333
1006,2,33.708333,155.750000
1007,2,38.347826,156.652174
1008,2,39.478261,161.130435
1009,2,44.272727,156.000000
1011,2,58.148148,158.888889
1013,2,69.200000,155.000000
1014,2,73.541667,156.166667
1017,2,84.280000,156.040000
1018,2,89.000000,156.840000
1022,2,113.040000,160.320000
1023,2,118.217391,153.521739
1027,2,135.608696,157.608696
1028,2,140.791667,157.041667
1029,2,145.739130,156.652174
1030,2,150.400000,156.680000
1032,2,160.875000,157.208333
1033,2,167.708333,157.791667
1034,2,173.208333,158.083333
1035,2,178.363636,155.409091
1036,2,181.958333,157.708333
1037,2,185.160000,155.240000
1038,2,191.272727,157.409091
1039,2,196.450000,158.700000
1044,2,220.739130,155.173913
1045,2,228.190476,158.523810
1047,2,236.347826,154.826087
1051,2,45.461538,159.961538
1052,2,44.840000,164.400000
1055,2,63.407407,161.333333
1056,2,67.666667,159.481481
1058,2,78.760000,160.320000
1059,2,82.208333,165.125000
1060,2,85.592593,161.629630
1061,2,90.629630,161.185185
1065,2,109.720000,162.480000
1066,2,119.041667,163.000000
1067,2,118.434783,158.869565
1068,2,124.481481,163.592593
1069,2,135.120000,161.600000
1072,2,147.153846,162.076923
1073,2,151.904762,161.333333
1074,2,154.692308,159.692308
1075,2,159.000000,161.833333
1077,2,171.392857,162.892857
1078,2,177.166667,160.791667
1080,2,187.296296,160.074074
1081,2,192.720000,161.960000
1085,2,209.800000,162.360000
1088,2,226.538462,162.692308
1091,2,28.041667,166.291667
1092,2,34.750000,168.375000
1093,2,36.666667,165.000000
1094,2,40.850000,165.750000
1096,2,50.925926,164.814815
1097,2,59.407407,164.555556
1098,2,64.652174,165.695652
1101,2,77.666667,164.592593
1103,2,88.047619,165.809524
1106,2,98.400000,170.600000
1107,2,105.913043,164.173913
1110,2,120.833333,167.041667
1112,2,132.818182,168.500000
1113,2,136.920000,166.680000
1114,2,143.444444,171.111111
1115,2,147.730769,167.076923
1116,2,152.384615,167.307692
1118,2,161.608696,163.913043
1119,2,166.857143,165.380952
1121,2,174.480000,166.120000
1123,2,187.800000,165.000000
1127,2,208.370370,166.962963
1130,2,226.416667,166.291667
1134,2,29.666667,170.708333
1135,2,41.240000,170.200000
1138,2,50.880000,168.280000
1142,2,71.480000,170.840000
1143,2,76.347826,171.217391
1144,2,81.851852,174.555556
1150,2,109.625000,168.791667
1151,2,116.000000,173.333333
1152,2,121.640000,171.560000
1157,2,147.565217,172.217391
1158,2,150.800000,174.080000
1159,2,161.400000,168.560000
1161,2,165.346154,170.423077
1163,2,178.185185,169.925926
1167,2,196.541667,173.916667
1168,2,202.000000,170.625000
1170,2,209.800000,173.360000
1172,2,223.818182,170.409091
1180,2,57.333333,179.629630
1182,2,64.181818,177.272727
1183,2,69.000000,176.130435
1187,2,89.692308,176.961538
1188,2,96.956522,175.869565
1191,2,109.869565,173.652174
1194,2,125.500000,178.333333
1195,2,129.000000,178.000000
1197,2,143.291667,177.583333
1198,2,147.500000,178.500000
1199,2,153.304348,178.043478
1202,2,167.640000,177.880000
1205,2,180.652174,174.739130
1206,2,184.760000,177.400000
1207,2,192.571429,172.761905
1211,2,211.592593,177.962963
1215,2,31.291667,179.416667
1217,2,42.125000,184.375000
1219,2,52.565217,178.826087
1221,2,64.478261,183.130435
1226,2,88.500000,182.000000
1227,2,92.884615,180.769231
1228,2,97.000000,181.000000
1232,2,117.814815,179.296296
1233,2,122.653846,181.730769
1237,2,140.535714,181.642857
1239,2,150.807692,182.461538
1240,2,155.708333,185.250000
1242,2,168.222222,182.629630
1245,2,182.434783,182.260870
1251,2,215.520000,182.320000
1252,2,216.884615,177.461538
1253,2,219.916667,183.625000
1255,2,35.636364,183.818182
1257,2,48.869565,186.173913
1258,2,53.227273,183.727273
1260,2,61.120000,187.920000
1262,2,74.304348,187.391304
1263,2,77.782609,187.304348
1264,2,81.500000,187.625000
1265,2,85.560000,188.080000
1269,2,104.760000,188.280000
1271,2,120.923077,185.923077
1273,2,126.896552,186.241379
1274,2,131.692308,187.692308
1275,2,135.304348,188.260870
1278,2,152.304348,187.695652
1280,2,159.760000,185.880000
1281,2,165.692308,186.269231
1282,2,172.772727,186.090909
1283,2,178.518519,184.666667
1284,2,181.909091,188.045455
1285,2,186.080000,186.560000
1286,2,191.375000,188.625000
1293,2,37.916667,187.916667
1295,2,48.304348,191.217391
1296,2,52.607143,190.714286
1297,2,57.222222,191.777778
1299,2,65.791667,188.958333
1301,2,76.958333,191.958333
1302,2,79.250000,195.583333
1306,2,100.913043,193.913043
1307,2,105.666667,192.375000
1309,2,116.956522,187.608696
1311,2,128.833333,192.166667
1312,2,133.166667,193.791667
1314,2,142.538462,192.923077
1315,2,148.538462,191.153846
1316,2,153.875000,192.375000
1317,2,158.250000,192.375000
1319,2,166.217391,190.913043
1320,2,170.884615,189.692308
1322,2,183.913043,193.000000
1330,2,219.960000,191.720000
1333,2,55.423077,196.461538
1337,2,74.625000,196.583333
1338,2,76.869565,201.347826
1339,2,82.095238,198.142857
1340,2,89.960000,197.760000
1341,2,93.625000,194.791667
1343,2,103.153846,198.230769
1346,2,114.363636,198.363636
1350,2,136.840000,195.320000
1352,2,144.739130,196.652174
1354,2,155.880000,197.400000
1355,2,160.875000,197.625000
1356,2,165.541667,195.208333
1357,2,170.550000,195.050000
1360,2,186.615385,195.576923
1362,2,200.000000,201.500000
1364,2,207.080000,197.120000
1366,2,215.920000,196.840000
1367,2,47.291667,201.083333
1368,2,51.923077,200.076923
1369,2,57.333333,200.875000
1371,2,66.375000,202.291667
1372,2,72.083333,202.333333
1373,2,78.884615,205.730769
1377,2,94.720000,199.480000
1379,2,105.653846,201.807692
1380,2,109.840000,204.920000
1381,2,115.880000,201.160000
1383,2,126.434783,201.826087
1385,2,137.375000,202.791667
1389,2,155.961538,202.692308
1390,2,162.148148,201.370370
1392,2,178.480000,202.320000
1393,2,180.826087,205.695652
1394,2,182.384615,199.038462
1397,2,196.083333,203.416667
1399,2,206.500000,202.500000
1400,2,211.333333,201.166667
1403,2,62.000000,205.173913
1404,2,65.720000,208.720000
1405,2,69.869565,206.434783
1407,2,82.280000,203.280000
1408,2,84.360000,208.520000
1412,2,105.740741,208.148148
1414,2,117.153846,204.730769
1415,2,122.454545,205.772727
1418,2,135.653846,207.846154
1419,2,140.434783,207.826087
1420,2,144.291667,205.208333
1421,2,151.045455,207.636364
1422,2,155.384615,208.807692
1423,2,160.869565,205.304348
1426,2,174.478261,204.826087
1428,2,189.166667,212.750000
1432,2,206.791667,207.958333
1436,2,69.880000,210.920000
1439,2,86.958333,212.875000
1440,2,92.083333,212.166667
1442,2,105.652174,212.478261
1445,2,119.166667,210.291667
1446,2,123.166667,210.500000
1447,2,127.000000,211.791667
1448,2,130.640000,209.560000
1449,2,135.680000,212.200000
1452,2,151.880000,213.520000
1453,2,159.640000,209.600000
1454,2,164.826087,208.652174
1457,2,176.136364,209.727273
1459,2,185.148148,210.222222
1462,2,202.652174,211.913043
1463,2,62.880000,216.720000
1464,2,69.769231,220.192308
1465,2,69.875000,214.875000
1466,2,75.875000,216.458333
1470,2,97.680000,219.160000
1471,2,100.458333,215.250000
1473,2,114.521739,217.913043
1475,2,122.291667,215.791667
1477,2,130.916667,216.083333
1479,2,136.200000,217.040000
1481,2,152.296296,218.555556
1482,2,156.240000,215.040000
1486,2,182.400000,219.560000
1488,2,184.809524,215.761905
1490,2,197.960000,216.120000
1491,2,65.884615,221.500000
1493,2,78.681818,220.363636
1494,2,83.565217,222.304348
1495,2,88.400000,222.920000
1497,2,94.541667,222.208333
1501,2,118.333333,218.833333
1502,2,123.560000,221.040000
1503,2,128.125000,222.750000
1505,2,138.291667,221.791667
1508,2,153.190476,222.000000
1509,2,156.560000,224.840000
1510,2,159.000000,220.500000
1511,2,168.956522,221.608696
1513,2,177.958333,221.541667
1514,2,183.041667,223.666667
1517,2,77.681818,223.863636
1518,2,82.478261,227.869565
1519,2,87.375000,227.458333
1520,2,92.240000,227.240000
1521,2,96.434783,226.391304
1522,2,101.043478,226.391304
1523,2,106.625000,225.958333
1524,2,112.083333,226.250000
1525,2,117.347826,226.391304
1528,2,130.423077,226.807692
1532,2,151.555556,227.000000
1533,2,158.538462,228.500000
1536,2,174.000000,224.961538
1539,2,87.500000,231.500000
1541,2,98.555556,231.222222
1544,2,112.772727,231.318182
1545,2,117.523810,230.380952
1546,2,121.333333,232.958333
1549,2,137.576923,232.384615
1550,2,141.863636,231.681818
1551,2,147.809524,231.523810
1553,2,160.920000,232.480000
1554,2,166.333333,231.458333
1557,2,98.875000,235.458333
1562,2,123.041667,236.541667
1563,2,128.000000,234.040000
1564,2,133.090909,234.318182
1565,2,138.739130,238.217391
1568,2,154.625000,236.750000
1570,2,163.346154,236.269231
1,1,101.269231,25.769231
3,1,116.680000,22.560000
4,1,117.875000,27.958333
5,1,119.826087,24.826087
10,1,148.166667,22.083333
12,1,158.173913,23.652174
13,1,86.846154,33.769231
15,1,98.190476,24.333333
16,1,104.480000,27.280000
18,1,112.769231,23.692308
22,1,137.120000,29.040000
23,1,136.120000,33.800000
32,1,80.423077,32.153846
33,1,84.925926,35.592593
37,1,104.652174,30.086957
39,1,119.680000,34.560000
43,1,135.120000,37.840000
44,1,142.041667,33.041667
54,1,81.782609,41.695652
55,1,80.875000,37.458333
56,1,89.560000,38.280000
60,1,105.120000,36.160000
62,1,115.714286,36.392857
64,1,129.416667,40.125000
66,1,138.541667,40.291667
69,1,151.538462,36.923077
71,1,164.916667,38.166667
72,1,170.928571,37.428571
76,1,179.956522,43.608696
79,1,70.038462,46.538462
81,1,79.272727,38.409091
84,1,93.520000,43.680000
85,1,98.880000,43.800000
88,1,114.689655,40.655172
92,1,132.608696,46.478261
93,1,136.615385,40.807692
98,1,160.500000,37.083333
99,1,161.520000,40.920000
100,1,168.695652,42.086957
101,1,177.833333,41.291667
102,1,182.600000,46.320000
104,1,189.680000,38.600000
107,1,62.880000,42.960000
108,1,68.583333,44.083333
109,1,73.681818,48.318182
112,1,79.958333,50.333333
114,1,97.600000,49.240000
115,1,100.333333,47.851852
116,1,104.791667,45.416667
118,1,120.076923,49.692308
119,1,121.375000,46.666667
120,1,125.740741,50.185185
121,1,131.230769,43.000000
123,1,139.680000,54.080000
125,1,151.785714,49.357143
127,1,160.586207,45.758621
129,1,166.115385,58.153846
130,1,172.680000,44.800000
131,1,177.347826,46.652174
134,1,200.818182,52.363636
137,1,62.291667,53.500000
139,1,63.760000,47.520000
142,1,85.000000,52.384615
146,1,108.160000,47.280000
149,1,117.896552,51.931034
151,1,132.652174,52.739130
152,1,130.217391,49.347826
153,1,134.600000,56.560000
154,1,144.500000,52.269231
155,1,137.807692,49.961538
156,1,147.869565,54.826087
158,1,162.346154,46.769231
159,1,169.090909,54.136364
162,1,180.458333,50.916667
164,1,190.200000,53.000000
166,1,199.269231,57.153846
171,1,61.966667,62.133333
173,1,68.038462,51.153846
174,1,72.520000,58.120000
177,1,91.520000,59.560000
179,1,103.583333,56.291667
180,1,105.200000,58.440000
181,1,108.875000,59.375000
182,1,116.520000,57.640000
184,1,127.333333,54.875000
188,1,151.925926,54.481481
189,1,145.320000,58.800000
191,1,162.538462,54.423077
192,1,164.782609,50.652174
194,1,177.730769,54.807692
197,1,189.840000,60.080000
199,1,204.916667,60.583333
201,1,214.346154,58.653846
202,1,47.458333,71.625000
206,1,58.739130,68.434783
207,1,68.925926,55.259259
212,1,100.000000,65.851852
214,1,100.461538,68.730769
216,1,112.888889,59.740741
217,1,113.480000,62.080000
221,1,143.500000,66.625000
222,1,142.840000,65.880000
226,1,168.125000,61.541667
227,1,162.652174,60.391304
228,1,175.560000,60.120000
232,1,197.416667,63.291667
233,1,193.880000,59.320000
234,1,199.000000,62.120000
237,1,217.760000,65.800000
238,1,40.083333,67.208333
239,1,52.826087,69.173913
240,1,48.440000,67.120000
241,1,66.120000,64.280000
242,1,58.800000,66.120000
244,1,69.360000,69.880000
246,1,82.416667,65.375000
247,1,86.476190,68.666667
249,1,98.920000,71.800000
250,1,101.500000,60.923077
252,1,113.642857,67.071429
254,1,123.230769,66.423077
255,1,126.695652,69.086957
258,1,143.760000,63.840000
259,1,149.740741,69.333333
266,1,179.538462,67.000000
268,1,190.869565,65.652174
271,1,211.120000,66.520000
272,1,213.920000,63.280000
273,1,211.238095,72.047619
274,1,215.629630,70.370370
275,1,37.666667,70.458333
276,1,44.250000,66.000000
277,1,49.730769,65.346154
280,1,65.000000,73.545455
281,1,69.272727,74.909091
282,1,65.391304,69.260870
285,1,86.615385,75.192308
288,1,100.461538,70.615385
290,1,112.652174,72.913043
298,1,151.120000,73.600000
303,1,180.409091,71.590909
304,1,187.040000,70.440000
305,1,192.416667,72.833333
306,1,181.807692,72.346154
307,1,192.500000,75.192308
308,1,206.115385,80.115385
309,1,203.130435,69.695652
310,1,204.869565,68.826087
314,1,39.720000,73.320000
317,1,52.464286,81.142857
320,1,68.074074,79.814815
322,1,79.576923,76.923077
323,1,82.192308,77.192308
324,1,86.653846,78.692308
326,1,97.600000,75.320000
327,1,103.166667,78.166667
329,1,111.961538,77.115385
330,1,116.916667,76.541667
333,1,132.153846,81.346154
334,1,136.160000,78.200000
335,1,138.958333,80.375000
338,1,163.384615,77.538462
340,1,160.080000,78.920000
342,1,174.880000,76.280000
343,1,179.958333,76.958333
344,1,185.730769,76.884615
351,1,221.360000,76.480000
352,1,223.960000,78.440000
353,1,31.760000,82.800000
357,1,51.407407,82.259259
360,1,63.320000,81.920000
364,1,87.280000,83.320000
367,1,102.000000,82.000000
368,1,98.652174,85.608696
370,1,115.760000,81.000000
371,1,122.173913,85.304348
372,1,124.480000,82.000000
373,1,131.160000,86.120000
374,1,137.307692,85.076923
376,1,147.620690,82.827586
377,1,151.440000,87.120000
379,1,154.409091,78.545455
383,1,184.592593,81.296296
384,1,190.000000,83.080000
385,1,190.500000,79.590909
386,1,199.956522,83.304348
387,1,202.913043,74.260870
388,1,206.320000,82.840000
392,1,227.148148,81.629630
394,1,30.863636,86.045455
396,1,43.125000,87.291667
398,1,50.307692,88.730769
400,1,63.846154,88.384615
402,1,68.653846,84.615385
403,1,74.560000,85.240000
407,1,101.576923,89.500000
408,1,103.608696,86.130435
412,1,122.346154,82.961538
413,1,126.800000,87.920000
414,1,137.291667,89.416667
415,1,136.772727,90.181818
417,1,147.826087,91.000000
418,1,156.884615,98.076923
419,1,156.807692,87.461538
426,1,197.120000,89.960000
430,1,211.680000,95.560000
431,1,213.285714,89.392857
435,1,33.000000,94.833333
437,1,37.692308,90.230769
442,1,60.038462,97.038462
443,1,68.769231,94.346154
446,1,78.840000,99.720000
451,1,109.481481,94.925926
452,1,107.320000,93.040000
454,1,125.607143,93.250000
457,1,136.142857,94.321429
459,1,153.500000,91.230769
460,1,151.481481,82.851852
461,1,157.592593,91.000000
462,1,161.400000,91.560000
467,1,188.958333,90.541667
468,1,194.478261,83.608696
469,1,195.458333,91.583333
470,1,196.520000,92.320000
471,1,205.571429,98.678571
472,1,210.200000,94.320000
475,1,230.375000,91.416667
477,1,28.090909,95.863636
478,1,38.772727,93.954545
481,1,47.960000,100.520000
483,1,55.750000,95.964286
484,1,62.333333,94.333333
486,1,79.269231,95.653846
487,1,70.869565,92.956522
488,1,82.769231,93.038462
491,1,97.833333,96.875000
492,1,104.000000,92.400000
493,1,98.041667,101.625000
494,1,111.615385,97.807692
498,1,132.875000,105.000000
500,1,138.400000,97.040000
502,1,150.760000,98.080000
503,1,161.000000,97.730769
505,1,167.208333,98.375000
506,1,174.560000,96.720000
507,1,171.772727,91.181818
508,1,178.240000,95.680000
513,1,203.541667,92.250000
514,1,210.555556,100.370370
516,1,223.384615,95.346154
518,1,227.629630,94.814815
524,1,43.541667,102.125000
525,1,42.000000,109.260870
527,1,57.884615,101.653846
529,1,73.666667,97.083333
531,1,73.880000,104.040000
534,1,94.629630,105.740741
535,1,92.125000,100.666667
536,1,100.714286,100.928571
541,1,127.320000,102.560000
542,1,136.240000,107.840000
543,1,130.880000,101.720000
547,1,154.333333,99.666667
548,1,162.000000,103.840000
549,1,165.782609,104.652174
557,1,205.222222,101.148148
562,1,232.500000,95.708333
563,1,235.920000,99.680000
565,1,30.440000,107.480000
566,1,32.360000,105.240000
568,1,45.166667,105.250000
569,1,49.000000,107.458333
575,1,75.214286,103.500000
579,1,95.724138,112.137931
580,1,105.800000,108.240000
581,1,104.827586,104.655172
582,1,108.307692,107.269231
585,1,126.307692,108.961538
586,1,132.000000,114.576923
593,1,169.695652,100.043478
597,1,185.040000,107.600000
598,1,188.560000,108.480000
600,1,202.500000,110.615385
607,1,236.440000,103.200000
608,1,23.560000,110.880000
611,1,39.695652,112.304348
616,1,62.869565,111.913043
617,1,68.777778,114.444444
618,1,77.291667,114.625000
619,1,77.269231,109.923077
621,1,87.423077,112.423077
622,1,96.880000,116.560000
623,1,97.681818,108.045455
624,1,101.458333,110.041667
628,1,119.565217,114.043478
629,1,124.120000,106.800000
630,1,130.344828,110.137931
637,1,168.576923,107.615385
638,1,168.680000,112.080000
640,1,182.423077,112.923077
642,1,192.875000,112.333333
644,1,198.115385,111.615385
647,1,215.653846,109.884615
652,1,24.750000,115.571429
654,1,32.760000,111.200000
655,1,34.962963,117.444444
656,1,45.928571,118.642857
657,1,49.480000,115.760000
661,1,64.160000,115.880000
663,1,72.407407,113.296296
666,1,97.500000,115.454545
667,1,91.875000,116.291667
669,1,112.481481,121.074074
670,1,112.000000,118.346154
672,1,122.181818,114.136364
673,1,124.217391,115.565217
674,1,135.652174,119.521739
676,1,145.961538,118.769231
677,1,149.178571,121.642857
679,1,157.160000,116.400000
685,1,189.185185,119.296296
687,1,191.833333,121.250000
689,1,207.500000,117.125000
695,1,236.307692,116.461538
698,1,36.083333,124.458333
699,1,39.160000,119.960000
702,1,49.080000,122.560000
704,1,62.320000,123.840000
708,1,87.826087,122.000000
709,1,89.960000,122.680000
710,1,95.166667,120.833333
711,1,94.185185,127.740741
712,1,98.840000,123.040000
714,1,115.269231,127.730769
715,1,116.541667,123.000000
719,1,133.080000,121.800000
721,1,145.250000,124.125000
723,1,159.480000,121.160000
724,1,163.750000,119.916667
725,1,166.920000,124.080000
726,1,173.125000,121.041667
728,1,177.840000,126.360000
729,1,188.130435,125.608696
730,1,189.074074,119.111111
735,1,218.520000,119.520000
737,1,229.714286,119.892857
738,1,232.640000,122.040000
739,1,235.800000,120.120000
742,1,34.869565,122.260870
743,1,39.913043,126.869565
744,1,43.440000,130.920000
745,1,52.565217,126.086957
747,1,51.565217,126.521739
749,1,68.478261,125.956522
750,1,73.708333,128.250000
751,1,76.869565,125.826087
754,1,82.208333,127.833333
755,1,94.884615,126.576923
759,1,117.750000,125.107143
760,1,121.040000,126.880000
762,1,141.160000,129.880000
763,1,134.962963,125.407407
764,1,139.727273,125.090909
765,1,146.730769,129.384615
770,1,168.666667,123.166667
771,1,174.269231,127.346154
772,1,180.851852,128.407407
773,1,182.814815,131.555556
774,1,191.846154,133.653846
777,1,208.217391,126.217391
778,1,213.703704,127.185185
779,1,215.760000,131.200000
780,1,214.791667,124.250000
784,1,23.480000,130.080000
788,1,41.130435,133.173913
790,1,54.166667,133.208333
795,1,79.666667,132.833333
796,1,85.259259,135.481481
797,1,81.076923,131.115385
798,1,98.615385,132.884615
799,1,93.800000,133.800000
803,1,114.230769,134.730769
804,1,119.037037,130.407407
805,1,127.360000,131.680000
806,1,129.708333,134.875000
808,1,140.545455,129.863636
811,1,158.347826,137.826087
812,1,162.800000,134.560000
813,1,164.480000,130.920000
815,1,183.846154,122.269231
817,1,186.535714,129.071429
818,1,192.592593,127.925926
819,1,195.000000,133.840000
823,1,221.227273,129.409091
824,1,218.500000,129.375000
827,1,236.173913,131.000000
828,1,24.791667,129.583333
836,1,61.520000,141.680000
838,1,77.800000,139.320000
839,1,74.440000,135.120000
841,1,91.125000,131.958333
842,1,92.520000,138.760000
843,1,97.740741,137.296296
845,1,120.090909,137.818182
846,1,121.416667,139.708333
847,1,116.458333,139.333333
848,1,121.000000,135.120000
849,1,126.769231,137.461538
850,1,128.833333,127.958333
851,1,135.320000,136.240000
853,1,140.360000,140.960000
856,1,167.769231,132.692308
859,1,183.916667,142.083333
860,1,180.461538,140.000000
863,1,193.875000,139.875000
865,1,209.923077,136.000000
866,1,216.652174,136.347826
867,1,220.375000,137.208333
869,1,223.136364,134.181818
875,1,36.041667,140.833333
877,1,47.923077,142.884615
880,1,63.222222,135.629630
882,1,72.818182,139.409091
883,1,78.807692,147.269231
885,1,94.291667,144.958333
886,1,89.640000,134.120000
887,1,97.120000,142.400000
889,1,110.956522,138.304348
891,1,123.280000,149.080000
892,1,121.642857,140.642857
894,1,135.384615,139.846154
896,1,140.000000,135.480000
898,1,150.400000,142.960000
899,1,159.000000,137.040000
901,1,168.480000,142.880000
904,1,180.227273,144.045455
905,1,188.590909,142.818182
906,1,195.680000,147.320000
910,1,212.040000,141.120000
914,1,232.115385,139.615385
916,1,23.040000,151.720000
920,1,47.541667,147.458333
921,1,44.629630,148.296296
923,1,59.208333,145.375000
927,1,77.571429,146.035714
929,1,88.296296,143.185185
930,1,96.148148,147.962963
931,1,103.423077,154.384615
934,1,109.185185,149.481481
936,1,120.000000,146.160000
939,1,136.960000,149.400000
941,1,147.120000,149.080000
946,1,170.800000,148.150000
948,1,181.545455,146.681818
950,1,196.172414,141.000000
951,1,199.600000,148.480000
952,1,193.923077,147.076923
955,1,210.347826,150.217391
956,1,215.500000,146.250000
959,1,232.125000,149.125000
960,1,22.625000,157.791667
963,1,39.961538,151.807692
964,1,44.680000,150.840000
965,1,46.807692,151.730769
970,1,71.653846,149.653846
975,1,101.680000,151.120000
976,1,98.869565,154.173913
977,1,113.461538,155.500000
978,1,107.884615,156.076923
979,1,112.818182,151.454545
983,1,139.230769,152.346154
985,1,146.291667,143.625000
986,1,150.115385,150.730769
987,1,156.461538,153.115385
989,1,165.296296,152.555556
991,1,171.083333,150.625000
993,1,185.538462,150.538462
998,1,206.958333,153.500000
1000,1,225.043478,150.782609
1001,1,224.461538,156.692308
1002,1,229.800000,152.920000
1004,1,25.360000,154.760000
1005,1,29.041667,159.000000
1010,1,51.360000,154.000000
1012,1,60.625000,155.875000
1015,1,79.280000,156.400000
1016,1,90.916667,148.791667
1019,1,95.541667,156.958333
1020,1,97.888889,160.629630
1021,1,103.884615,159.884615
1024,1,125.240000,158.920000
1025,1,129.200000,156.120000
1026,1,130.615385,159.653846
1031,1,157.576923,153.846154
1040,1,209.916667,156.208333
1041,1,204.478261,163.565217
1042,1,214.458333,157.375000
1043,1,215.840000,153.000000
1046,1,232.666667,154.000000
1048,1,33.045455,161.590909
1049,1,31.166667,159.500000
1050,1,27.083333,161.000000
1053,1,52.040000,160.320000
1054,1,52.869565,160.739130
1057,1,72.851852,161.259259
1062,1,93.800000,163.920000
1063,1,108.521739,149.565217
1064,1,100.160000,165.640000
1070,1,143.320000,164.000000
1071,1,140.269231,162.846154
1076,1,165.240000,159.800000
1079,1,184.000000,165.115385
1082,1,199.958333,160.500000
1083,1,196.166667,165.625000
1084,1,206.391304,158.043478
1086,1,211.708333,158.291667
1087,1,220.791667,159.833333
1089,1,231.565217,164.565217
1090,1,235.068966,159.517241
1095,1,46.560000,170.240000
1099,1,72.833333,166.541667
1100,1,68.500000,167.692308
1102,1,81.481481,169.111111
1104,1,93.173913,167.521739
1105,1,103.115385,174.615385
1108,1,115.080000,169.880000
1109,1,114.520000,165.920000
1111,1,126.250000,170.291667
1117,1,156.440000,167.600000
1120,1,170.416667,171.333333
1122,1,180.080000,164.280000
1124,1,191.444444,177.111111
1125,1,201.666667,165.166667
1126,1,195.074074,167.296296
1128,1,212.240000,167.760000
1129,1,216.461538,163.500000
1131,1,214.538462,172.000000
1132,1,234.041667,164.791667
1133,1,35.160000,175.880000
1136,1,45.148148,176.666667
1137,1,56.357143,172.714286
1139,1,59.640000,171.240000
1140,1,65.230769,171.384615
1141,1,58.750000,169.375000
1145,1,86.071429,171.178571
1146,1,91.076923,171.884615
1147,1,95.136364,171.636364
1148,1,105.000000,168.416667
1149,1,101.217391,180.695652
1153,1,128.076923,171.500000
1154,1,130.040000,164.600000
1155,1,135.181818,171.818182
1156,1,138.720000,171.720000
1160,1,161.240000,173.960000
1162,1,169.166667,171.208333
1164,1,183.576923,170.692308
1165,1,187.800000,172.160000
1166,1,193.458333,169.750000
1169,1,198.304348,181.565217
1171,1,220.333333,164.583333
1173,1,227.695652,173.347826
1174,1,229.272727,169.681818
1175,1,34.680000,173.360000
1176,1,37.000000,178.916667
1177,1,41.380952,179.857143
1178,1,45.380952,179.714286
1179,1,50.680000,173.560000
1181,1,58.791667,174.708333
1184,1,74.480000,175.600000
1185,1,81.571429,178.333333
1186,1,83.590909,177.909091
1189,1,109.538462,180.115385
1190,1,110.086957,179.739130
1192,1,111.592593,177.962963
1193,1,120.560000,176.000000
1196,1,136.130435,174.304348
1200,1,159.320000,178.240000
1201,1,162.076923,179.115385
1203,1,172.625000,178.416667
1204,1,173.642857,174.071429
1208,1,196.782609,182.217391
1209,1,203.892857,176.678571
1210,1,206.086957,177.130435
1212,1,218.125000,169.500000
1213,1,219.884615,173.884615
1214,1,223.592593,177.407407
1216,1,37.925926,175.000000
1218,1,48.576923,179.576923
1220,1,60.173913,182.739130
1222,1,74.538462,180.384615
1223,1,69.166667,184.416667
1224,1,78.208333,181.375000
1225,1,83.769231,182.961538
1229,1,98.791667,184.875000
1230,1,103.480000,173.160000
1231,1,109.478261,184.739130
1234,1,130.739130,182.608696
1235,1,133.280000,177.920000
1236,1,141.321429,185.214286
1238,1,145.538462,184.269231
1241,1,155.750000,173.250000
1243,1,175.500000,182.076923
1244,1,177.960000,176.680000
1246,1,190.230769,180.538462
1247,1,189.320000,182.920000
1248,1,195.961538,186.653846
1249,1,200.880000,178.320000
1250,1,205.217391,182.434783
1254,1,223.360000,182.000000
1256,1,41.958333,189.166667
1259,1,56.391304,186.869565
1261,1,68.666667,180.375000
1266,1,92.434783,185.782609
1267,1,94.346154,190.192308
1268,1,104.625000,183.291667
1270,1,114.120000,185.240000
1272,1,123.517241,191.034483
1276,1,137.208333,178.708333
1277,1,143.727273,187.500000
1279,1,159.400000,181.360000
1287,1,200.518519,191.407407
1288,1,205.666667,180.041667
1289,1,208.269231,191.307692
1290,1,211.260870,184.652174
1291,1,217.260870,187.956522
1292,1,222.956522,187.695652
1294,1,41.363636,193.681818
1298,1,62.583333,197.500000
1300,1,71.250000,188.333333
1303,1,89.083333,191.333333
1304,1,84.791667,193.416667
1305,1,96.346154,189.038462
1308,1,111.086957,191.130435
1310,1,119.846154,197.230769
1313,1,139.360000,189.520000
1318,1,161.739130,190.826087
1321,1,176.730769,190.153846
1323,1,182.629630,196.481481
1324,1,190.333333,194.625000
1325,1,194.653846,193.692308
1326,1,200.346154,188.307692
1327,1,201.960000,194.560000
1328,1,205.333333,185.541667
1329,1,213.080000,195.040000
1331,1,45.166667,191.916667
1332,1,48.230769,196.461538
1334,1,60.814815,195.259259
1335,1,70.666667,194.791667
1336,1,68.333333,195.814815
1342,1,98.321429,196.428571
1344,1,109.230769,195.653846
1345,1,109.259259,197.296296
1347,1,115.958333,191.291667
1348,1,130.400000,200.600000
1349,1,125.370370,196.111111
1351,1,144.576923,201.230769
1353,1,149.653846,195.923077
1358,1,179.333333,194.083333
1359,1,175.038462,195.461538
1361,1,185.869565,202.565217
1363,1,203.153846,197.384615
1365,1,213.076923,189.884615
1370,1,66.040000,196.560000
1374,1,87.125000,202.166667
1375,1,91.041667,208.375000
1376,1,87.291667,200.625000
1378,1,93.962963,204.777778
1382,1,119.208333,196.041667
1384,1,133.478261,199.565217
1386,1,140.142857,198.607143
1387,1,148.962963,205.000000
1388,1,150.923077,200.423077
1391,1,169.173913,203.260870
1395,1,194.217391,200.000000
1396,1,189.000000,204.440000
1398,1,201.500000,192.541667
1401,1,55.440000,206.680000
1402,1,56.750000,205.416667
1406,1,75.416667,207.833333
1409,1,95.875000,203.750000
1410,1,96.720000,209.960000
1411,1,99.708333,206.458333
1413,1,113.480000,208.240000
1416,1,123.826087,199.913043
1417,1,130.346154,205.461538
1424,1,167.000000,201.480000
1425,1,171.125000,199.708333
1427,1,179.692308,211.884615
1429,1,191.600000,204.800000
1430,1,194.730769,206.230769
1431,1,202.653846,205.923077
1433,1,56.666667,211.047619
1434,1,60.681818,208.909091
1435,1,62.500000,213.538462
1437,1,75.833333,212.250000
1438,1,81.227273,211.954545
1441,1,101.840000,210.400000
1443,1,107.777778,215.037037
1444,1,112.692308,212.230769
1450,1,140.541667,213.416667
1451,1,145.240000,214.480000
1455,1,165.739130,215.086957
1456,1,170.192308,209.076923
1458,1,179.480000,215.960000
1460,1,192.076923,207.846154
1461,1,196.840000,211.560000
1467,1,81.296296,216.000000
1468,1,89.600000,218.000000
1469,1,88.200000,216.840000
1472,1,115.720000,222.400000
1474,1,113.458333,213.916667
1476,1,127.600000,217.560000
1478,1,145.962963,213.629630
1480,1,146.200000,213.600000
1483,1,161.535714,215.214286
1484,1,171.916667,213.041667
1485,1,167.400000,212.640000
1487,1,188.115385,219.346154
1489,1,193.280000,215.040000
1492,1,73.333333,220.416667
1496,1,94.680000,215.360000
1498,1,102.400000,221.800000
1499,1,107.360000,219.120000
1500,1,109.208333,222.333333
1504,1,133.304348,221.173913
1506,1,142.480000,220.400000
1507,1,147.565217,222.086957
1512,1,171.520000,219.240000
1515,1,191.400000,222.800000
1516,1,193.347826,219.565217
1526,1,121.250000,224.833333
1527,1,124.920000,228.120000
1529,1,137.083333,226.000000
1530,1,145.000000,225.440000
1531,1,144.640000,227.720000
1534,1,162.346154,222.346154
1535,1,165.666667,226.851852
1537,1,175.807692,214.269231
1538,1,177.360000,227.800000
1540,1,93.320000,232.640000
1542,1,107.304348,235.739130
1543,1,105.357143,232.464286
1547,1,135.576923,228.038462
1548,1,128.041667,230.458333
1552,1,156.181818,234.181818
1555,1,171.576923,228.807692
1556,1,165.958333,222.791667
1558,1,105.520000,230.120000
1559,1,110.291667,237.041667
1560,1,115.840000,237.920000
1561,1,116.391304,235.173913
1566,1,143.208333,235.666667
1567,1,147.862069,236.482759
1569,1,153.800000,231.840000
