ID,type,x COM, y COM
2,2,112.916667,23.833333
5,2,123.714286,20.857143
6,2,128.041667,21.375000
7,2,132.769231,21.038462
9,2,137.708333,21.625000
10,2,151.086957,23.434783
12,2,156.538462,24.423077
13,2,85.600000,30.560000
14,2,89.880000,27.200000
15,2,98.230769,29.115385
16,2,95.307692,25.884615
18,2,107.925926,25.666667
19,2,114.192308,29.076923
22,2,131.000000,26.250000
23,2,134.846154,28.038462
26,2,153.962963,29.259259
31,2,78.240000,34.120000
34,2,90.640000,32.680000
38,2,113.043478,34.130435
39,2,117.280000,35.120000
41,2,130.583333,32.333333
42,2,135.434783,32.869565
45,2,150.166667,32.916667
46,2,154.960000,33.920000
47,2,158.681818,28.954545
51,2,172.925926,30.481481
53,2,74.636364,37.045455
55,2,82.800000,33.750000
57,2,95.681818,36.818182
58,2,94.962963,32.259259
61,2,114.772727,39.636364
62,2,120.920000,39.680000
63,2,121.960000,35.200000
65,2,129.625000,36.958333
66,2,134.961538,38.153846
67,2,139.086957,36.000000
76,2,191.260870,37.608696
77,2,195.272727,41.000000
78,2,62.166667,42.166667
79,2,68.090909,39.227273
81,2,78.840000,44.600000
82,2,79.136364,39.727273
84,2,96.307692,41.615385
85,2,99.960000,45.240000
87,2,105.166667,43.625000
88,2,113.125000,43.125000
89,2,117.750000,45.458333
90,2,121.500000,43.916667
91,2,127.080000,40.680000
92,2,131.833333,42.333333
93,2,139.043478,41.782609
94,2,137.280000,45.240000
96,2,154.000000,40.619048
98,2,157.250000,43.541667
100,2,175.200000,46.560000
101,2,181.000000,42.608696
103,2,185.458333,37.125000
109,2,75.565217,49.347826
110,2,79.125000,50.958333
113,2,93.807692,45.615385
114,2,98.192308,50.000000
115,2,103.040000,49.280000
117,2,107.074074,51.740741
118,2,113.000000,49.000000
122,2,135.333333,49.666667
125,2,151.125000,56.375000
130,2,179.333333,47.666667
131,2,183.961538,46.807692
132,2,189.222222,47.555556
133,2,193.760000,48.280000
134,2,198.400000,48.920000
135,2,198.000000,44.500000
136,2,56.318182,54.000000
137,2,60.083333,53.291667
138,2,62.958333,50.375000
139,2,67.250000,55.250000
140,2,70.750000,52.125000
142,2,80.320000,55.640000
144,2,91.923077,50.461538
146,2,103.545455,55.500000
151,2,125.652174,56.608696
153,2,134.250000,53.041667
155,2,151.458333,60.541667
162,2,179.560000,57.800000
166,2,203.304348,48.000000
167,2,204.160000,53.800000
170,2,57.320000,58.560000
171,2,63.192308,56.769231
173,2,74.960000,54.600000
177,2,90.909091,56.227273
179,2,108.391304,56.521739
181,2,111.619048,59.333333
183,2,130.730769,55.692308
184,2,129.521739,59.478261
185,2,136.814815,57.962963
188,2,145.916667,60.916667
190,2,157.000000,58.434783
192,2,166.809524,61.238095
195,2,179.708333,61.958333
197,2,186.375000,57.500000
200,2,202.909091,64.227273
201,2,204.307692,59.192308
202,2,41.391304,64.695652
203,2,47.500000,63.416667
204,2,54.913043,62.434783
206,2,60.416667,62.833333
211,2,88.960000,65.600000
213,2,95.521739,58.869565
214,2,101.200000,60.080000
216,2,115.875000,62.208333
219,2,133.956522,62.695652
221,2,141.727273,60.863636
223,2,150.608696,65.434783
225,2,155.192308,63.846154
227,2,165.166667,64.833333
230,2,185.166667,61.583333
231,2,188.826087,61.347826
232,2,197.125000,65.166667
233,2,198.708333,61.333333
235,2,209.826087,61.000000
236,2,215.260870,62.608696
240,2,51.846154,65.961538
244,2,72.958333,62.875000
245,2,74.913043,68.217391
247,2,93.680000,68.760000
248,2,92.280000,61.480000
252,2,111.000000,64.000000
257,2,138.333333,62.916667
259,2,145.520000,65.360000
260,2,155.608696,67.782609
263,2,166.333333,70.708333
266,2,182.458333,72.291667
268,2,190.153846,63.769231
269,2,197.863636,69.181818
271,2,209.880000,66.920000
278,2,51.576923,70.307692
280,2,64.714286,74.428571
284,2,87.047619,68.904762
285,2,87.153846,74.769231
286,2,90.809524,72.333333
287,2,95.480000,78.000000
296,2,144.217391,70.304348
297,2,148.640000,70.680000
299,2,153.000000,72.500000
300,2,161.160000,77.680000
304,2,181.130435,76.782609
306,2,192.285714,66.761905
308,2,203.120000,69.280000
309,2,206.541667,65.416667
314,2,37.909091,82.227273
317,2,53.347826,77.000000
320,2,63.541667,77.916667
321,2,70.208333,78.458333
325,2,95.181818,73.954545
327,2,107.461538,78.192308
329,2,112.000000,76.826087
333,2,137.434783,72.478261
334,2,137.000000,77.000000
336,2,142.000000,75.173913
338,2,156.160000,77.760000
340,2,165.120000,81.920000
341,2,170.280000,79.960000
344,2,186.880000,82.440000
349,2,211.083333,77.250000
351,2,223.130435,77.695652
352,2,223.454545,81.863636
354,2,39.142857,86.809524
356,2,49.000000,76.560000
357,2,46.956522,80.173913
358,2,51.884615,82.653846
361,2,77.040000,84.880000
362,2,72.500000,85.045455
365,2,95.428571,83.678571
368,2,104.160000,81.800000
370,2,121.136364,82.363636
371,2,125.120000,81.720000
372,2,128.884615,78.923077
373,2,132.136364,80.636364
374,2,136.000000,82.636364
375,2,141.074074,79.851852
378,2,156.833333,85.208333
379,2,160.880000,83.000000
383,2,182.818182,80.227273
384,2,183.739130,85.391304
385,2,191.217391,81.521739
386,2,192.960000,78.160000
388,2,212.217391,82.478261
391,2,218.520000,82.480000
392,2,230.478261,85.695652
395,2,40.600000,91.440000
397,2,44.608696,87.130435
398,2,50.260870,86.043478
399,2,54.440000,88.320000
405,2,91.269231,79.807692
407,2,94.130435,87.826087
409,2,103.962963,87.629630
410,2,114.791667,84.291667
411,2,119.904762,86.476190
416,2,142.000000,84.200000
418,2,145.565217,89.782609
419,2,152.607143,86.714286
423,2,178.304348,94.000000
425,2,190.260870,85.608696
428,2,194.916667,88.583333
429,2,200.680000,88.840000
431,2,221.920000,89.280000
432,2,220.818182,86.000000
433,2,226.652174,85.913043
438,2,40.041667,96.708333
440,2,49.863636,90.727273
443,2,66.076923,93.653846
444,2,72.545455,92.681818
445,2,76.920000,88.920000
448,2,94.869565,91.826087
449,2,99.392857,88.714286
452,2,110.640000,86.400000
453,2,116.636364,88.818182
454,2,121.346154,93.076923
455,2,124.166667,88.000000
456,2,126.750000,93.125000
457,2,133.615385,91.000000
459,2,145.869565,95.043478
460,2,152.681818,91.545455
462,2,163.956522,96.478261
466,2,181.454545,90.136364
469,2,190.034483,91.241379
471,2,204.409091,92.818182
476,2,232.291667,90.291667
477,2,27.363636,98.590909
478,2,30.920000,96.160000
479,2,35.826087,95.391304
481,2,48.285714,94.571429
482,2,56.640000,97.640000
483,2,58.916667,101.875000
484,2,61.750000,98.000000
485,2,65.807692,98.538462
486,2,71.166667,98.416667
487,2,78.576923,94.423077
488,2,80.625000,99.416667
489,2,89.347826,90.000000
490,2,89.480000,94.160000
491,2,94.520000,96.360000
492,2,99.500000,95.272727
496,2,123.090909,98.272727
497,2,129.863636,98.863636
498,2,133.115385,96.307692
499,2,137.086957,95.086957
501,2,150.040000,94.040000
504,2,161.629630,100.555556
509,2,187.173913,98.782609
510,2,191.807692,98.038462
511,2,198.360000,92.880000
513,2,207.440000,97.840000
515,2,218.000000,101.833333
516,2,222.583333,99.916667
517,2,226.541667,97.000000
518,2,232.000000,96.500000
519,2,236.375000,95.750000
520,2,24.192308,108.000000
521,2,27.615385,103.730769
522,2,32.000000,103.769231
523,2,34.347826,100.000000
527,2,52.920000,101.240000
528,2,63.320000,105.720000
529,2,69.409091,102.272727
530,2,76.461538,101.692308
532,2,81.384615,104.576923
534,2,92.666667,100.583333
538,2,115.666667,103.583333
539,2,121.583333,106.583333
541,2,126.769231,98.884615
542,2,130.680000,104.160000
543,2,137.037037,107.222222
544,2,135.720000,102.080000
547,2,155.956522,102.695652
548,2,161.153846,104.307692
549,2,167.916667,100.500000
550,2,170.565217,105.565217
551,2,176.428571,106.619048
553,2,186.880000,102.520000
554,2,191.160000,104.600000
555,2,194.625000,94.208333
558,2,212.666667,98.333333
564,2,21.600000,114.760000
567,2,36.840000,105.720000
568,2,40.681818,105.727273
569,2,46.434783,108.913043
570,2,55.391304,112.565217
571,2,58.130435,105.304348
574,2,71.692308,107.346154
575,2,75.692308,106.384615
576,2,79.818182,109.681818
579,2,97.120000,101.440000
584,2,125.375000,103.833333
585,2,132.041667,107.958333
586,2,130.652174,112.695652
587,2,135.200000,112.520000
590,2,151.478261,103.521739
591,2,160.347826,110.086957
593,2,167.227273,106.363636
596,2,186.454545,106.909091
598,2,194.791667,106.625000
600,2,204.000000,109.695652
602,2,213.250000,102.875000
603,2,216.913043,107.391304
605,2,229.000000,105.875000
606,2,233.434783,108.086957
607,2,237.045455,106.772727
608,2,24.807692,115.961538
609,2,29.857143,116.000000
610,2,32.863636,108.636364
611,2,37.958333,111.125000
612,2,45.041667,114.333333
614,2,50.173913,115.521739
616,2,63.840000,112.720000
617,2,67.555556,110.407407
618,2,70.250000,114.625000
619,2,74.833333,112.000000
622,2,92.363636,113.318182
625,2,106.080000,109.800000
626,2,112.500000,110.666667
628,2,125.608696,109.434783
631,2,140.000000,112.000000
632,2,141.166667,116.625000
634,2,150.875000,107.958333
635,2,156.625000,107.375000
637,2,165.500000,109.384615
638,2,171.653846,110.730769
639,2,175.958333,112.541667
642,2,194.423077,111.000000
643,2,199.440000,109.880000
645,2,208.583333,111.833333
647,2,213.440000,110.160000
649,2,226.000000,110.272727
651,2,236.083333,113.083333
653,2,27.952381,120.190476
655,2,35.250000,116.625000
657,2,42.695652,109.826087
659,2,56.083333,116.916667
661,2,66.153846,117.730769
663,2,79.260870,114.782609
664,2,85.304348,117.652174
665,2,83.807692,112.692308
666,2,88.555556,113.888889
671,2,112.916667,119.083333
675,2,133.095238,118.380952
676,2,145.040000,121.560000
681,2,162.666667,118.037037
684,2,177.916667,117.916667
686,2,195.913043,116.565217
687,2,199.863636,115.000000
690,2,209.541667,115.791667
692,2,216.040000,120.880000
693,2,223.565217,119.434783
694,2,230.826087,112.173913
696,2,23.720000,121.960000
697,2,30.333333,124.375000
698,2,33.409091,119.863636
700,2,39.916667,116.083333
702,2,50.875000,129.000000
703,2,53.480000,119.520000
705,2,70.625000,120.375000
706,2,63.160000,126.760000
707,2,76.950000,123.000000
708,2,80.000000,119.440000
709,2,88.280000,121.080000
711,2,92.840000,121.600000
712,2,97.500000,121.916667
714,2,113.269231,123.576923
719,2,136.346154,119.615385
720,2,139.884615,121.269231
723,2,161.666667,121.625000
725,2,165.481481,125.925926
728,2,179.708333,123.958333
737,2,220.038462,120.692308
739,2,232.782609,116.869565
740,2,21.956522,129.347826
742,2,37.260870,126.956522
745,2,47.920000,125.960000
747,2,67.000000,127.000000
749,2,64.916667,121.666667
752,2,83.000000,122.916667
755,2,94.826087,126.260870
756,2,107.600000,127.160000
758,2,112.333333,128.833333
761,2,129.040000,130.080000
764,2,145.000000,127.259259
768,2,161.000000,125.826087
774,2,189.400000,133.480000
775,2,195.857143,129.190476
779,2,219.518519,126.518519
780,2,217.217391,131.304348
782,2,235.115385,132.884615
783,2,233.000000,127.000000
786,2,32.260870,129.695652
787,2,35.826087,131.826087
789,2,52.681818,136.636364
791,2,58.363636,131.318182
794,2,66.000000,132.000000
795,2,70.217391,127.521739
796,2,80.791667,134.375000
798,2,97.666667,131.916667
799,2,99.760000,127.280000
801,2,107.043478,131.565217
802,2,112.888889,132.888889
803,2,118.080000,130.600000
804,2,121.600000,137.400000
805,2,122.240000,133.360000
806,2,132.913043,128.956522
809,2,143.120000,132.880000
812,2,161.571429,131.190476
814,2,165.541667,132.541667
818,2,192.550000,131.200000
821,2,205.875000,132.458333
826,2,231.192308,132.192308
829,2,30.875000,134.875000
830,2,35.791667,136.875000
834,2,53.807692,132.346154
835,2,60.240000,136.880000
838,2,71.884615,133.653846
839,2,76.400000,135.920000
846,2,112.846154,138.423077
847,2,116.461538,136.500000
850,2,131.583333,134.541667
851,2,136.869565,133.826087
852,2,143.458333,137.583333
854,2,152.892857,139.607143
856,2,158.240000,131.720000
860,2,185.583333,129.958333
864,2,203.478261,137.391304
865,2,208.173913,136.913043
867,2,219.954545,135.863636
868,2,222.045455,132.772727
869,2,226.347826,135.347826
870,2,227.000000,140.880000
871,2,235.160000,140.800000
872,2,23.000000,144.272727
875,2,34.962963,140.814815
876,2,40.130435,143.826087
878,2,56.173913,138.782609
879,2,60.416667,142.708333
881,2,70.480000,143.400000
885,2,86.791667,147.708333
886,2,91.521739,137.956522
887,2,97.760000,140.440000
888,2,97.208333,145.541667
889,2,107.960000,145.080000
890,2,113.695652,142.869565
891,2,117.478261,146.565217
892,2,119.880000,143.280000
895,2,137.600000,137.320000
897,2,147.347826,140.521739
898,2,157.269231,138.461538
907,2,194.173913,145.086957
915,2,236.750000,147.000000
916,2,21.565217,151.521739
922,2,56.428571,144.285714
927,2,72.227273,149.681818
928,2,82.200000,147.100000
930,2,92.954545,143.090909
934,2,112.750000,147.392857
938,2,135.720000,150.000000
942,2,146.480000,149.720000
944,2,163.600000,149.080000
945,2,162.777778,145.111111
949,2,189.900000,149.566667
951,2,195.608696,149.434783
952,2,198.307692,143.423077
953,2,208.160000,140.880000
954,2,212.040000,150.440000
957,2,226.545455,146.863636
958,2,231.320000,143.360000
961,2,32.259259,150.074074
962,2,37.120000,146.600000
963,2,36.541667,150.958333
964,2,38.500000,154.750000
966,2,50.230769,152.769231
969,2,67.130435,153.130435
970,2,71.280000,155.360000
974,2,88.727273,152.136364
977,2,107.958333,150.750000
978,2,112.041667,152.833333
979,2,116.826087,151.695652
982,2,131.045455,152.363636
983,2,141.222222,151.814815
984,2,138.260870,158.347826
988,2,162.695652,153.565217
990,2,168.380952,147.047619
994,2,196.222222,153.777778
995,2,200.240000,148.440000
1004,2,23.095238,157.047619
1006,2,34.166667,156.208333
1008,2,44.884615,158.384615
1009,2,43.222222,154.555556
1010,2,48.904762,156.523810
1014,2,67.565217,158.608696
1016,2,84.565217,153.217391
1017,2,88.920000,157.160000
1020,2,107.086957,156.086957
1022,2,115.391304,159.217391
1023,2,117.600000,155.720000
1026,2,133.230769,157.500000
1027,2,137.363636,154.318182
1028,2,138.375000,162.750000
1029,2,146.680000,153.840000
1030,2,151.260870,155.869565
1032,2,160.240000,158.320000
1034,2,170.760000,161.440000
1035,2,176.846154,160.423077
1036,2,181.695652,157.434783
1037,2,182.956522,153.869565
1039,2,196.040000,157.840000
1041,2,201.083333,154.958333
1042,2,209.454545,157.045455
1048,2,26.040000,158.960000
1050,2,35.409091,162.090909
1053,2,54.833333,154.583333
1054,2,55.208333,159.125000
1059,2,84.120000,158.080000
1060,2,87.320000,163.760000
1062,2,99.083333,161.875000
1068,2,128.185185,169.000000
1069,2,128.080000,163.480000
1070,2,132.875000,162.166667
1075,2,162.750000,162.125000
1077,2,171.272727,166.136364
1078,2,182.391304,161.565217
1081,2,191.000000,161.521739
1082,2,195.695652,162.217391
1083,2,201.760000,160.760000
1084,2,204.960000,156.240000
1087,2,230.625000,164.875000
1091,2,28.160000,163.720000
1092,2,32.888889,167.222222
1093,2,38.880000,167.000000
1099,2,66.272727,163.500000
1101,2,82.952381,162.190476
1103,2,90.913043,166.260870
1105,2,98.095238,166.190476
1106,2,106.166667,161.250000
1107,2,108.434783,165.173913
1109,2,117.166667,166.250000
1110,2,122.652174,168.434783
1112,2,133.541667,166.458333
1118,2,162.545455,167.136364
1119,2,166.653846,165.115385
1121,2,175.869565,165.173913
1124,2,190.782609,166.130435
1125,2,196.461538,167.730769
1126,2,199.142857,164.476190
1127,2,203.541667,165.291667
1132,2,232.041667,168.458333
1135,2,38.869565,172.956522
1139,2,53.153846,172.807692
1140,2,58.037037,172.407407
1145,2,90.291667,173.291667
1146,2,94.407407,167.185185
1151,2,117.913043,170.434783
1153,2,121.826087,172.869565
1155,2,132.777778,172.000000
1157,2,150.454545,171.954545
1160,2,157.962963,175.481481
1164,2,181.080000,165.480000
1165,2,186.428571,179.142857
1168,2,200.960000,172.640000
1169,2,208.115385,168.500000
1170,2,204.571429,170.428571
1171,2,211.454545,170.090909
1174,2,231.173913,173.913043
1176,2,42.692308,171.653846
1178,2,48.217391,174.565217
1179,2,51.250000,178.416667
1180,2,57.608696,176.956522
1181,2,62.217391,176.826087
1183,2,72.120000,179.320000
1184,2,76.041667,182.083333
1185,2,78.040000,175.440000
1188,2,97.500000,179.363636
1191,2,110.608696,184.304348
1197,2,145.080000,174.040000
1198,2,148.695652,176.869565
1199,2,155.730769,171.653846
1200,2,153.880000,177.160000
1202,2,166.916667,178.833333
1204,2,176.500000,176.500000
1206,2,186.954545,183.590909
1210,2,205.956522,176.608696
1211,2,209.521739,174.695652
1216,2,34.166667,183.500000
1217,2,39.520000,182.680000
1220,2,58.130435,181.652174
1221,2,63.653846,182.576923
1222,2,67.333333,180.000000
1227,2,90.695652,178.956522
1230,2,106.307692,183.692308
1233,2,129.782609,190.260870
1235,2,136.409091,183.000000
1236,2,138.291667,188.041667
1238,2,145.520000,179.560000
1244,2,172.454545,175.636364
1245,2,181.454545,178.636364
1246,2,185.333333,188.185185
1249,2,200.708333,179.041667
1250,2,203.538462,180.807692
1256,2,43.238095,183.523810
1257,2,48.208333,188.291667
1258,2,53.600000,188.880000
1262,2,72.083333,184.583333
1263,2,76.440000,191.400000
1265,2,93.608696,182.217391
1266,2,94.280000,186.760000
1267,2,98.560000,185.640000
1268,2,101.960000,181.440000
1269,2,102.913043,187.434783
1272,2,124.444444,183.666667
1274,2,130.080000,184.000000
1275,2,136.863636,193.590909
1278,2,150.035714,187.464286
1279,2,155.148148,182.111111
1280,2,160.043478,181.434783
1284,2,181.269231,183.615385
1286,2,196.166667,187.500000
1287,2,200.923077,185.807692
1289,2,204.636364,189.545455
1290,2,206.583333,185.458333
1292,2,227.080000,182.360000
1295,2,48.960000,192.640000
1297,2,55.304348,193.478261
1298,2,63.521739,192.043478
1299,2,63.826087,187.130435
1301,2,76.200000,187.560000
1302,2,81.260870,191.521739
1309,2,119.800000,184.680000
1312,2,134.040000,188.080000
1314,2,144.000000,191.538462
1316,2,153.846154,188.923077
1322,2,180.692308,189.192308
1323,2,178.833333,193.250000
1325,2,198.960000,191.200000
1326,2,202.761905,193.761905
1330,2,221.125000,188.458333
1331,2,45.200000,197.880000
1335,2,58.565217,190.391304
1336,2,66.391304,195.434783
1338,2,75.136364,196.181818
1339,2,82.307692,196.269231
1340,2,87.130435,196.652174
1343,2,97.727273,202.681818
1345,2,106.083333,199.083333
1348,2,129.916667,199.541667
1349,2,129.272727,195.590909
1350,2,133.636364,193.954545
1351,2,140.666667,194.476190
1355,2,160.807692,200.230769
1357,2,172.583333,195.666667
1358,2,178.520000,195.640000
1362,2,198.307692,196.230769
1363,2,203.875000,198.166667
1366,2,215.875000,201.625000
1367,2,49.600000,198.560000
1368,2,50.826087,202.782609
1369,2,57.181818,204.000000
1371,2,68.800000,199.840000
1372,2,73.217391,201.478261
1373,2,77.920000,199.160000
1374,2,82.625000,201.041667
1375,2,86.923077,202.500000
1376,2,90.961538,203.576923
1377,2,93.652174,200.304348
1379,2,104.000000,203.500000
1382,2,124.680000,201.080000
1383,2,129.846154,205.423077
1388,2,149.807692,207.615385
1390,2,160.208333,204.625000
1393,2,181.083333,201.916667
1395,2,185.590909,202.272727
1396,2,193.363636,199.318182
1397,2,198.190476,201.047619
1399,2,204.903226,208.483871
1400,2,207.200000,204.880000
1401,2,60.750000,207.166667
1404,2,71.090909,205.181818
1405,2,77.080000,204.400000
1412,2,98.666667,206.666667
1416,2,124.750000,206.000000
1417,2,131.000000,213.625000
1421,2,155.400000,209.280000
1423,2,160.440000,208.960000
1425,2,164.782609,205.695652
1426,2,181.296296,206.703704
1428,2,186.920000,207.080000
1429,2,189.875000,200.750000
1435,2,65.760000,203.800000
1440,2,85.708333,207.458333
1442,2,106.708333,206.958333
1447,2,127.565217,209.347826
1448,2,126.428571,212.571429
1449,2,138.173913,213.913043
1451,2,148.260870,212.086957
1452,2,155.560000,218.480000
1453,2,157.000000,213.863636
1455,2,165.730769,213.769231
1459,2,192.000000,204.782609
1461,2,193.481481,213.814815
1462,2,197.840000,214.200000
1466,2,68.269231,222.076923
1470,2,99.407407,221.000000
1473,2,111.541667,217.875000
1474,2,116.166667,217.583333
1476,2,128.250000,217.250000
1479,2,143.000000,216.269231
1481,2,151.590909,213.454545
1482,2,161.636364,213.318182
1484,2,172.115385,221.076923
1485,2,170.440000,216.040000
1487,2,180.640000,217.520000
1488,2,184.434783,220.391304
1495,2,85.291667,227.375000
1499,2,106.280000,221.200000
1501,2,112.000000,222.869565
1504,2,133.086957,225.826087
1505,2,136.875000,227.083333
1506,2,137.076923,222.192308
1507,2,147.730769,217.538462
1508,2,145.227273,222.090909
1509,2,151.703704,219.962963
1514,2,181.166667,223.291667
1516,2,188.166667,222.083333
1517,2,75.458333,225.916667
1518,2,80.600000,226.000000
1519,2,89.090909,227.136364
1521,2,100.680000,225.640000
1522,2,103.480000,233.040000
1525,2,117.115385,222.038462
1528,2,130.769231,221.423077
1530,2,140.173913,219.260870
1533,2,161.625000,230.125000
1535,2,165.227273,231.636364
1537,2,175.307692,227.500000
1538,2,179.863636,227.272727
1539,2,93.208333,232.500000
1541,2,100.680000,229.640000
1543,2,106.769231,226.346154
1544,2,113.260870,232.217391
1549,2,136.375000,231.541667
1556,2,170.041667,230.875000
1558,2,99.200000,235.240000
1559,2,102.880000,238.680000
1565,2,133.727273,236.363636
1570,2,159.666667,236.833333
1,1,102.080000,33.480000
3,1,118.000000,22.120000
4,1,122.153846,30.500000
8,1,139.920000,24.000000
11,1,148.400000,27.640000
17,1,102.041667,25.791667
20,1,118.888889,27.925926
21,1,126.960000,27.400000
24,1,145.916667,23.291667
25,1,143.708333,27.666667
27,1,174.863636,33.090909
28,1,164.518519,37.481481
29,1,162.074074,33.037037
30,1,162.956522,27.391304
32,1,88.840000,42.760000
33,1,89.083333,44.166667
35,1,101.296296,36.111111
36,1,107.111111,32.777778
37,1,108.038462,38.346154
40,1,122.074074,25.037037
43,1,142.782609,33.782609
44,1,140.400000,29.320000
48,1,172.166667,36.958333
49,1,162.086957,41.652174
50,1,164.454545,43.863636
52,1,180.333333,34.333333
54,1,70.592593,45.185185
56,1,84.739130,39.000000
59,1,102.518519,38.888889
60,1,109.250000,38.875000
64,1,125.818182,33.909091
68,1,146.071429,39.892857
69,1,148.375000,40.833333
70,1,158.370370,37.444444
71,1,166.409091,28.863636
72,1,161.370370,49.814815
73,1,169.000000,44.423077
74,1,167.625000,33.583333
75,1,170.565217,38.565217
80,1,74.961538,43.538462
83,1,86.259259,41.148148
86,1,107.136364,29.454545
95,1,149.708333,39.916667
97,1,144.961538,47.807692
99,1,173.304348,40.391304
102,1,179.230769,38.192308
104,1,190.846154,42.307692
105,1,185.960000,41.600000
106,1,64.086957,45.565217
107,1,69.791667,41.958333
108,1,67.391304,48.173913
111,1,84.571429,44.476190
112,1,87.500000,36.041667
116,1,109.347826,46.173913
119,1,126.720000,47.680000
120,1,120.833333,54.625000
121,1,129.391304,47.956522
123,1,139.869565,54.521739
124,1,148.833333,53.500000
126,1,145.666667,34.541667
127,1,152.400000,46.520000
128,1,163.772727,53.681818
129,1,180.760000,54.160000
141,1,75.041667,62.916667
143,1,87.360000,60.160000
145,1,95.956522,53.608696
147,1,105.791667,61.791667
148,1,116.541667,58.125000
149,1,112.208333,51.833333
150,1,119.214286,50.392857
152,1,124.333333,48.259259
154,1,145.080000,45.840000
156,1,158.000000,47.772727
157,1,163.583333,58.250000
158,1,158.192308,52.500000
159,1,168.913043,46.695652
160,1,170.260870,54.130435
161,1,172.826087,47.521739
163,1,175.760000,54.440000
164,1,192.000000,54.826087
165,1,188.916667,52.750000
168,1,46.720000,60.440000
169,1,51.962963,57.851852
172,1,73.464286,58.464286
174,1,81.777778,71.185185
175,1,81.360000,59.960000
176,1,84.000000,50.666667
178,1,99.318182,56.454545
180,1,104.652174,65.391304
182,1,125.961538,63.230769
186,1,129.600000,48.960000
187,1,144.428571,55.857143
189,1,148.000000,47.750000
191,1,169.269231,50.653846
193,1,170.869565,59.000000
194,1,182.375000,66.458333
196,1,183.481481,51.555556
198,1,194.629630,57.518519
199,1,197.500000,56.375000
205,1,57.791667,67.166667
207,1,80.565217,67.434783
208,1,66.923077,69.769231
209,1,81.640000,63.840000
210,1,85.400000,57.560000
212,1,87.038462,50.653846
215,1,114.130435,71.043478
217,1,116.708333,56.500000
218,1,112.360000,69.440000
220,1,140.360000,68.120000
222,1,141.153846,49.115385
224,1,153.653846,53.153846
226,1,160.480000,61.480000
228,1,177.541667,66.750000
229,1,173.814815,59.703704
234,1,200.192308,53.884615
237,1,215.653846,67.384615
238,1,45.826087,73.260870
239,1,43.000000,69.458333
241,1,61.880000,70.640000
242,1,68.625000,61.583333
243,1,64.500000,63.269231
246,1,76.772727,76.272727
249,1,99.782609,64.043478
250,1,109.758621,69.344828
251,1,96.680000,66.800000
253,1,121.636364,60.181818
254,1,129.541667,64.958333
255,1,119.461538,70.730769
256,1,131.884615,69.884615
258,1,135.666667,68.000000
261,1,161.347826,67.173913
262,1,159.080000,72.560000
264,1,173.041667,73.916667
265,1,170.125000,64.291667
267,1,186.750000,69.250000
270,1,193.045455,72.227273
272,1,215.269231,72.384615
273,1,213.920000,70.160000
274,1,219.692308,68.384615
275,1,39.583333,71.625000
276,1,36.260870,75.217391
277,1,47.041667,69.458333
279,1,59.720000,72.320000
281,1,70.080000,65.920000
282,1,81.807692,76.653846
283,1,77.206897,73.413793
288,1,102.555556,76.888889
289,1,106.500000,72.083333
290,1,120.407407,77.259259
291,1,118.666667,74.833333
292,1,119.269231,66.115385
293,1,125.160000,70.080000
294,1,131.458333,74.208333
295,1,124.880000,69.040000
298,1,160.296296,71.629630
301,1,166.115385,76.346154
302,1,173.692308,64.884615
303,1,170.521739,74.608696
305,1,198.680000,74.600000
307,1,186.960000,73.840000
310,1,207.120000,73.200000
311,1,217.923077,75.076923
312,1,214.962963,89.629630
313,1,31.222222,79.481481
315,1,56.360000,71.920000
316,1,42.115385,77.769231
318,1,56.760000,82.080000
319,1,59.259259,79.407407
322,1,70.080000,73.160000
323,1,85.269231,80.076923
324,1,80.481481,80.703704
326,1,103.925926,93.111111
328,1,100.153846,69.730769
330,1,101.153846,73.269231
331,1,115.920000,80.040000
332,1,126.666667,75.047619
335,1,152.040000,81.240000
337,1,147.440000,75.240000
339,1,177.200000,73.560000
342,1,173.916667,68.791667
343,1,176.173913,79.565217
345,1,189.083333,73.416667
346,1,203.846154,81.653846
347,1,215.391304,86.565217
348,1,200.222222,74.851852
350,1,216.333333,78.291667
353,1,30.227273,85.727273
355,1,39.200000,77.680000
359,1,58.733333,91.866667
360,1,64.750000,84.666667
363,1,73.863636,76.727273
364,1,85.739130,81.782609
366,1,99.846154,82.307692
367,1,104.160000,99.120000
369,1,109.480000,82.720000
376,1,149.520000,78.400000
377,1,146.760000,81.720000
380,1,175.615385,82.961538
381,1,178.214286,86.857143
382,1,174.692308,86.423077
387,1,206.692308,88.153846
389,1,206.291667,76.708333
390,1,212.125000,92.583333
393,1,32.518519,76.925926
394,1,35.826087,90.478261
396,1,44.037037,82.740741
400,1,67.833333,91.333333
401,1,64.120000,89.800000
402,1,68.230769,85.115385
403,1,65.809524,81.523810
404,1,86.708333,104.541667
406,1,88.166667,85.875000
408,1,112.280000,93.240000
412,1,129.958333,87.958333
413,1,133.000000,86.280000
414,1,130.960000,87.840000
415,1,139.913043,87.782609
417,1,149.080000,85.560000
420,1,169.208333,96.000000
421,1,165.500000,86.750000
422,1,158.304348,89.173913
424,1,185.480000,95.360000
426,1,196.807692,84.076923
427,1,197.565217,78.260870
430,1,200.444444,83.370370
434,1,222.909091,93.727273
435,1,34.080000,86.120000
436,1,29.892857,91.714286
437,1,26.840000,91.320000
439,1,45.444444,101.259259
441,1,60.520000,86.640000
442,1,54.222222,94.222222
446,1,82.720000,88.520000
447,1,82.434783,88.565217
450,1,103.115385,101.192308
451,1,112.461538,97.192308
458,1,140.565217,97.782609
461,1,160.652174,90.391304
463,1,164.960000,91.840000
464,1,177.040000,97.560000
465,1,170.440000,85.680000
467,1,181.541667,99.750000
468,1,185.173913,91.391304
470,1,197.423077,99.500000
472,1,208.678571,85.214286
473,1,222.000000,91.541667
474,1,218.043478,96.652174
475,1,229.043478,92.869565
480,1,44.520000,93.360000
493,1,108.208333,90.666667
494,1,119.884615,102.576923
495,1,115.583333,93.625000
500,1,141.400000,92.160000
502,1,145.875000,110.625000
503,1,157.720000,95.160000
505,1,170.000000,92.523810
506,1,174.250000,91.291667
507,1,172.875000,102.583333
508,1,175.000000,98.791667
512,1,203.080000,101.000000
514,1,208.320000,89.800000
524,1,42.538462,99.269231
525,1,49.720000,110.080000
526,1,45.956522,100.913043
531,1,75.041667,95.750000
533,1,84.346154,94.269231
535,1,96.571429,107.607143
536,1,110.285714,105.952381
537,1,107.818182,97.181818
540,1,117.720000,97.400000
545,1,150.080000,99.560000
546,1,156.680000,96.920000
552,1,180.956522,110.086957
556,1,201.826087,96.608696
557,1,208.080000,103.360000
559,1,225.541667,103.750000
560,1,219.166667,110.291667
561,1,221.960000,112.200000
562,1,236.363636,101.181818
563,1,232.296296,102.037037
565,1,27.652174,110.478261
566,1,32.217391,112.347826
572,1,60.920000,116.440000
573,1,67.227273,105.545455
577,1,86.464286,98.571429
578,1,86.538462,108.730769
580,1,101.217391,106.652174
581,1,112.360000,105.120000
582,1,108.080000,114.720000
583,1,106.560000,103.520000
588,1,145.653846,101.500000
589,1,144.960000,104.200000
592,1,162.080000,113.520000
594,1,181.538462,105.461538
595,1,179.653846,110.230769
597,1,188.000000,110.916667
599,1,197.208333,103.500000
601,1,203.120000,104.720000
604,1,220.520000,109.200000
613,1,49.846154,104.269231
615,1,53.888889,107.777778
620,1,92.720000,107.000000
621,1,98.000000,115.958333
623,1,100.038462,111.307692
624,1,102.769231,119.461538
627,1,118.142857,113.000000
629,1,128.740741,119.777778
630,1,125.333333,114.714286
633,1,139.960000,101.400000
636,1,150.863636,113.409091
640,1,185.814815,112.814815
641,1,188.259259,119.407407
644,1,209.375000,107.083333
646,1,209.090909,122.727273
648,1,223.608696,103.565217
650,1,226.760000,114.440000
652,1,26.571429,126.642857
654,1,35.791667,123.666667
656,1,42.173913,119.652174
658,1,48.250000,120.083333
660,1,59.260870,109.913043
662,1,74.933333,118.200000
667,1,88.307692,102.923077
668,1,94.291667,116.250000
669,1,102.296296,112.185185
670,1,103.840000,124.400000
672,1,114.520000,114.680000
673,1,119.333333,109.916667
674,1,126.428571,126.428571
677,1,144.115385,106.000000
678,1,150.080000,118.320000
679,1,156.200000,123.480000
680,1,156.240000,114.200000
682,1,175.800000,132.100000
683,1,170.240000,115.120000
685,1,190.125000,115.458333
688,1,205.560000,125.160000
689,1,201.750000,118.583333
691,1,211.375000,119.916667
695,1,235.695652,120.130435
699,1,44.863636,131.318182
701,1,42.416667,127.375000
704,1,54.875000,123.625000
710,1,84.560000,126.000000
713,1,107.708333,121.833333
715,1,124.640000,117.560000
716,1,117.840000,119.040000
717,1,121.923077,117.730769
718,1,124.038462,127.038462
721,1,145.320000,114.640000
722,1,154.458333,128.291667
724,1,173.678571,119.678571
726,1,168.461538,119.346154
727,1,173.964286,125.892857
729,1,182.640000,119.880000
730,1,194.956522,118.913043
731,1,186.000000,121.250000
732,1,191.565217,123.608696
733,1,204.920000,115.880000
734,1,199.791667,125.708333
735,1,212.304348,129.782609
736,1,225.040000,125.760000
738,1,229.200000,122.280000
741,1,26.000000,133.120000
743,1,41.840000,138.120000
744,1,39.961538,125.961538
746,1,59.615385,122.346154
748,1,73.960000,125.920000
750,1,79.200000,128.280000
751,1,75.760000,130.600000
753,1,84.625000,135.583333
754,1,90.600000,128.440000
757,1,105.888889,121.444444
759,1,118.583333,124.500000
760,1,129.166667,121.208333
762,1,134.423077,124.692308
763,1,149.250000,126.000000
765,1,151.480000,120.800000
766,1,156.136364,113.772727
767,1,152.960000,120.920000
769,1,169.347826,118.608696
770,1,174.454545,127.727273
771,1,185.760000,126.080000
772,1,182.071429,131.892857
773,1,194.074074,126.259259
776,1,199.400000,122.760000
777,1,215.652174,116.217391
778,1,207.909091,127.045455
781,1,227.760000,121.440000
784,1,27.384615,138.000000
785,1,25.086957,133.217391
788,1,45.640000,122.640000
790,1,57.333333,126.740741
792,1,63.120000,134.240000
793,1,68.120000,137.600000
797,1,88.480000,130.760000
800,1,104.840000,135.720000
807,1,138.888889,129.851852
808,1,139.750000,126.458333
810,1,151.192308,133.923077
811,1,153.041667,132.541667
813,1,162.440000,140.800000
815,1,179.791667,131.666667
816,1,186.681818,146.500000
817,1,176.000000,142.590909
819,1,199.192308,131.730769
820,1,187.720000,140.320000
822,1,213.400000,125.360000
823,1,213.208333,141.416667
824,1,224.680000,130.000000
825,1,230.920000,125.080000
827,1,230.960000,137.560000
828,1,22.040000,137.160000
831,1,43.629630,135.111111
832,1,51.500000,141.375000
833,1,48.384615,133.807692
836,1,64.740741,140.555556
837,1,64.565217,146.434783
840,1,85.173913,129.652174
841,1,93.166667,137.083333
842,1,87.240000,141.760000
843,1,101.958333,137.958333
844,1,93.923077,132.846154
845,1,104.344828,136.517241
848,1,120.173913,127.739130
849,1,124.296296,142.777778
853,1,148.000000,134.640000
855,1,151.640000,150.760000
857,1,169.555556,127.740741
858,1,176.857143,138.678571
859,1,183.240000,135.360000
861,1,194.080000,139.480000
862,1,200.166667,134.833333
863,1,198.259259,134.629630
866,1,212.080000,134.160000
873,1,28.115385,147.423077
874,1,30.480000,144.320000
877,1,52.909091,148.181818
880,1,77.884615,148.423077
882,1,79.222222,142.481481
883,1,73.520000,138.880000
884,1,84.000000,142.653846
893,1,126.115385,148.346154
894,1,137.041667,141.541667
896,1,141.846154,142.461538
899,1,162.200000,135.680000
900,1,156.640000,144.320000
901,1,169.869565,136.173913
902,1,166.880000,137.520000
903,1,172.083333,136.125000
904,1,177.200000,139.840000
905,1,188.280000,143.560000
906,1,183.280000,140.080000
908,1,203.600000,143.920000
909,1,195.708333,139.000000
910,1,214.541667,145.666667
911,1,216.153846,136.961538
912,1,221.125000,147.916667
913,1,222.080000,140.400000
914,1,222.130435,146.956522
917,1,28.625000,141.791667
918,1,46.666667,146.962963
919,1,43.083333,149.000000
920,1,47.692308,148.000000
921,1,45.565217,140.130435
923,1,60.304348,148.565217
924,1,67.826087,147.086957
925,1,73.076923,146.269231
926,1,78.454545,156.863636
929,1,84.000000,139.625000
931,1,100.818182,149.318182
932,1,103.636364,147.318182
933,1,107.695652,138.130435
935,1,124.461538,159.461538
936,1,127.565217,144.782609
937,1,130.217391,147.304348
939,1,135.958333,145.458333
940,1,132.000000,141.590909
941,1,142.240000,146.640000
943,1,158.423077,149.615385
946,1,173.269231,150.961538
947,1,169.884615,143.346154
948,1,175.346154,146.653846
950,1,183.600000,149.520000
955,1,210.782609,146.739130
956,1,217.347826,142.826087
959,1,236.115385,154.692308
960,1,26.428571,151.821429
965,1,44.769231,141.346154
967,1,60.461538,154.576923
968,1,62.083333,159.666667
971,1,76.875000,153.250000
972,1,78.190476,153.190476
973,1,91.360000,149.040000
975,1,101.607143,152.928571
976,1,102.791667,143.041667
980,1,129.739130,139.434783
981,1,122.148148,152.222222
985,1,125.076923,137.961538
986,1,152.888889,146.481481
987,1,147.760000,144.800000
989,1,174.884615,155.730769
991,1,170.600000,157.480000
992,1,179.541667,147.583333
993,1,177.521739,151.913043
996,1,205.851852,147.962963
997,1,221.291667,150.500000
998,1,227.083333,169.208333
999,1,215.904762,152.142857
1000,1,220.347826,163.565217
1001,1,219.269231,156.000000
1002,1,228.695652,151.217391
1003,1,234.173913,148.260870
1005,1,27.888889,154.111111
1007,1,40.714286,160.142857
1011,1,57.600000,149.880000
1012,1,58.444444,163.222222
1013,1,63.391304,171.434783
1015,1,74.818182,160.318182
1018,1,93.833333,157.000000
1019,1,101.480000,155.560000
1021,1,113.200000,163.680000
1024,1,125.240000,154.080000
1025,1,128.291667,157.125000
1031,1,156.692308,152.653846
1033,1,168.200000,152.240000
1038,1,190.304348,154.043478
1040,1,206.923077,152.307692
1043,1,217.782609,162.000000
1044,1,226.000000,161.500000
1045,1,215.560000,156.120000
1046,1,232.416667,151.291667
1047,1,232.360000,160.920000
1049,1,31.458333,161.083333
1051,1,48.750000,165.541667
1052,1,51.807692,162.576923
1055,1,62.600000,154.160000
1056,1,66.961538,174.923077
1057,1,86.181818,176.227273
1058,1,71.111111,170.074074
1061,1,94.074074,151.555556
1063,1,111.041667,158.875000
1064,1,98.083333,156.791667
1065,1,119.652174,160.608696
1066,1,109.720000,169.320000
1067,1,123.518519,163.925926
1071,1,153.307692,164.000000
1072,1,157.740741,163.259259
1073,1,151.416667,161.416667
1074,1,153.040000,157.760000
1076,1,165.769231,157.538462
1079,1,188.875000,156.875000
1080,1,186.333333,164.041667
1085,1,209.555556,162.703704
1086,1,214.043478,159.782609
1088,1,212.333333,166.041667
1089,1,233.428571,157.666667
1090,1,225.000000,168.807692
1094,1,46.590909,170.136364
1095,1,42.840000,163.480000
1096,1,68.960000,167.080000
1097,1,57.000000,168.240000
1098,1,71.320000,162.600000
1100,1,80.090909,171.772727
1102,1,80.360000,163.080000
1104,1,93.125000,161.166667
1108,1,105.230769,177.884615
1111,1,139.727273,178.272727
1113,1,143.880000,159.840000
1114,1,139.481481,167.037037
1115,1,146.240000,167.600000
1116,1,141.880000,168.920000
1117,1,156.545455,168.409091
1120,1,169.846154,171.269231
1122,1,186.916667,167.000000
1123,1,183.840000,168.680000
1128,1,219.730769,169.230769
1129,1,215.750000,166.125000
1130,1,226.041667,176.875000
1131,1,219.115385,172.384615
1133,1,31.407407,171.000000
1134,1,31.923077,175.153846
1136,1,32.846154,173.038462
1137,1,50.681818,168.363636
1138,1,46.400000,180.120000
1141,1,60.800000,165.400000
1142,1,76.045455,166.409091
1143,1,81.961538,168.038462
1144,1,87.320000,170.160000
1147,1,102.217391,168.391304
1148,1,112.148148,175.777778
1149,1,98.500000,174.076923
1150,1,112.166667,170.833333
1152,1,123.480000,176.520000
1154,1,130.086957,180.043478
1156,1,140.695652,181.521739
1158,1,144.814815,162.000000
1159,1,149.148148,164.925926
1161,1,165.840000,170.720000
1162,1,178.875000,170.875000
1163,1,185.040000,174.320000
1166,1,197.478261,172.608696
1167,1,194.541667,174.416667
1172,1,220.875000,183.083333
1173,1,228.615385,156.615385
1175,1,37.956522,177.913043
1177,1,43.840000,162.840000
1182,1,69.041667,166.833333
1186,1,89.080000,185.000000
1187,1,88.208333,173.875000
1189,1,96.958333,175.458333
1190,1,103.269231,173.923077
1192,1,112.640000,179.720000
1193,1,115.777778,178.000000
1194,1,125.416667,176.916667
1195,1,132.392857,177.250000
1196,1,138.400000,171.080000
1201,1,161.916667,174.291667
1203,1,174.080000,171.080000
1205,1,179.576923,178.153846
1207,1,193.680000,182.080000
1208,1,191.259259,176.666667
1209,1,191.615385,171.192308
1212,1,217.952381,174.761905
1213,1,220.840000,178.360000
1214,1,224.275862,157.379310
1215,1,33.545455,179.090909
1218,1,50.222222,181.888889
1219,1,43.304348,176.782609
1223,1,81.173913,183.434783
1224,1,83.260870,187.043478
1225,1,84.750000,181.041667
1226,1,80.333333,171.458333
1228,1,102.956522,163.956522
1229,1,106.000000,172.680000
1231,1,118.038462,187.961538
1232,1,117.541667,178.583333
1234,1,125.130435,177.739130
1237,1,137.080000,175.560000
1239,1,150.160000,182.280000
1240,1,165.200000,178.800000
1241,1,171.428571,189.095238
1242,1,168.000000,193.875000
1243,1,171.192308,178.384615
1247,1,192.500000,185.083333
1248,1,194.708333,179.750000
1251,1,212.440000,178.200000
1252,1,209.846154,183.653846
1253,1,220.307692,174.192308
1254,1,229.695652,178.565217
1255,1,36.136364,187.863636
1259,1,58.541667,186.208333
1260,1,72.760000,174.440000
1261,1,68.080000,188.560000
1264,1,80.370370,178.814815
1270,1,115.653846,191.038462
1271,1,110.480000,197.840000
1273,1,122.583333,192.666667
1276,1,141.590909,185.954545
1277,1,145.560000,185.840000
1281,1,166.965517,197.793103
1282,1,163.814815,183.666667
1283,1,176.571429,186.678571
1285,1,189.384615,192.615385
1288,1,210.680000,191.680000
1291,1,213.000000,182.384615
1293,1,42.360000,187.440000
1294,1,40.230769,192.076923
1296,1,52.666667,183.962963
1300,1,70.363636,189.136364
1303,1,95.038462,192.846154
1304,1,89.250000,192.125000
1305,1,86.785714,189.500000
1306,1,103.086957,195.695652
1307,1,102.608696,191.173913
1308,1,116.416667,187.416667
1310,1,120.346154,196.653846
1311,1,121.500000,190.346154
1313,1,148.480000,201.440000
1315,1,157.500000,188.464286
1317,1,156.346154,197.500000
1318,1,159.869565,187.478261
1319,1,173.400000,183.960000
1320,1,174.280000,199.760000
1321,1,168.958333,183.208333
1324,1,192.607143,194.964286
1327,1,212.240000,199.880000
1328,1,214.730769,186.769231
1329,1,217.791667,185.541667
1332,1,44.240000,192.760000
1333,1,54.666667,197.416667
1334,1,59.250000,195.892857
1337,1,71.560000,194.280000
1341,1,91.000000,194.520000
1342,1,97.590909,196.772727
1344,1,110.555556,190.518519
1346,1,111.680000,204.880000
1347,1,124.384615,194.769231
1352,1,160.240000,195.840000
1353,1,146.958333,195.833333
1354,1,149.857143,194.928571
1356,1,162.678571,191.535714
1359,1,183.782609,196.086957
1360,1,185.260870,194.739130
1361,1,191.291667,189.000000
1364,1,213.482759,190.379310
1365,1,216.357143,196.035714
1370,1,57.555556,200.962963
1378,1,97.166667,215.000000
1380,1,102.956522,193.347826
1381,1,113.730769,198.000000
1384,1,134.160000,200.400000
1385,1,134.884615,205.461538
1386,1,142.160000,204.600000
1387,1,143.720000,209.040000
1389,1,153.782609,204.434783
1391,1,176.826087,202.565217
1392,1,168.320000,200.640000
1394,1,169.652174,204.956522
1398,1,211.200000,199.040000
1402,1,62.360000,199.880000
1403,1,63.181818,211.636364
1406,1,70.961538,210.500000
1407,1,92.750000,208.958333
1408,1,83.952381,220.428571
1409,1,97.681818,211.590909
1410,1,100.125000,198.000000
1411,1,112.043478,215.652174
1413,1,111.458333,208.708333
1414,1,112.250000,195.500000
1415,1,119.230769,201.192308
1418,1,140.653846,207.192308
1419,1,144.923077,198.192308
1420,1,139.347826,200.521739
1422,1,153.160000,196.040000
1424,1,168.480000,189.720000
1427,1,180.826087,214.000000
1430,1,199.440000,208.880000
1431,1,200.777778,204.703704
1432,1,208.565217,195.000000
1433,1,67.863636,208.909091
1434,1,68.125000,214.250000
1436,1,72.636364,219.227273
1437,1,67.760000,215.800000
1438,1,80.260870,212.913043
1439,1,81.238095,206.142857
1441,1,91.600000,218.080000
1443,1,115.884615,204.230769
1444,1,110.000000,213.833333
1445,1,120.777778,207.333333
1446,1,114.391304,210.565217
1450,1,150.750000,202.000000
1454,1,162.960000,224.280000
1456,1,174.560000,205.960000
1457,1,168.115385,210.307692
1458,1,186.090909,211.590909
1460,1,202.666667,202.166667
1463,1,75.434783,215.260870
1464,1,65.166667,217.000000
1465,1,82.956522,218.130435
1467,1,89.913043,215.782609
1468,1,87.500000,211.125000
1469,1,95.565217,224.043478
1471,1,92.720000,214.000000
1472,1,106.652174,213.782609
1475,1,120.185185,212.259259
1477,1,134.458333,217.208333
1478,1,135.875000,210.750000
1480,1,138.136364,207.136364
1483,1,159.590909,218.954545
1486,1,179.000000,209.956522
1489,1,194.160000,207.640000
1490,1,188.666667,211.625000
1491,1,81.272727,212.227273
1492,1,76.115385,221.653846
1493,1,81.960000,218.760000
1494,1,76.074074,209.296296
1496,1,87.833333,219.916667
1497,1,102.727273,212.136364
1498,1,104.366667,218.366667
1500,1,108.863636,229.227273
1502,1,123.730769,217.461538
1503,1,125.913043,223.130435
1510,1,160.461538,221.038462
1511,1,176.846154,220.115385
1512,1,172.653846,209.846154
1513,1,175.269231,215.576923
1515,1,188.038462,216.384615
1520,1,102.227273,210.909091
1523,1,114.250000,227.125000
1524,1,121.461538,231.576923
1526,1,127.346154,228.769231
1527,1,128.120000,235.800000
1529,1,143.880000,225.560000
1531,1,147.125000,229.166667
1532,1,156.916667,227.083333
1534,1,166.923077,219.884615
1536,1,170.807692,224.807692
1540,1,93.458333,222.208333
1542,1,108.280000,233.640000
1545,1,115.541667,237.375000
1546,1,119.360000,235.640000
1547,1,130.925926,231.444444
1548,1,143.730769,231.807692
1550,1,143.518519,237.370370
1551,1,155.458333,230.875000
1552,1,140.250000,229.916667
1553,1,149.840000,227.240000
1554,1,153.846154,224.538462
1555,1,167.040000,226.320000
1557,1,94.555556,229.111111
1560,1,110.375000,236.166667
1561,1,117.565217,228.478261
1562,1,121.458333,221.500000
1563,1,124.692308,229.307692
1564,1,123.269231,229.115385
1566,1,139.458333,236.333333
1567,1,148.600000,234.840000
1568,1,154.037037,233.777778
1569,1,156.416667,233.750000
