ID,type,x COM, y COM
1,2,102.173913,22.869565
2,2,107.230769,22.500000
3,2,112.000000,22.000000
4,2,116.727273,23.136364
5,2,121.391304,23.782609
6,2,127.583333,21.541667
8,2,136.521739,22.130435
9,2,141.961538,22.461538
10,2,147.653846,23.000000
12,2,155.958333,21.208333
18,2,111.560000,27.520000
19,2,116.400000,27.400000
20,2,123.040000,26.680000
27,2,158.111111,26.666667
31,2,76.666667,35.083333
34,2,92.560000,31.800000
35,2,97.576923,31.884615
37,2,106.458333,31.291667
39,2,117.571429,31.821429
41,2,128.080000,32.240000
42,2,132.680000,32.840000
43,2,137.000000,31.192308
45,2,146.592593,32.851852
47,2,157.720000,31.680000
48,2,162.739130,31.260870
50,2,173.458333,32.000000
51,2,177.782609,31.521739
53,2,72.954545,35.454545
58,2,97.040000,37.360000
60,2,107.037037,36.629630
61,2,111.391304,37.347826
62,2,116.880000,36.760000
69,2,152.230769,35.692308
70,2,156.958333,36.791667
71,2,160.863636,36.500000
72,2,165.538462,37.115385
73,2,171.000000,37.000000
81,2,77.000000,42.916667
82,2,82.142857,42.000000
83,2,86.291667,41.125000
85,2,97.409091,43.000000
86,2,101.250000,42.583333
89,2,117.769231,41.423077
91,2,126.880000,41.960000
92,2,132.000000,43.217391
93,2,136.347826,42.434783
94,2,141.333333,42.083333
98,2,163.160000,42.040000
99,2,167.750000,42.000000
101,2,177.640000,41.960000
103,2,187.160000,42.560000
105,2,196.208333,41.791667
107,2,62.760000,46.680000
113,2,91.480000,49.000000
115,2,101.130435,47.869565
116,2,106.480000,46.520000
117,2,111.272727,47.363636
118,2,115.500000,46.708333
120,2,127.384615,47.576923
121,2,132.148148,47.962963
125,2,152.583333,46.000000
127,2,161.629630,46.740741
128,2,167.173913,47.521739
131,2,183.142857,46.904762
132,2,187.720000,47.800000
133,2,193.000000,47.545455
134,2,197.400000,46.360000
135,2,201.960000,47.360000
137,2,57.461538,51.807692
138,2,61.760000,52.760000
139,2,65.920000,52.280000
140,2,71.346154,51.884615
141,2,76.857143,51.571429
142,2,82.416667,52.208333
143,2,87.090909,52.090909
146,2,101.428571,53.333333
148,2,112.478261,51.782609
149,2,116.960000,52.520000
152,2,131.636364,52.636364
153,2,136.500000,51.769231
154,2,140.692308,53.346154
155,2,146.333333,52.740741
157,2,156.916667,52.250000
158,2,161.222222,51.333333
160,2,171.740741,52.185185
163,2,185.636364,52.136364
164,2,191.566667,52.700000
166,2,202.120000,53.280000
168,2,47.760000,56.440000
169,2,51.720000,57.280000
171,2,60.909091,57.045455
173,2,71.760000,57.320000
174,2,76.407407,55.814815
177,2,91.269231,57.038462
178,2,98.000000,57.590909
180,2,107.000000,56.925926
181,2,111.840000,55.720000
184,2,127.125000,57.500000
185,2,132.833333,57.041667
186,2,138.185185,58.148148
188,2,147.458333,56.375000
191,2,161.750000,57.000000
193,2,171.869565,57.521739
194,2,176.777778,56.888889
195,2,182.040000,57.240000
196,2,186.680000,57.040000
197,2,192.291667,56.708333
199,2,202.521739,58.217391
200,2,207.200000,57.280000
201,2,212.478261,58.347826
202,2,42.851852,61.925926
204,2,52.083333,62.125000
205,2,55.913043,62.173913
209,2,77.166667,60.833333
210,2,81.600000,60.880000
212,2,91.500000,62.666667
213,2,96.148148,61.259259
214,2,102.730769,61.615385
215,2,109.160000,61.600000
219,2,125.925926,62.555556
220,2,130.640000,62.080000
221,2,135.541667,61.333333
223,2,146.909091,62.227273
224,2,151.523810,62.857143
226,2,162.260870,61.913043
227,2,166.629630,61.814815
228,2,174.208333,60.958333
232,2,192.620690,61.000000
233,2,197.500000,61.958333
235,2,207.160000,62.200000
236,2,212.423077,62.692308
238,2,43.541667,67.833333
239,2,48.700000,67.750000
240,2,53.680000,67.640000
241,2,58.160000,66.480000
242,2,60.653846,69.384615
243,2,65.720000,65.920000
244,2,71.851852,66.703704
246,2,82.000000,67.444444
252,2,111.888889,67.037037
253,2,116.285714,67.761905
254,2,121.173913,67.304348
255,2,126.600000,67.760000
256,2,131.826087,67.130435
257,2,136.192308,66.769231
258,2,140.291667,65.416667
260,2,152.333333,67.761905
261,2,156.666667,64.916667
262,2,161.423077,66.846154
267,2,186.956522,66.478261
270,2,201.040000,67.000000
274,2,220.760000,68.400000
275,2,37.363636,71.272727
277,2,46.880000,71.800000
278,2,52.916667,72.125000
280,2,62.681818,72.000000
282,2,72.666667,71.416667
283,2,76.500000,72.227273
284,2,81.500000,72.923077
286,2,92.272727,71.954545
287,2,97.500000,72.000000
288,2,101.714286,72.500000
295,2,137.760000,70.840000
297,2,146.125000,72.708333
299,2,156.518519,71.111111
303,2,176.884615,72.538462
308,2,203.500000,72.000000
309,2,207.583333,72.208333
310,2,211.695652,71.956522
313,2,33.615385,75.653846
316,2,47.791667,76.083333
317,2,51.923077,77.576923
319,2,62.076923,77.076923
320,2,67.192308,75.769231
321,2,72.458333,76.541667
322,2,78.461538,76.769231
325,2,92.083333,77.083333
326,2,96.961538,77.000000
328,2,106.869565,76.434783
329,2,111.730769,77.576923
330,2,115.360000,77.840000
331,2,121.920000,76.560000
332,2,126.909091,76.227273
336,2,147.541667,77.041667
340,2,166.185185,76.888889
342,2,177.851852,78.111111
346,2,194.750000,77.791667
347,2,201.400000,76.680000
348,2,206.708333,78.041667
350,2,217.444444,77.185185
352,2,228.041667,76.291667
357,2,50.708333,81.958333
361,2,71.416667,80.791667
362,2,76.307692,81.961538
365,2,91.083333,81.916667
366,2,96.333333,82.250000
368,2,107.500000,81.538462
370,2,117.960000,81.520000
371,2,122.423077,81.884615
372,2,126.909091,80.863636
373,2,131.680000,82.120000
374,2,137.666667,80.916667
375,2,142.583333,81.041667
379,2,162.869565,81.652174
380,2,167.703704,82.592593
382,2,176.192308,81.961538
383,2,181.880000,82.560000
384,2,186.880000,82.360000
385,2,191.541667,81.958333
386,2,197.592593,81.185185
389,2,212.791667,81.041667
390,2,215.920000,83.320000
391,2,221.307692,82.115385
392,2,226.590909,82.545455
394,2,32.074074,87.740741
395,2,37.000000,87.346154
396,2,41.888889,87.222222
397,2,46.920000,88.520000
401,2,68.000000,87.666667
402,2,72.240000,86.240000
403,2,76.826087,87.000000
404,2,82.653846,87.423077
405,2,87.863636,86.454545
408,2,101.500000,86.769231
409,2,106.814815,86.814815
411,2,117.818182,87.000000
413,2,127.360000,85.760000
415,2,137.730769,84.961538
417,2,146.760000,87.040000
418,2,151.625000,87.125000
421,2,165.518519,87.222222
422,2,170.360000,88.040000
424,2,181.400000,88.240000
426,2,191.173913,86.869565
427,2,196.400000,85.640000
430,2,211.818182,87.454545
431,2,217.125000,87.416667
434,2,231.000000,86.038462
435,2,26.625000,92.750000
436,2,31.500000,92.500000
442,2,62.958333,90.708333
444,2,72.600000,91.320000
445,2,77.260870,92.043478
446,2,84.222222,90.925926
449,2,98.478261,91.217391
450,2,102.590909,91.727273
451,2,107.375000,92.333333
459,2,147.666667,91.740741
462,2,161.500000,93.090909
463,2,165.727273,92.409091
470,2,201.476190,90.571429
472,2,211.869565,92.173913
473,2,217.115385,91.769231
474,2,221.869565,92.826087
476,2,231.962963,92.259259
477,2,28.000000,97.681818
479,2,37.652174,96.826087
480,2,43.040000,96.680000
481,2,47.730769,97.000000
482,2,52.695652,98.260870
483,2,58.153846,97.192308
485,2,66.608696,95.260870
490,2,92.666667,97.185185
492,2,101.600000,96.720000
493,2,106.608696,97.043478
497,2,127.250000,97.500000
498,2,132.080000,97.160000
501,2,147.653846,97.153846
504,2,161.869565,98.521739
507,2,176.090909,96.772727
508,2,181.888889,96.777778
509,2,187.320000,96.640000
511,2,197.636364,95.863636
513,2,206.440000,97.440000
515,2,216.480000,97.440000
517,2,225.904762,96.666667
518,2,232.000000,97.500000
519,2,237.208333,97.000000
520,2,23.476190,100.857143
522,2,31.250000,101.750000
523,2,36.434783,101.565217
525,2,46.208333,102.041667
526,2,51.260870,102.695652
528,2,60.791667,102.625000
532,2,82.400000,103.120000
534,2,90.640000,101.000000
535,2,95.826087,102.000000
537,2,106.391304,102.043478
540,2,122.652174,101.695652
542,2,131.760000,101.520000
543,2,136.520000,102.840000
546,2,151.379310,102.551724
548,2,162.791667,102.416667
550,2,172.259259,102.074074
551,2,177.520000,100.360000
552,2,181.230769,102.269231
556,2,201.680000,102.080000
557,2,206.760000,102.760000
558,2,212.363636,101.136364
560,2,223.592593,101.370370
561,2,226.692308,102.615385
563,2,235.850000,101.700000
565,2,28.720000,107.680000
567,2,37.208333,106.125000
571,2,57.666667,107.416667
576,2,80.958333,108.291667
578,2,93.400000,106.640000
582,2,111.714286,105.428571
583,2,117.000000,106.500000
585,2,127.166667,107.083333
586,2,131.954545,106.818182
589,2,147.120000,106.480000
590,2,153.375000,107.958333
591,2,157.782609,107.391304
594,2,172.142857,107.357143
595,2,176.360000,106.880000
597,2,186.086957,106.608696
600,2,201.625000,107.458333
602,2,211.304348,106.782609
605,2,226.461538,108.346154
608,2,22.391304,112.260870
609,2,26.880000,111.680000
611,2,36.826087,111.043478
612,2,42.916667,111.500000
614,2,51.826087,112.652174
618,2,71.583333,112.166667
619,2,76.615385,112.384615
620,2,83.227273,111.272727
624,2,104.782609,109.956522
627,2,116.884615,110.846154
628,2,122.720000,111.760000
629,2,127.416667,112.458333
630,2,131.772727,111.454545
632,2,142.280000,111.600000
633,2,146.960000,111.040000
641,2,186.520000,111.120000
643,2,196.880000,109.960000
644,2,201.772727,113.272727
646,2,211.592593,112.074074
648,2,221.538462,111.846154
649,2,228.083333,112.541667
653,2,26.920000,116.760000
656,2,42.080000,116.400000
657,2,45.708333,117.208333
661,2,66.714286,117.178571
670,2,111.666667,117.875000
672,2,120.458333,115.666667
673,2,125.304348,117.565217
675,2,134.760000,114.600000
678,2,151.576923,117.730769
680,2,160.125000,118.666667
681,2,166.333333,118.083333
682,2,172.840000,118.120000
683,2,177.173913,116.260870
689,2,205.375000,117.125000
693,2,226.375000,116.625000
694,2,231.680000,117.400000
697,2,26.400000,122.120000
702,2,50.739130,122.869565
705,2,66.846154,122.461538
706,2,73.291667,123.416667
714,2,112.296296,121.925926
716,2,122.000000,121.333333
718,2,132.695652,120.086957
720,2,141.518519,122.259259
721,2,146.230769,120.730769
722,2,151.269231,121.692308
723,2,158.125000,122.208333
726,2,171.913043,122.130435
728,2,182.791667,121.875000
730,2,191.875000,123.625000
731,2,196.625000,121.708333
732,2,202.500000,121.958333
738,2,230.160000,121.000000
741,2,27.269231,126.384615
742,2,31.500000,126.750000
743,2,35.880000,127.960000
745,2,45.923077,126.230769
749,2,67.000000,127.111111
752,2,82.153846,128.038462
753,2,86.695652,126.304348
758,2,112.320000,126.960000
762,2,131.739130,125.565217
764,2,142.280000,126.520000
766,2,152.500000,126.230769
770,2,171.280000,127.160000
773,2,187.041667,126.875000
774,2,192.260870,128.434783
775,2,196.958333,127.083333
776,2,201.107143,126.285714
777,2,206.720000,126.840000
778,2,211.391304,126.434783
785,2,26.192308,131.115385
787,2,37.347826,132.521739
788,2,42.640000,131.960000
789,2,47.800000,130.640000
794,2,73.076923,133.500000
796,2,83.357143,132.285714
797,2,88.692308,130.961538
801,2,106.130435,133.173913
804,2,121.500000,130.653846
806,2,132.307692,131.038462
807,2,136.240000,131.960000
808,2,141.680000,132.280000
811,2,156.521739,132.739130
812,2,160.846154,132.538462
814,2,173.307692,132.269231
816,2,183.000000,130.000000
818,2,191.807692,132.576923
819,2,197.307692,132.500000
820,2,202.440000,132.080000
823,2,216.148148,131.925926
826,2,231.625000,133.041667
827,2,237.238095,131.904762
829,2,27.555556,136.888889
830,2,32.115385,135.923077
834,2,52.291667,138.375000
836,2,61.464286,136.964286
838,2,70.454545,136.136364
840,2,82.769231,136.576923
841,2,87.520000,137.680000
842,2,92.037037,137.518519
843,2,96.695652,136.956522
846,2,112.076923,137.346154
851,2,135.384615,137.076923
855,2,155.692308,136.423077
856,2,162.200000,138.440000
860,2,181.923077,135.846154
861,2,187.416667,137.000000
862,2,192.666667,137.407407
863,2,197.695652,137.478261
864,2,202.592593,136.814815
866,2,213.304348,138.000000
867,2,217.666667,136.666667
868,2,222.653846,137.846154
869,2,228.791667,136.916667
871,2,237.826087,138.695652
874,2,31.291667,141.250000
875,2,36.500000,140.821429
876,2,41.913043,142.130435
877,2,46.846154,142.653846
878,2,52.041667,142.250000
880,2,61.636364,141.272727
881,2,67.083333,141.916667
882,2,72.521739,140.608696
887,2,97.360000,141.600000
888,2,102.777778,142.814815
889,2,108.346154,142.192308
890,2,112.600000,141.960000
891,2,117.250000,142.291667
894,2,130.916667,142.791667
896,2,142.416667,141.458333
897,2,148.000000,141.681818
901,2,166.884615,140.076923
903,2,176.809524,142.190476
904,2,181.952381,141.380952
907,2,196.750000,141.875000
908,2,202.083333,142.291667
909,2,206.730769,140.576923
910,2,211.370370,142.481481
911,2,217.130435,142.173913
912,2,221.760000,142.600000
913,2,227.000000,141.384615
915,2,238.000000,144.714286
917,2,26.814815,146.740741
918,2,31.692308,146.500000
920,2,40.846154,146.038462
922,2,51.440000,146.480000
923,2,56.875000,147.750000
930,2,91.960000,146.480000
932,2,102.333333,147.041667
933,2,107.739130,148.173913
934,2,112.120000,147.120000
935,2,117.800000,146.600000
938,2,132.000000,148.230769
941,2,145.500000,145.583333
942,2,150.653846,147.000000
946,2,172.416667,147.000000
947,2,177.653846,146.538462
948,2,182.407407,146.592593
949,2,186.583333,147.916667
950,2,192.192308,146.653846
951,2,197.320000,147.240000
953,2,208.521739,145.739130
956,2,222.923077,147.192308
957,2,227.560000,147.160000
961,2,26.880000,151.880000
962,2,31.739130,151.434783
963,2,36.478261,152.217391
964,2,41.800000,151.280000
969,2,66.130435,152.695652
972,2,82.185185,152.481481
973,2,86.846154,152.115385
974,2,92.826087,151.739130
975,2,97.703704,151.666667
979,2,115.782609,150.652174
981,2,126.360000,152.360000
982,2,130.318182,153.409091
990,2,171.777778,151.629630
991,2,177.444444,152.370370
992,2,182.000000,151.653846
993,2,188.000000,152.416667
995,2,198.208333,152.208333
996,2,203.166667,151.500000
998,2,209.086957,151.565217
1004,2,22.185185,155.629630
1006,2,33.307692,157.000000
1008,2,41.346154,155.769231
1011,2,55.869565,157.826087
1013,2,66.916667,156.875000
1014,2,72.153846,157.346154
1015,2,77.653846,157.038462
1019,2,96.217391,157.521739
1021,2,109.000000,158.833333
1022,2,112.440000,157.880000
1024,2,122.884615,158.230769
1025,2,126.826087,157.521739
1026,2,133.000000,156.041667
1027,2,137.961538,156.192308
1032,2,162.384615,155.538462
1034,2,171.680000,157.040000
1035,2,175.500000,157.541667
1040,2,201.160000,156.560000
1045,2,224.600000,157.000000
1046,2,231.111111,157.444444
1047,2,236.761905,156.619048
1050,2,36.320000,161.720000
1052,2,46.583333,163.041667
1054,2,57.296296,161.925926
1056,2,66.826087,161.434783
1060,2,86.192308,162.076923
1061,2,91.423077,161.923077
1062,2,97.500000,161.363636
1065,2,111.913043,163.956522
1066,2,116.000000,161.500000
1068,2,127.541667,162.458333
1070,2,136.565217,162.000000
1071,2,143.083333,161.458333
1072,2,148.357143,161.392857
1073,2,153.074074,162.962963
1076,2,167.629630,160.074074
1077,2,171.565217,162.869565
1081,2,192.217391,162.434783
1082,2,197.320000,161.360000
1085,2,212.461538,160.769231
1087,2,222.000000,162.440000
1088,2,226.444444,161.444444
1089,2,232.346154,162.115385
1094,2,42.208333,165.583333
1100,2,70.680000,165.680000
1106,2,101.120000,168.440000
1107,2,106.750000,167.500000
1108,2,113.250000,168.166667
1111,2,126.346154,166.538462
1112,2,131.800000,166.520000
1115,2,147.791667,166.208333
1117,2,156.333333,166.333333
1118,2,161.040000,167.960000
1120,2,172.240000,167.040000
1121,2,177.296296,167.407407
1123,2,187.680000,167.040000
1124,2,191.880000,167.200000
1125,2,196.851852,166.259259
1127,2,206.750000,168.416667
1128,2,212.080000,167.720000
1132,2,233.086957,166.652174
1133,2,26.391304,170.565217
1139,2,57.240000,171.760000
1143,2,78.818182,173.500000
1145,2,86.000000,172.375000
1147,2,96.640000,171.320000
1150,2,112.640000,173.200000
1151,2,117.130435,172.782609
1153,2,127.040000,171.720000
1154,2,131.916667,171.333333
1156,2,141.956522,172.086957
1157,2,146.500000,171.500000
1159,2,156.800000,170.880000
1162,2,172.083333,171.750000
1165,2,186.800000,173.320000
1166,2,191.576923,172.153846
1167,2,197.625000,170.708333
1168,2,201.833333,172.333333
1169,2,207.840000,172.440000
1170,2,211.961538,173.038462
1175,2,31.727273,177.045455
1178,2,49.000000,177.833333
1180,2,57.600000,176.040000
1181,2,62.200000,176.920000
1183,2,73.041667,176.416667
1184,2,76.923077,176.846154
1186,2,86.680000,176.960000
1187,2,92.000000,177.000000
1190,2,107.875000,176.583333
1193,2,122.583333,177.958333
1195,2,132.464286,177.107143
1197,2,141.545455,176.681818
1198,2,147.125000,176.791667
1199,2,152.333333,177.416667
1209,2,201.607143,177.750000
1210,2,206.200000,177.160000
1213,2,222.791667,176.041667
1215,2,32.440000,180.960000
1216,2,37.521739,181.304348
1217,2,41.916667,183.083333
1218,2,46.640000,182.440000
1219,2,52.153846,181.153846
1220,2,57.920000,181.480000
1231,2,112.130435,183.043478
1232,2,118.250000,182.250000
1235,2,132.384615,182.538462
1236,2,137.142857,181.285714
1237,2,142.925926,180.629630
1238,2,147.047619,182.380952
1241,2,162.130435,182.869565
1242,2,167.160000,182.960000
1243,2,172.041667,181.041667
1244,2,176.125000,180.500000
1249,2,202.130435,182.956522
1251,2,211.090909,184.954545
1254,2,225.520000,181.760000
1258,2,51.769231,185.884615
1261,2,68.000000,186.600000
1262,2,72.360000,185.680000
1264,2,83.160000,186.440000
1269,2,108.583333,187.708333
1270,2,112.956522,187.086957
1271,2,117.636364,186.909091
1272,2,121.772727,187.818182
1275,2,136.800000,186.840000
1276,2,141.807692,185.500000
1277,2,146.782609,186.869565
1279,2,158.040000,186.800000
1282,2,173.458333,185.208333
1283,2,177.884615,187.153846
1284,2,181.884615,187.346154
1287,2,195.857143,188.000000
1290,2,211.208333,189.208333
1291,2,215.678571,185.214286
1292,2,221.833333,187.041667
1293,2,38.272727,191.590909
1295,2,48.136364,192.727273
1297,2,56.875000,192.458333
1298,2,62.391304,191.565217
1299,2,69.172414,191.965517
1302,2,82.125000,192.166667
1305,2,97.090909,192.272727
1308,2,111.629630,192.777778
1312,2,132.240000,191.520000
1314,2,141.814815,190.814815
1315,2,146.629630,191.851852
1317,2,157.434783,191.869565
1318,2,162.250000,192.458333
1320,2,173.107143,190.678571
1322,2,181.875000,192.208333
1325,2,196.391304,193.130435
1326,2,200.086957,190.826087
1328,2,212.192308,192.807692
1329,2,217.680000,190.720000
1330,2,221.826087,191.869565
1334,2,57.153846,197.346154
1336,2,66.000000,197.500000
1344,2,106.260870,197.391304
1346,2,117.625000,196.708333
1349,2,132.080000,197.000000
1350,2,136.416667,198.041667
1354,2,157.192308,196.230769
1357,2,172.320000,198.320000
1358,2,177.400000,196.880000
1359,2,182.500000,197.230769
1360,2,186.857143,196.095238
1361,2,190.888889,197.222222
1363,2,201.884615,196.000000
1365,2,213.888889,196.962963
1366,2,218.304348,196.739130
1368,2,52.208333,202.125000
1369,2,56.954545,202.136364
1370,2,61.833333,202.000000
1372,2,74.045455,201.363636
1375,2,86.666667,203.666667
1377,2,96.583333,201.750000
1381,2,116.625000,200.541667
1382,2,122.814815,201.888889
1383,2,127.739130,201.521739
1384,2,131.833333,202.458333
1385,2,137.038462,202.269231
1386,2,142.000000,202.000000
1387,2,146.920000,201.520000
1391,2,166.185185,203.333333
1392,2,172.320000,202.480000
1396,2,192.230769,201.923077
1399,2,207.695652,202.130435
1400,2,210.480000,199.680000
1402,2,58.260870,207.695652
1403,2,61.500000,207.500000
1406,2,77.280000,206.920000
1411,2,102.320000,207.120000
1412,2,107.916667,207.375000
1414,2,116.833333,207.750000
1417,2,132.461538,207.038462
1418,2,139.041667,206.375000
1419,2,142.560000,207.520000
1420,2,147.037037,207.777778
1421,2,152.043478,206.782609
1422,2,156.600000,205.960000
1423,2,161.153846,207.615385
1424,2,166.480000,207.400000
1425,2,172.346154,207.115385
1427,2,181.954545,207.409091
1428,2,187.178571,206.714286
1429,2,191.350000,207.750000
1435,2,65.600000,209.640000
1440,2,92.360000,210.680000
1446,2,121.035714,209.928571
1448,2,130.625000,212.583333
1450,2,142.192308,212.192308
1451,2,147.956522,212.217391
1454,2,161.521739,212.173913
1455,2,167.615385,211.461538
1456,2,172.520000,212.120000
1458,2,183.041667,212.625000
1459,2,187.500000,212.333333
1464,2,67.760000,216.080000
1466,2,77.214286,216.250000
1467,2,82.961538,216.692308
1468,2,86.454545,217.863636
1470,2,97.500000,216.500000
1476,2,125.640000,217.400000
1478,2,136.125000,216.833333
1480,2,146.666667,217.125000
1484,2,167.173913,218.217391
1485,2,170.280000,216.720000
1486,2,176.200000,216.680000
1487,2,181.535714,217.250000
1488,2,187.041667,217.125000
1493,2,77.869565,221.739130
1494,2,83.760000,222.000000
1496,2,91.260870,221.347826
1497,2,97.000000,220.920000
1498,2,101.000000,223.041667
1500,2,110.625000,224.000000
1505,2,137.000000,221.347826
1508,2,151.833333,223.333333
1509,2,156.280000,221.240000
1510,2,162.629630,221.037037
1512,2,173.260870,220.565217
1514,2,181.480000,221.440000
1515,2,186.173913,222.739130
1516,2,191.192308,222.000000
1518,2,81.769231,226.807692
1521,2,96.434783,226.478261
1522,2,101.250000,227.416667
1523,2,107.444444,227.962963
1528,2,130.346154,227.307692
1530,2,143.125000,227.041667
1532,2,152.476190,227.857143
1533,2,157.076923,225.576923
1535,2,166.000000,226.000000
1537,2,176.600000,229.480000
1540,2,92.423077,231.615385
1541,2,96.695652,232.000000
1544,2,111.380952,234.095238
1546,2,121.678571,232.250000
1547,2,127.428571,231.714286
1548,2,132.125000,232.333333
1551,2,146.222222,231.074074
1552,2,151.535714,232.035714
1553,2,157.653846,231.692308
1554,2,162.200000,231.200000
1555,2,165.958333,232.458333
1559,2,106.125000,236.708333
1560,2,111.000000,238.875000
1561,2,116.296296,236.888889
1562,2,122.130435,237.304348
1566,2,141.173913,237.913043
1567,2,146.545455,236.818182
1568,2,151.166667,237.250000
1570,2,160.307692,236.807692
7,1,132.440000,21.960000
11,1,152.730769,23.961538
13,1,87.280000,27.800000
14,1,92.800000,26.760000
15,1,97.125000,25.208333
16,1,100.230769,28.461538
17,1,106.708333,27.458333
21,1,127.565217,27.565217
22,1,131.045455,26.454545
23,1,136.333333,26.666667
24,1,141.888889,27.296296
25,1,145.851852,28.222222
26,1,151.791667,29.625000
28,1,163.181818,26.636364
29,1,166.863636,26.681818
30,1,170.480000,27.800000
32,1,84.083333,31.583333
33,1,89.214286,33.785714
36,1,102.913043,32.391304
38,1,112.461538,33.346154
40,1,123.000000,31.840000
44,1,141.040000,33.560000
46,1,151.863636,28.954545
49,1,167.703704,32.444444
52,1,177.960000,37.000000
54,1,78.807692,38.307692
55,1,82.000000,34.500000
56,1,87.360000,37.880000
57,1,92.000000,39.111111
59,1,101.961538,37.653846
63,1,122.185185,36.888889
64,1,127.478261,36.956522
65,1,132.600000,37.640000
66,1,136.560000,37.920000
67,1,142.461538,38.307692
68,1,148.826087,37.739130
74,1,178.545455,36.954545
75,1,182.600000,37.080000
76,1,185.565217,35.000000
77,1,190.458333,38.125000
78,1,62.846154,42.807692
79,1,68.333333,41.958333
80,1,72.652174,41.478261
84,1,92.954545,43.136364
87,1,106.269231,42.153846
88,1,111.880000,42.040000
90,1,122.807692,43.307692
95,1,147.307692,42.500000
96,1,152.000000,41.000000
97,1,157.640000,43.080000
100,1,171.360000,43.000000
102,1,180.958333,41.208333
104,1,191.240000,43.120000
106,1,56.666667,48.083333
108,1,67.640000,47.280000
109,1,72.000000,46.958333
110,1,77.769231,47.192308
111,1,82.640000,46.480000
112,1,86.407407,47.444444
114,1,95.125000,47.708333
119,1,120.296296,45.962963
122,1,138.807692,47.423077
123,1,143.269231,47.461538
124,1,147.444444,47.111111
126,1,156.041667,45.958333
129,1,173.111111,48.037037
130,1,177.560000,46.160000
136,1,52.041667,51.833333
144,1,92.920000,53.160000
145,1,97.791667,52.208333
147,1,106.291667,50.750000
150,1,122.461538,50.269231
151,1,126.782609,53.086957
156,1,151.680000,51.240000
159,1,167.000000,53.416667
161,1,177.840000,51.400000
162,1,180.956522,51.782609
165,1,197.727273,51.227273
167,1,207.000000,52.347826
170,1,57.458333,57.791667
172,1,65.807692,57.653846
175,1,82.720000,57.200000
176,1,87.080000,58.400000
179,1,103.739130,56.130435
182,1,118.740741,58.333333
183,1,121.074074,56.666667
187,1,144.125000,59.375000
189,1,152.080000,57.040000
190,1,157.080000,57.520000
192,1,166.629630,55.481481
198,1,197.500000,55.769231
203,1,47.640000,62.760000
206,1,61.625000,62.750000
207,1,68.807692,60.653846
208,1,72.000000,62.961538
211,1,85.318182,62.772727
216,1,113.769231,61.423077
217,1,117.900000,62.050000
218,1,122.200000,60.640000
222,1,143.160000,63.120000
225,1,156.500000,61.000000
229,1,174.791667,66.458333
230,1,179.040000,62.520000
231,1,186.230769,61.538462
234,1,202.291667,62.958333
237,1,218.869565,64.086957
245,1,77.416667,66.625000
247,1,87.896552,67.103448
248,1,93.185185,67.333333
249,1,97.538462,66.846154
250,1,102.416667,65.583333
251,1,107.000000,66.538462
259,1,147.840000,67.280000
263,1,167.269231,67.692308
264,1,171.041667,65.250000
265,1,179.400000,67.200000
266,1,182.291667,66.291667
268,1,191.375000,66.458333
269,1,196.666667,67.125000
271,1,206.913043,66.956522
272,1,212.636364,67.772727
273,1,215.962963,68.814815
276,1,41.478261,72.434783
279,1,57.346154,75.076923
281,1,68.000000,70.961538
285,1,86.115385,71.692308
289,1,105.520000,71.320000
290,1,110.260870,71.913043
291,1,115.576923,72.884615
292,1,121.600000,72.840000
293,1,124.692308,71.076923
294,1,129.916667,72.666667
296,1,142.923077,72.269231
298,1,151.291667,72.458333
300,1,161.416667,70.916667
301,1,168.000000,72.666667
302,1,170.307692,71.307692
304,1,183.120000,72.120000
305,1,185.629630,71.740741
306,1,192.346154,72.115385
307,1,196.793103,71.517241
311,1,220.480000,74.520000
312,1,222.130435,72.565217
314,1,39.200000,78.520000
315,1,40.920000,76.080000
318,1,58.173913,78.956522
323,1,81.583333,79.750000
324,1,86.480000,76.360000
327,1,100.680000,78.960000
333,1,132.560000,76.920000
334,1,135.560000,75.640000
335,1,140.423077,75.576923
337,1,153.600000,79.800000
338,1,155.440000,76.320000
339,1,161.185185,75.703704
341,1,171.958333,76.333333
343,1,182.478261,77.130435
344,1,189.407407,75.148148
345,1,191.925926,75.629630
349,1,212.068966,76.551724
351,1,224.608696,78.478261
353,1,34.307692,81.038462
354,1,37.291667,83.583333
355,1,42.916667,80.500000
356,1,46.565217,83.086957
358,1,56.153846,82.769231
359,1,64.259259,82.333333
360,1,65.800000,82.240000
363,1,82.347826,83.608696
364,1,87.200000,79.840000
367,1,103.076923,81.576923
369,1,112.666667,83.541667
376,1,146.076923,82.153846
377,1,151.961538,81.115385
378,1,158.480000,81.160000
381,1,171.520000,80.880000
387,1,202.500000,82.285714
388,1,207.925926,82.851852
393,1,28.153846,86.500000
398,1,51.040000,88.560000
399,1,55.173913,86.869565
400,1,59.814815,86.592593
406,1,91.923077,87.923077
407,1,94.272727,87.954545
410,1,112.120000,87.800000
412,1,122.347826,87.260870
414,1,133.360000,86.840000
416,1,141.240000,87.640000
419,1,157.033333,86.533333
420,1,160.666667,87.791667
423,1,176.555556,86.296296
425,1,185.960000,87.440000
428,1,201.884615,87.230769
429,1,206.666667,88.083333
432,1,221.791667,87.208333
433,1,226.357143,88.250000
437,1,37.964286,92.464286
438,1,42.909091,91.636364
439,1,49.560000,93.560000
440,1,55.535714,92.250000
441,1,59.833333,92.708333
443,1,68.181818,91.681818
447,1,86.708333,94.500000
448,1,94.166667,91.208333
452,1,113.375000,94.500000
453,1,112.800000,90.800000
454,1,122.925926,90.518519
455,1,127.304348,91.347826
456,1,130.730769,92.230769
457,1,136.041667,91.708333
458,1,141.423077,91.653846
460,1,153.280000,91.120000
461,1,157.043478,93.478261
464,1,170.040000,93.400000
465,1,175.800000,91.200000
466,1,180.370370,92.074074
467,1,187.360000,92.000000
468,1,191.625000,92.541667
469,1,196.083333,90.500000
471,1,206.880000,92.960000
475,1,227.307692,92.538462
478,1,32.800000,96.800000
484,1,63.240000,98.080000
486,1,72.043478,96.869565
487,1,78.652174,97.565217
488,1,82.428571,96.642857
489,1,85.074074,96.629630
491,1,97.192308,96.115385
494,1,111.440000,98.400000
495,1,118.807692,96.038462
496,1,121.400000,94.280000
499,1,136.480000,96.200000
500,1,142.037037,95.444444
502,1,152.708333,96.583333
503,1,156.923077,98.538462
505,1,166.080000,98.000000
506,1,171.730769,94.961538
510,1,193.142857,97.178571
512,1,203.037037,95.555556
514,1,211.785714,97.821429
516,1,220.333333,98.625000
521,1,26.920000,102.680000
524,1,41.125000,102.000000
527,1,56.333333,102.962963
529,1,66.440000,101.920000
530,1,71.037037,101.592593
531,1,76.960000,101.000000
533,1,87.083333,103.916667
536,1,101.555556,101.925926
538,1,116.400000,100.080000
539,1,116.480000,101.640000
541,1,126.739130,102.652174
544,1,140.642857,99.964286
545,1,146.640000,102.200000
547,1,155.666667,102.541667
549,1,168.125000,102.625000
553,1,186.600000,101.840000
554,1,191.800000,101.000000
555,1,197.928571,100.857143
559,1,216.652174,103.565217
562,1,230.960000,101.880000
564,1,22.833333,107.250000
566,1,32.607143,107.678571
568,1,42.692308,106.461538
569,1,49.461538,107.076923
570,1,53.083333,107.708333
572,1,62.695652,108.347826
573,1,68.038462,105.346154
574,1,73.500000,106.583333
575,1,77.153846,105.307692
577,1,87.692308,107.846154
579,1,96.461538,108.461538
580,1,101.416667,106.083333
581,1,108.347826,109.347826
584,1,121.777778,106.481481
587,1,138.043478,107.652174
588,1,142.185185,105.185185
592,1,161.833333,107.291667
593,1,167.000000,108.423077
596,1,180.800000,107.560000
598,1,191.250000,105.571429
599,1,196.478261,106.652174
601,1,207.142857,108.000000
603,1,217.730769,107.500000
604,1,220.640000,106.920000
606,1,232.120000,109.440000
607,1,236.730769,106.346154
610,1,32.136364,113.818182
613,1,46.777778,111.407407
615,1,57.888889,112.370370
616,1,66.040000,111.920000
617,1,69.440000,110.760000
621,1,89.107143,113.821429
622,1,93.360000,113.000000
623,1,98.080000,112.200000
625,1,107.565217,109.913043
626,1,111.961538,112.653846
631,1,137.260870,110.956522
634,1,150.958333,113.083333
635,1,158.080000,112.960000
636,1,162.160000,112.920000
637,1,165.892857,113.392857
638,1,170.769231,113.500000
639,1,176.384615,112.423077
640,1,181.777778,112.259259
642,1,191.888889,111.740741
645,1,205.880000,111.440000
647,1,214.800000,113.000000
650,1,233.259259,110.925926
651,1,236.625000,110.291667
652,1,22.115385,117.615385
654,1,33.740741,117.962963
655,1,36.958333,115.000000
658,1,51.541667,115.541667
659,1,56.500000,119.000000
660,1,61.346154,115.692308
662,1,71.400000,119.320000
663,1,75.960000,117.600000
664,1,80.304348,115.695652
665,1,85.703704,117.518519
666,1,90.655172,117.241379
667,1,97.043478,117.173913
668,1,103.962963,118.148148
669,1,103.761905,114.476190
671,1,116.481481,116.925926
674,1,129.720000,117.520000
676,1,139.214286,117.250000
677,1,144.640000,116.280000
679,1,154.800000,114.720000
684,1,183.461538,116.653846
685,1,187.230769,117.423077
686,1,192.000000,116.740741
687,1,196.400000,115.200000
688,1,199.840000,117.440000
690,1,211.076923,118.346154
691,1,216.640000,116.880000
692,1,221.347826,115.956522
695,1,236.521739,117.260870
696,1,21.692308,122.038462
698,1,32.043478,121.913043
699,1,37.000000,122.923077
700,1,40.760000,121.440000
701,1,46.461538,121.153846
703,1,54.640000,122.600000
704,1,61.692308,119.307692
707,1,79.481481,123.000000
708,1,82.590909,120.909091
709,1,85.807692,120.615385
710,1,93.160000,121.920000
711,1,100.333333,119.518519
712,1,101.181818,124.772727
713,1,105.961538,120.461538
715,1,117.320000,122.480000
717,1,126.920000,122.960000
719,1,136.652174,121.739130
724,1,163.608696,122.695652
725,1,166.680000,123.720000
727,1,177.250000,121.666667
729,1,187.592593,121.962963
733,1,207.347826,121.391304
734,1,213.040000,123.480000
735,1,217.740741,121.629630
736,1,220.200000,122.200000
737,1,226.000000,122.444444
739,1,236.241379,122.965517
740,1,21.923077,128.115385
744,1,41.200000,126.880000
746,1,52.040000,127.520000
747,1,58.538462,125.153846
748,1,62.000000,126.769231
750,1,72.727273,128.500000
751,1,76.625000,127.041667
754,1,92.791667,127.791667
755,1,97.037037,124.814815
756,1,102.680000,130.320000
757,1,108.863636,129.000000
759,1,116.200000,128.480000
760,1,122.880000,125.800000
761,1,126.454545,128.454545
763,1,136.920000,126.760000
765,1,146.923077,127.153846
767,1,156.400000,126.080000
768,1,161.000000,127.807692
769,1,167.074074,129.481481
771,1,176.958333,125.041667
772,1,179.392857,127.428571
779,1,217.833333,127.625000
780,1,222.000000,129.720000
781,1,230.666667,127.083333
782,1,226.640000,129.040000
783,1,235.480000,127.400000
784,1,22.833333,134.208333
786,1,32.190476,132.047619
790,1,52.230769,133.730769
791,1,55.538462,130.384615
792,1,64.458333,131.041667
793,1,65.846154,131.769231
795,1,77.750000,132.714286
798,1,94.148148,132.518519
799,1,97.793103,130.275862
800,1,105.500000,125.576923
802,1,112.458333,132.666667
803,1,117.000000,133.347826
805,1,126.962963,130.592593
809,1,147.370370,131.629630
810,1,151.640000,131.720000
813,1,165.416667,132.541667
815,1,177.541667,132.625000
817,1,186.076923,132.769231
821,1,207.826087,131.086957
822,1,211.000000,132.576923
824,1,224.440000,132.600000
825,1,226.346154,128.769231
828,1,20.769231,138.153846
831,1,38.680000,136.240000
832,1,43.280000,138.320000
833,1,46.956522,136.260870
835,1,56.642857,135.678571
837,1,66.115385,136.538462
839,1,77.541667,138.083333
844,1,102.880000,136.960000
845,1,103.962963,137.814815
847,1,117.923077,136.846154
848,1,124.384615,137.730769
849,1,126.076923,135.384615
850,1,132.761905,139.476190
852,1,140.260870,135.826087
853,1,145.958333,135.583333
854,1,151.481481,138.296296
857,1,168.458333,138.291667
858,1,171.480000,135.840000
859,1,177.307692,137.846154
865,1,207.920000,135.680000
870,1,234.480000,136.480000
872,1,21.304348,142.347826
873,1,25.913043,141.652174
879,1,57.703704,142.555556
883,1,76.375000,143.750000
884,1,81.875000,141.750000
885,1,87.285714,144.142857
886,1,91.000000,142.346154
892,1,122.000000,141.038462
893,1,128.125000,141.416667
895,1,138.080000,140.920000
898,1,152.000000,143.160000
899,1,157.642857,143.000000
900,1,160.375000,141.833333
902,1,172.320000,141.880000
905,1,187.040000,142.440000
906,1,191.384615,142.192308
914,1,232.083333,141.458333
916,1,22.166667,147.333333
919,1,36.269231,146.307692
921,1,46.960000,148.680000
924,1,61.760000,146.520000
925,1,66.192308,147.153846
926,1,71.960000,147.520000
927,1,75.814815,146.407407
928,1,76.846154,146.423077
929,1,84.448276,146.931034
931,1,97.000000,147.074074
936,1,123.478261,145.478261
937,1,125.640000,148.400000
939,1,136.500000,145.333333
940,1,139.521739,147.304348
943,1,157.240000,146.520000
944,1,163.400000,146.600000
945,1,166.296296,147.740741
952,1,202.043478,146.739130
954,1,214.538462,149.307692
955,1,216.720000,146.800000
958,1,232.478261,145.391304
959,1,234.500000,147.045455
960,1,23.730769,153.461538
965,1,45.750000,152.916667
966,1,52.720000,152.040000
967,1,55.304348,151.739130
968,1,61.333333,151.583333
970,1,71.481481,152.518519
971,1,77.240000,151.560000
976,1,104.240000,154.480000
977,1,105.481481,151.851852
978,1,110.416667,152.666667
980,1,120.800000,152.366667
983,1,136.560000,151.840000
984,1,142.884615,150.000000
985,1,145.769231,152.461538
986,1,151.826087,152.086957
987,1,155.730769,151.461538
988,1,162.692308,152.384615
989,1,166.160000,151.560000
994,1,193.037037,151.555556
997,1,209.080000,151.560000
999,1,215.240000,153.960000
1000,1,220.346154,151.461538
1001,1,227.250000,153.035714
1002,1,232.851852,152.259259
1003,1,234.960000,151.280000
1005,1,29.260870,157.347826
1007,1,38.560000,157.400000
1009,1,47.888889,158.185185
1010,1,51.227273,155.363636
1012,1,61.115385,156.384615
1016,1,82.962963,157.629630
1017,1,87.636364,156.909091
1018,1,91.375000,156.333333
1020,1,100.500000,157.285714
1023,1,117.333333,156.000000
1028,1,142.720000,158.160000
1029,1,145.038462,155.000000
1030,1,150.461538,156.807692
1031,1,156.080000,157.080000
1033,1,164.250000,158.958333
1036,1,182.708333,156.416667
1037,1,186.961538,157.769231
1038,1,191.814815,157.518519
1039,1,196.458333,156.791667
1041,1,206.791667,157.750000
1042,1,209.925926,156.925926
1043,1,218.565217,160.043478
1044,1,219.583333,154.916667
1048,1,26.640000,162.400000
1049,1,30.608696,162.217391
1051,1,40.730769,162.884615
1053,1,51.375000,161.583333
1055,1,63.333333,161.904762
1057,1,72.640000,161.920000
1058,1,76.346154,164.153846
1059,1,80.608696,162.695652
1063,1,104.153846,160.692308
1064,1,105.172414,163.068966
1067,1,121.666667,163.296296
1069,1,132.555556,161.481481
1074,1,159.920000,161.440000
1075,1,161.307692,163.153846
1078,1,176.720000,161.680000
1079,1,181.538462,160.000000
1080,1,184.733333,162.233333
1083,1,202.304348,161.739130
1084,1,206.551724,163.275862
1086,1,216.318182,163.727273
1090,1,237.440000,160.880000
1091,1,29.440000,167.840000
1092,1,32.954545,167.272727
1093,1,35.851852,167.777778
1095,1,44.333333,169.000000
1096,1,51.875000,166.375000
1097,1,55.880000,166.800000
1098,1,61.720000,164.760000
1099,1,62.629630,167.814815
1101,1,75.620690,168.551724
1102,1,84.555556,166.925926
1103,1,89.040000,167.520000
1104,1,92.956522,167.000000
1105,1,96.346154,165.846154
1109,1,119.625000,170.291667
1110,1,118.760000,165.000000
1113,1,136.269231,169.346154
1114,1,142.708333,167.291667
1116,1,152.160000,169.560000
1119,1,167.115385,167.653846
1122,1,181.739130,167.000000
1126,1,202.652174,165.565217
1129,1,216.500000,166.458333
1130,1,222.480000,167.840000
1131,1,228.192308,165.846154
1134,1,32.375000,174.333333
1135,1,35.923077,173.615385
1136,1,41.136364,172.090909
1137,1,47.692308,170.423077
1138,1,51.086957,172.217391
1140,1,63.583333,171.375000
1141,1,67.347826,171.913043
1142,1,70.740741,171.074074
1144,1,80.703704,169.148148
1146,1,92.640000,172.520000
1148,1,102.080000,173.000000
1149,1,107.520000,171.080000
1152,1,122.000000,171.538462
1155,1,139.960000,166.920000
1158,1,151.125000,173.166667
1160,1,160.666667,173.666667
1161,1,165.521739,171.521739
1163,1,178.500000,173.500000
1164,1,181.346154,170.461538
1171,1,214.458333,174.125000
1172,1,221.730769,171.500000
1173,1,228.086957,171.478261
1174,1,232.200000,171.480000
1176,1,40.923077,175.730769
1177,1,43.000000,177.192308
1179,1,52.500000,175.384615
1182,1,67.115385,177.307692
1185,1,83.040000,177.600000
1188,1,97.192308,177.423077
1189,1,101.840000,176.840000
1191,1,112.200000,177.880000
1192,1,116.961538,178.384615
1194,1,128.000000,176.038462
1196,1,137.440000,175.440000
1200,1,156.818182,179.363636
1201,1,162.370370,177.592593
1202,1,166.600000,177.360000
1203,1,170.551724,175.586207
1204,1,176.695652,176.130435
1205,1,183.384615,174.692308
1206,1,186.833333,179.750000
1207,1,191.642857,176.535714
1208,1,197.000000,175.666667
1211,1,212.961538,179.038462
1212,1,218.500000,176.375000
1214,1,226.826087,174.869565
1221,1,62.269231,184.576923
1222,1,65.758621,182.689655
1223,1,70.653846,180.346154
1224,1,78.629630,180.259259
1225,1,79.807692,184.076923
1226,1,87.583333,181.958333
1227,1,92.296296,181.925926
1228,1,99.217391,182.347826
1229,1,102.583333,182.208333
1230,1,106.407407,180.777778
1233,1,123.840000,183.720000
1234,1,126.391304,180.565217
1239,1,151.785714,182.571429
1240,1,157.269231,180.961538
1245,1,181.080000,181.280000
1246,1,185.208333,183.208333
1247,1,192.560000,181.040000
1248,1,197.166667,181.208333
1250,1,208.680000,180.960000
1252,1,217.440000,180.920000
1253,1,221.826087,180.913043
1255,1,41.391304,187.521739
1256,1,39.952381,187.142857
1257,1,48.000000,188.045455
1259,1,57.720000,187.680000
1260,1,60.720000,187.720000
1263,1,77.240000,186.800000
1265,1,87.250000,187.291667
1266,1,92.807692,188.615385
1267,1,96.615385,187.346154
1268,1,103.320000,187.440000
1273,1,126.625000,189.916667
1274,1,130.869565,185.478261
1278,1,151.680000,189.840000
1280,1,164.392857,188.214286
1281,1,167.142857,189.071429
1285,1,188.208333,188.458333
1286,1,192.678571,184.607143
1288,1,201.680000,186.280000
1289,1,206.583333,186.583333
1294,1,43.000000,192.230769
1296,1,52.565217,191.260870
1300,1,72.750000,193.750000
1301,1,76.920000,193.640000
1303,1,87.888889,192.296296
1304,1,91.960000,192.720000
1306,1,100.807692,188.000000
1307,1,106.370370,191.888889
1309,1,116.160000,192.040000
1310,1,123.250000,192.458333
1311,1,128.600000,190.640000
1313,1,136.520000,192.480000
1316,1,153.000000,190.800000
1319,1,167.370370,192.925926
1321,1,175.500000,193.416667
1323,1,187.875000,189.875000
1324,1,191.375000,192.291667
1327,1,205.208333,191.541667
1331,1,42.444444,197.259259
1332,1,47.000000,197.423077
1333,1,52.291667,197.125000
1335,1,62.076923,195.961538
1337,1,70.608696,198.304348
1338,1,78.192308,197.192308
1339,1,79.833333,193.500000
1340,1,87.120000,196.720000
1341,1,92.875000,197.750000
1342,1,97.923077,197.923077
1343,1,101.538462,194.730769
1345,1,111.692308,198.423077
1347,1,120.869565,195.173913
1348,1,125.956522,197.086957
1351,1,140.680000,195.960000
1352,1,146.320000,195.920000
1353,1,151.125000,195.916667
1355,1,163.400000,198.720000
1356,1,168.083333,196.916667
1362,1,196.769231,198.192308
1364,1,206.360000,196.280000
1367,1,47.250000,201.708333
1371,1,67.518519,201.777778
1373,1,78.625000,201.625000
1374,1,83.208333,201.125000
1376,1,90.962963,201.851852
1378,1,103.791667,203.666667
1379,1,105.103448,200.448276
1380,1,112.880000,204.200000
1388,1,150.777778,200.370370
1389,1,156.653846,201.423077
1390,1,159.480000,200.080000
1393,1,177.958333,202.166667
1394,1,182.320000,202.240000
1395,1,186.461538,202.346154
1397,1,198.560000,204.200000
1398,1,201.653846,201.692308
1401,1,54.791667,208.208333
1404,1,67.875000,206.375000
1405,1,72.875000,206.416667
1407,1,82.400000,207.760000
1408,1,86.240000,208.520000
1409,1,93.000000,205.480000
1410,1,96.880000,208.120000
1413,1,111.692308,207.076923
1415,1,121.000000,205.500000
1416,1,126.730769,206.615385
1426,1,176.956522,207.347826
1430,1,196.846154,207.653846
1431,1,199.913043,202.173913
1432,1,206.080000,206.440000
1433,1,57.000000,214.500000
1434,1,62.400000,213.120000
1436,1,70.869565,213.086957
1437,1,73.576923,210.615385
1438,1,80.724138,212.379310
1439,1,87.185185,211.555556
1441,1,97.142857,212.250000
1442,1,102.720000,213.120000
1443,1,105.043478,211.739130
1444,1,111.680000,213.440000
1445,1,117.375000,212.875000
1447,1,126.269231,211.307692
1449,1,136.703704,211.370370
1452,1,152.444444,211.666667
1453,1,156.760000,212.280000
1457,1,177.920000,212.040000
1460,1,192.375000,212.416667
1461,1,197.423077,212.230769
1462,1,201.960000,210.600000
1463,1,62.250000,217.607143
1465,1,72.125000,217.291667
1469,1,92.185185,217.074074
1471,1,104.038462,217.692308
1472,1,109.153846,219.192308
1473,1,112.481481,214.925926
1474,1,118.833333,217.333333
1475,1,122.160000,218.480000
1477,1,132.037037,216.407407
1479,1,141.821429,217.964286
1481,1,152.115385,216.730769
1482,1,157.538462,217.615385
1483,1,162.869565,215.956522
1489,1,192.640000,216.680000
1490,1,195.925926,217.592593
1491,1,67.068966,221.413793
1492,1,72.653846,221.538462
1495,1,88.291667,223.500000
1499,1,105.280000,222.920000
1501,1,114.448276,220.758621
1502,1,117.041667,223.625000
1503,1,124.416667,225.041667
1504,1,131.750000,220.964286
1506,1,139.884615,222.653846
1507,1,146.115385,221.307692
1511,1,169.000000,223.625000
1513,1,176.230769,223.538462
1517,1,77.227273,225.772727
1519,1,86.692308,228.423077
1520,1,91.291667,226.833333
1524,1,113.333333,229.375000
1525,1,117.227273,227.590909
1526,1,122.120000,226.080000
1527,1,128.222222,222.962963
1529,1,136.250000,226.785714
1531,1,147.400000,225.680000
1534,1,161.782609,226.826087
1536,1,171.913043,227.043478
1538,1,180.600000,225.800000
1539,1,86.541667,232.291667
1542,1,102.083333,232.875000
1543,1,106.833333,232.500000
1545,1,116.600000,232.680000
1549,1,137.076923,231.076923
1550,1,142.038462,233.807692
1556,1,170.038462,231.730769
1557,1,96.750000,236.250000
1558,1,101.320000,237.200000
1563,1,126.840000,236.920000
1564,1,131.880000,237.240000
1565,1,137.200000,235.360000
1569,1,155.360000,235.840000
