ID,type,x COM, y COM
1,2,102.851852,24.148148
2,2,106.600000,22.280000
3,2,111.695652,22.347826
4,2,118.208333,23.416667
5,2,120.347826,26.086957
6,2,126.769231,21.423077
8,2,135.913043,22.000000
9,2,141.391304,22.434783
10,2,147.391304,24.000000
12,2,156.500000,21.500000
18,2,112.250000,27.583333
19,2,115.560000,27.960000
20,2,123.880000,26.520000
27,2,158.541667,26.708333
31,2,77.173913,34.521739
34,2,93.272727,31.954545
35,2,97.739130,32.434783
37,2,106.750000,31.833333
39,2,118.125000,32.625000
41,2,127.520000,31.600000
42,2,133.875000,32.583333
43,2,138.954545,31.590909
45,2,146.318182,31.681818
47,2,156.772727,30.772727
48,2,162.200000,32.120000
50,2,174.538462,30.846154
51,2,179.307692,32.346154
53,2,73.000000,36.583333
58,2,95.666667,36.380952
60,2,107.083333,36.916667
61,2,111.458333,37.333333
62,2,116.360000,37.680000
69,2,151.888889,35.851852
70,2,157.500000,35.500000
71,2,160.173913,37.913043
72,2,165.040000,37.920000
73,2,171.458333,36.750000
81,2,78.125000,43.291667
82,2,82.227273,41.136364
83,2,86.541667,40.916667
85,2,97.541667,41.833333
86,2,101.888889,42.814815
89,2,117.333333,41.761905
91,2,126.880000,42.120000
92,2,131.863636,43.318182
93,2,136.440000,43.000000
94,2,141.227273,42.227273
98,2,163.038462,42.692308
99,2,167.608696,41.565217
101,2,176.360000,42.520000
103,2,186.952381,42.666667
105,2,196.692308,40.961538
107,2,61.391304,46.565217
113,2,91.250000,48.458333
115,2,101.000000,48.038462
116,2,106.083333,46.458333
117,2,111.037037,47.444444
118,2,116.000000,46.391304
120,2,128.166667,46.875000
121,2,132.434783,48.739130
125,2,154.000000,45.181818
127,2,160.200000,47.160000
128,2,166.782609,48.565217
131,2,184.083333,46.791667
132,2,189.125000,47.750000
133,2,193.909091,48.272727
134,2,197.653846,45.730769
135,2,203.115385,47.153846
137,2,58.000000,51.590909
138,2,62.000000,52.840000
139,2,65.250000,51.333333
140,2,70.680000,52.120000
141,2,76.360000,51.760000
142,2,81.730769,51.846154
143,2,87.583333,51.750000
146,2,101.000000,55.200000
148,2,112.000000,51.875000
149,2,116.791667,53.250000
152,2,130.950000,53.050000
153,2,136.240000,52.120000
154,2,140.541667,53.958333
155,2,145.681818,52.090909
157,2,156.615385,51.192308
158,2,160.782609,52.000000
160,2,171.956522,52.304348
163,2,186.227273,52.227273
164,2,191.500000,52.416667
166,2,201.920000,53.240000
168,2,48.000000,56.333333
169,2,52.000000,57.173913
171,2,60.217391,57.478261
173,2,71.909091,58.000000
174,2,76.160000,55.920000
177,2,91.615385,57.038462
178,2,97.777778,58.000000
180,2,108.520000,57.640000
181,2,112.875000,56.666667
184,2,126.576923,56.923077
185,2,133.000000,57.370370
186,2,137.541667,58.250000
188,2,145.666667,56.333333
191,2,161.833333,56.958333
193,2,171.880000,57.400000
194,2,176.320000,56.080000
195,2,181.920000,57.440000
196,2,187.250000,56.916667
197,2,191.708333,57.541667
199,2,201.920000,57.760000
200,2,207.695652,57.608696
201,2,212.440000,58.320000
202,2,43.240000,61.880000
204,2,51.840000,62.680000
205,2,56.360000,61.720000
209,2,77.807692,60.538462
210,2,82.409091,60.318182
212,2,91.538462,62.692308
213,2,94.923077,62.846154
214,2,102.000000,60.478261
215,2,107.615385,62.384615
219,2,126.125000,62.208333
220,2,130.142857,61.761905
221,2,135.045455,62.272727
223,2,147.608696,62.173913
224,2,151.440000,62.880000
226,2,162.083333,62.458333
227,2,166.708333,60.625000
228,2,175.652174,60.565217
232,2,193.318182,61.863636
233,2,198.038462,60.884615
235,2,206.880000,62.320000
236,2,211.875000,63.125000
238,2,43.076923,67.115385
239,2,47.880000,67.360000
240,2,54.200000,67.280000
241,2,60.000000,65.791667
242,2,58.375000,70.125000
243,2,64.826087,66.565217
244,2,70.217391,66.217391
246,2,80.148148,66.592593
252,2,112.038462,66.923077
253,2,116.958333,67.541667
254,2,122.000000,67.230769
255,2,127.380952,66.809524
256,2,131.280000,67.320000
257,2,136.200000,66.960000
258,2,140.592593,65.518519
260,2,153.423077,68.538462
261,2,157.357143,64.928571
262,2,161.777778,67.703704
267,2,187.320000,67.080000
270,2,202.000000,68.520000
274,2,220.840000,68.120000
275,2,37.269231,71.538462
277,2,47.625000,72.166667
278,2,52.800000,71.680000
280,2,62.904762,71.761905
282,2,72.695652,70.826087
283,2,76.913043,71.608696
284,2,82.360000,70.720000
286,2,91.269231,71.961538
287,2,97.166667,71.416667
288,2,102.454545,73.863636
295,2,138.333333,70.958333
297,2,147.500000,72.538462
299,2,157.666667,71.333333
303,2,176.760000,72.640000
308,2,202.640000,73.760000
309,2,206.875000,72.916667
310,2,212.608696,72.043478
313,2,33.040000,78.240000
316,2,46.833333,76.541667
317,2,51.500000,77.000000
319,2,61.107143,78.250000
320,2,68.760000,74.680000
321,2,73.333333,76.833333
322,2,77.500000,76.500000
325,2,91.826087,77.130435
326,2,97.230769,75.384615
328,2,107.043478,75.956522
329,2,111.458333,77.333333
330,2,115.407407,77.925926
331,2,122.173913,77.565217
332,2,126.240000,75.400000
336,2,147.541667,76.458333
340,2,165.652174,77.130435
342,2,177.240000,77.200000
346,2,193.269231,78.000000
347,2,199.958333,77.125000
348,2,207.120000,77.600000
350,2,217.958333,78.541667
352,2,227.777778,77.074074
357,2,50.363636,81.136364
361,2,70.791667,80.208333
362,2,76.740741,82.074074
365,2,91.068966,81.931034
366,2,96.652174,80.739130
368,2,108.083333,81.083333
370,2,118.777778,82.444444
371,2,122.875000,82.625000
372,2,127.272727,79.909091
373,2,130.833333,82.791667
374,2,135.541667,80.166667
375,2,141.739130,79.913043
379,2,161.956522,79.826087
380,2,167.166667,82.916667
382,2,177.080000,81.800000
383,2,181.260870,82.782609
384,2,186.346154,81.884615
385,2,191.727273,82.045455
386,2,197.250000,80.750000
389,2,213.166667,80.916667
390,2,216.521739,84.086957
391,2,221.880000,82.320000
392,2,226.769231,83.115385
394,2,31.708333,88.125000
395,2,35.000000,86.480000
396,2,42.291667,86.291667
397,2,46.884615,88.000000
401,2,68.148148,87.259259
402,2,72.200000,86.360000
403,2,76.840000,86.240000
404,2,83.409091,87.681818
405,2,89.111111,87.222222
408,2,102.166667,86.583333
409,2,106.791667,85.666667
411,2,117.714286,88.142857
413,2,128.086957,85.782609
415,2,139.172414,83.931034
417,2,147.565217,86.608696
418,2,151.730769,87.538462
421,2,165.173913,86.869565
422,2,170.192308,87.230769
424,2,181.000000,89.000000
426,2,191.000000,87.166667
427,2,196.346154,85.769231
430,2,211.040000,85.200000
431,2,216.565217,88.043478
434,2,231.583333,86.083333
435,2,26.625000,92.208333
436,2,31.125000,92.625000
442,2,63.500000,89.461538
444,2,72.869565,91.956522
445,2,77.291667,90.833333
446,2,83.384615,91.076923
449,2,99.250000,90.416667
450,2,103.304348,92.043478
451,2,106.875000,91.708333
459,2,147.000000,92.250000
462,2,162.250000,92.875000
463,2,166.875000,91.916667
470,2,202.291667,89.541667
472,2,212.409091,91.545455
473,2,216.826087,92.304348
474,2,221.920000,92.040000
476,2,233.280000,91.200000
477,2,27.000000,98.000000
479,2,37.500000,96.500000
480,2,42.791667,96.958333
481,2,47.500000,96.500000
482,2,53.040000,97.240000
483,2,57.583333,97.625000
485,2,66.320000,95.920000
490,2,91.913043,96.739130
492,2,101.000000,97.280000
493,2,105.846154,97.730769
497,2,126.653846,97.846154
498,2,131.200000,97.680000
501,2,147.615385,96.346154
504,2,162.400000,97.640000
507,2,177.347826,95.956522
508,2,182.115385,96.076923
509,2,186.440000,96.800000
511,2,198.625000,97.291667
513,2,206.740741,98.777778
515,2,216.720000,97.640000
517,2,225.740741,96.333333
518,2,232.166667,96.875000
519,2,236.692308,96.961538
520,2,23.583333,102.583333
522,2,32.037037,102.370370
523,2,36.000000,101.695652
525,2,47.041667,101.166667
526,2,51.478261,101.652174
528,2,61.111111,102.148148
532,2,82.791667,102.666667
534,2,91.038462,101.538462
535,2,95.521739,102.130435
537,2,106.440000,102.520000
540,2,123.240000,99.960000
542,2,131.347826,102.130435
543,2,136.333333,102.625000
546,2,152.346154,102.769231
548,2,162.961538,102.000000
550,2,172.375000,101.875000
551,2,177.111111,100.592593
552,2,181.250000,102.666667
556,2,201.739130,101.478261
557,2,205.166667,103.708333
558,2,212.240000,101.480000
560,2,223.080000,102.360000
561,2,226.791667,102.083333
563,2,235.280000,101.760000
565,2,29.480000,107.960000
567,2,38.680000,107.200000
571,2,58.153846,107.461538
576,2,81.153846,107.153846
578,2,93.120000,106.480000
582,2,111.800000,105.560000
583,2,117.115385,107.038462
585,2,125.583333,107.000000
586,2,130.346154,106.692308
589,2,148.230769,106.230769
590,2,153.423077,107.730769
591,2,157.304348,109.782609
594,2,171.960000,107.120000
595,2,176.500000,105.625000
597,2,185.840000,106.520000
600,2,201.333333,107.166667
602,2,210.800000,105.600000
605,2,226.833333,108.500000
608,2,21.833333,112.500000
609,2,26.884615,112.076923
611,2,37.923077,112.230769
612,2,42.521739,110.304348
614,2,52.090909,113.772727
618,2,71.750000,112.041667
619,2,76.840000,112.920000
620,2,83.785714,111.321429
624,2,104.960000,110.600000
627,2,117.120000,111.600000
628,2,122.230769,112.076923
629,2,127.192308,112.153846
630,2,132.000000,112.291667
632,2,141.958333,109.958333
633,2,147.440000,111.920000
641,2,186.625000,112.250000
643,2,197.923077,110.692308
644,2,202.607143,114.285714
646,2,213.615385,110.730769
648,2,219.640000,112.000000
649,2,228.454545,113.181818
653,2,25.625000,117.375000
656,2,42.041667,116.166667
657,2,46.000000,117.125000
661,2,66.000000,117.583333
670,2,111.200000,117.560000
672,2,120.750000,116.708333
673,2,125.925926,117.222222
675,2,135.391304,115.391304
678,2,151.272727,117.590909
680,2,159.458333,119.125000
681,2,168.391304,118.913043
682,2,172.695652,116.478261
683,2,177.260870,115.434783
689,2,205.640000,117.920000
693,2,227.347826,116.652174
694,2,232.545455,117.681818
697,2,25.875000,123.625000
702,2,51.360000,123.840000
705,2,67.333333,121.416667
706,2,73.333333,124.541667
714,2,111.444444,121.740741
716,2,120.500000,121.318182
718,2,133.565217,121.086957
720,2,142.458333,122.208333
721,2,146.750000,119.833333
722,2,151.192308,121.230769
723,2,157.923077,122.192308
726,2,171.772727,122.181818
728,2,183.160000,121.800000
730,2,192.720000,123.040000
731,2,196.833333,121.750000
732,2,203.120000,122.640000
738,2,229.173913,120.739130
741,2,28.086957,126.217391
742,2,32.037037,126.259259
743,2,36.916667,127.750000
745,2,46.375000,126.791667
749,2,67.739130,125.173913
752,2,82.961538,128.153846
753,2,86.583333,125.625000
758,2,112.400000,126.880000
762,2,132.640000,125.400000
764,2,142.703704,127.259259
766,2,152.545455,126.227273
770,2,171.576923,127.923077
773,2,187.333333,127.444444
774,2,192.208333,127.958333
775,2,197.240000,127.520000
776,2,201.800000,126.720000
777,2,206.260870,126.913043
778,2,212.791667,126.875000
785,2,26.680000,131.120000
787,2,37.590909,132.409091
788,2,42.640000,129.840000
789,2,49.045455,132.227273
794,2,74.320000,135.000000
796,2,82.304348,132.434783
797,2,87.681818,131.318182
801,2,106.222222,133.111111
804,2,122.782609,129.043478
806,2,132.238095,130.095238
807,2,136.444444,131.777778
808,2,142.173913,132.869565
811,2,156.416667,131.291667
812,2,161.458333,132.458333
814,2,172.913043,132.739130
816,2,182.680000,129.280000
818,2,191.583333,133.083333
819,2,196.080000,132.560000
820,2,202.478261,131.956522
823,2,217.346154,132.730769
826,2,232.086957,132.086957
827,2,236.416667,130.541667
829,2,28.680000,137.320000
830,2,33.478261,135.608696
834,2,50.291667,137.208333
836,2,61.384615,136.038462
838,2,69.923077,136.076923
840,2,84.208333,136.833333
841,2,88.695652,136.956522
842,2,92.291667,136.750000
843,2,97.125000,136.416667
846,2,110.166667,137.083333
851,2,135.291667,138.000000
855,2,156.625000,135.625000
856,2,161.807692,137.653846
860,2,182.480000,136.800000
861,2,186.862069,136.896552
862,2,192.653846,138.923077
863,2,197.541667,135.541667
864,2,202.680000,137.000000
866,2,211.750000,136.625000
867,2,216.769231,137.730769
868,2,222.360000,137.800000
869,2,228.185185,137.333333
871,2,237.583333,136.916667
874,2,32.185185,141.407407
875,2,37.222222,141.296296
876,2,42.440000,140.960000
877,2,47.148148,143.074074
878,2,52.240000,142.200000
880,2,62.680000,142.160000
881,2,67.000000,142.192308
882,2,72.846154,140.576923
887,2,98.071429,140.678571
888,2,102.576923,143.923077
889,2,108.434783,141.608696
890,2,112.962963,141.407407
891,2,117.384615,142.000000
894,2,130.166667,144.291667
896,2,143.434783,141.304348
897,2,149.391304,142.608696
901,2,166.840000,140.040000
903,2,175.363636,142.590909
904,2,181.461538,142.500000
907,2,197.807692,140.192308
908,2,202.130435,142.260870
909,2,207.107143,141.678571
910,2,211.964286,141.500000
911,2,216.869565,142.782609
912,2,221.260870,142.565217
913,2,226.217391,142.347826
915,2,237.217391,142.652174
917,2,28.192308,146.307692
918,2,32.440000,147.640000
920,2,41.416667,145.833333
922,2,51.035714,147.642857
923,2,56.086957,147.304348
930,2,90.678571,147.428571
932,2,102.592593,147.962963
933,2,108.000000,147.000000
934,2,112.960000,146.640000
935,2,118.875000,146.875000
938,2,132.740741,149.074074
941,2,145.800000,145.680000
942,2,150.833333,147.458333
946,2,172.000000,147.320000
947,2,177.500000,147.000000
948,2,181.961538,147.115385
949,2,186.708333,148.208333
950,2,191.160000,148.000000
951,2,196.814815,145.666667
953,2,208.875000,146.666667
956,2,223.440000,146.920000
957,2,228.130435,147.652174
961,2,25.560000,151.120000
962,2,30.296296,152.481481
963,2,36.166667,152.041667
964,2,41.538462,150.230769
969,2,66.958333,152.625000
972,2,81.769231,152.461538
973,2,87.272727,151.409091
974,2,93.538462,151.615385
975,2,97.863636,150.909091
979,2,116.000000,150.375000
981,2,126.777778,152.851852
982,2,130.904762,154.142857
990,2,172.400000,151.360000
991,2,177.478261,152.304348
992,2,182.520000,152.200000
993,2,187.240000,153.240000
995,2,197.461538,150.461538
996,2,202.608696,152.217391
998,2,208.160000,153.120000
1004,2,22.565217,155.956522
1006,2,33.583333,157.125000
1008,2,39.428571,154.857143
1011,2,56.727273,157.590909
1013,2,67.250000,157.250000
1014,2,72.520000,157.240000
1015,2,77.250000,156.125000
1019,2,95.280000,157.200000
1021,2,109.600000,159.600000
1022,2,113.920000,158.040000
1024,2,121.692308,158.769231
1025,2,127.480000,157.880000
1026,2,133.615385,157.615385
1027,2,137.916667,156.583333
1032,2,161.217391,155.086957
1034,2,171.500000,156.875000
1035,2,175.481481,157.777778
1040,2,201.347826,156.652174
1045,2,226.695652,157.130435
1046,2,231.115385,157.538462
1047,2,236.086957,156.391304
1050,2,36.680000,162.640000
1052,2,46.791667,163.791667
1054,2,56.782609,161.869565
1056,2,67.200000,162.160000
1060,2,86.307692,161.423077
1061,2,90.680000,161.840000
1062,2,96.695652,161.043478
1065,2,111.250000,164.708333
1066,2,116.703704,161.333333
1068,2,126.826087,161.956522
1070,2,138.111111,161.629630
1071,2,143.200000,162.280000
1072,2,148.826087,161.869565
1073,2,153.333333,162.333333
1076,2,167.692308,158.846154
1077,2,171.080000,162.560000
1081,2,191.880000,162.320000
1082,2,197.565217,160.739130
1085,2,211.583333,161.500000
1087,2,222.652174,159.782609
1088,2,225.260870,162.478261
1089,2,233.407407,162.444444
1094,2,40.960000,165.880000
1100,2,69.391304,166.913043
1106,2,101.269231,166.961538
1107,2,107.000000,166.960000
1108,2,112.958333,168.500000
1111,2,127.916667,167.291667
1112,2,131.920000,166.160000
1115,2,148.346154,167.307692
1117,2,156.960000,165.280000
1118,2,160.541667,169.375000
1120,2,172.640000,166.920000
1121,2,177.461538,167.807692
1123,2,187.416667,168.000000
1124,2,191.923077,167.000000
1125,2,196.608696,165.434783
1127,2,207.680000,168.320000
1128,2,212.652174,167.695652
1132,2,234.321429,168.035714
1133,2,26.916667,169.916667
1139,2,56.600000,171.560000
1143,2,79.320000,174.760000
1145,2,85.043478,171.652174
1147,2,97.714286,170.678571
1150,2,111.363636,172.454545
1151,2,117.200000,173.720000
1153,2,127.086957,172.173913
1154,2,131.958333,172.125000
1156,2,142.130435,172.173913
1157,2,146.739130,171.739130
1159,2,156.384615,170.961538
1162,2,171.909091,171.318182
1165,2,187.680000,174.440000
1166,2,191.500000,172.576923
1167,2,196.714286,170.464286
1168,2,202.000000,172.000000
1169,2,207.541667,172.375000
1170,2,212.040000,173.360000
1175,2,31.272727,176.727273
1178,2,49.166667,177.916667
1180,2,58.125000,176.041667
1181,2,63.000000,175.961538
1183,2,72.818182,176.727273
1184,2,76.320000,178.040000
1186,2,87.360000,176.240000
1187,2,92.608696,176.434783
1190,2,106.043478,177.956522
1193,2,122.000000,178.090909
1195,2,131.964286,177.964286
1197,2,141.826087,176.565217
1198,2,147.360000,176.880000
1199,2,152.375000,177.458333
1209,2,202.038462,177.884615
1210,2,206.076923,178.230769
1213,2,221.269231,175.692308
1215,2,32.259259,181.074074
1216,2,37.400000,182.440000
1217,2,42.230769,183.269231
1218,2,47.360000,181.680000
1219,2,53.173913,180.869565
1220,2,58.000000,181.000000
1231,2,112.653846,182.153846
1232,2,118.440000,181.760000
1235,2,133.458333,182.375000
1236,2,137.346154,181.384615
1237,2,141.958333,180.375000
1238,2,148.896552,181.620690
1241,2,162.545455,182.636364
1242,2,166.920000,182.960000
1243,2,171.600000,181.880000
1244,2,176.080000,180.480000
1249,2,203.083333,182.666667
1251,2,210.869565,184.826087
1254,2,225.200000,182.160000
1258,2,53.538462,185.500000
1261,2,68.230769,185.923077
1262,2,72.880000,184.360000
1264,2,83.680000,187.440000
1269,2,108.708333,187.708333
1270,2,113.086957,187.130435
1271,2,117.807692,186.153846
1272,2,122.086957,186.739130
1275,2,136.818182,187.363636
1276,2,141.818182,184.772727
1277,2,146.347826,185.434783
1279,2,156.846154,187.461538
1282,2,174.000000,186.560000
1283,2,177.625000,187.375000
1284,2,181.444444,188.111111
1287,2,196.100000,188.200000
1290,2,211.541667,189.833333
1291,2,215.360000,186.280000
1292,2,221.565217,186.782609
1293,2,39.375000,193.875000
1295,2,49.619048,190.904762
1297,2,57.666667,193.166667
1298,2,62.080000,190.600000
1299,2,68.200000,191.400000
1302,2,82.222222,192.481481
1305,2,97.440000,193.320000
1308,2,110.920000,192.200000
1312,2,132.347826,191.173913
1314,2,141.703704,189.518519
1315,2,146.518519,191.185185
1317,2,155.666667,190.814815
1318,2,161.240000,192.920000
1320,2,171.739130,189.565217
1322,2,182.181818,193.136364
1325,2,195.760000,193.680000
1326,2,199.869565,190.826087
1328,2,212.083333,193.916667
1329,2,217.857143,190.190476
1330,2,222.375000,191.708333
1334,2,57.160000,197.720000
1336,2,66.538462,196.192308
1344,2,108.125000,197.666667
1346,2,117.153846,197.192308
1349,2,131.875000,197.000000
1350,2,137.727273,198.318182
1354,2,156.480000,197.160000
1357,2,173.043478,199.086957
1358,2,177.111111,196.074074
1359,2,183.416667,197.291667
1360,2,187.423077,195.769231
1361,2,191.541667,196.708333
1363,2,201.500000,195.461538
1365,2,214.520000,197.120000
1366,2,218.884615,195.500000
1368,2,51.538462,203.538462
1369,2,56.960000,202.160000
1370,2,61.846154,202.230769
1372,2,72.916667,203.000000
1375,2,87.680000,203.680000
1377,2,96.800000,202.360000
1381,2,117.500000,201.846154
1382,2,124.000000,201.217391
1383,2,128.760000,202.040000
1384,2,133.318182,203.272727
1385,2,136.291667,201.750000
1386,2,141.956522,201.608696
1387,2,146.880000,203.400000
1391,2,165.400000,202.960000
1392,2,171.185185,203.592593
1396,2,190.962963,201.888889
1399,2,207.814815,203.925926
1400,2,210.307692,199.576923
1402,2,57.458333,207.416667
1403,2,61.833333,207.500000
1406,2,78.304348,206.608696
1411,2,102.440000,206.080000
1412,2,107.120000,207.440000
1414,2,116.857143,208.285714
1417,2,131.642857,207.428571
1418,2,138.347826,206.478261
1419,2,142.333333,207.250000
1420,2,147.115385,208.500000
1421,2,151.260870,205.565217
1422,2,155.250000,206.150000
1423,2,161.384615,206.730769
1424,2,166.521739,208.521739
1425,2,172.259259,207.259259
1427,2,183.208333,207.875000
1428,2,187.739130,206.086957
1429,2,191.304348,207.826087
1435,2,65.640000,210.720000
1440,2,92.913043,211.608696
1446,2,121.360000,209.200000
1448,2,132.600000,212.400000
1450,2,142.458333,212.458333
1451,2,147.750000,212.958333
1454,2,161.440000,211.080000
1455,2,167.346154,212.538462
1456,2,172.423077,212.307692
1458,2,183.000000,212.826087
1459,2,187.423077,212.115385
1464,2,67.500000,216.291667
1466,2,77.125000,217.000000
1467,2,81.875000,216.708333
1468,2,86.208333,217.916667
1470,2,96.791667,216.041667
1476,2,126.954545,216.954545
1478,2,135.960000,217.200000
1480,2,146.652174,217.565217
1484,2,166.826087,218.391304
1485,2,170.000000,217.260870
1486,2,175.760000,216.720000
1487,2,180.791667,216.583333
1488,2,186.863636,217.318182
1493,2,79.739130,221.304348
1494,2,84.458333,222.833333
1496,2,92.291667,218.708333
1497,2,96.916667,220.916667
1498,2,101.360000,222.960000
1500,2,110.347826,224.739130
1505,2,138.045455,220.727273
1508,2,151.038462,221.153846
1509,2,156.130435,221.913043
1510,2,164.520000,221.400000
1512,2,172.960000,221.680000
1514,2,180.909091,220.681818
1515,2,185.653846,221.846154
1516,2,191.000000,219.916667
1518,2,80.791667,226.291667
1521,2,96.240000,226.400000
1522,2,101.666667,227.458333
1523,2,107.120000,227.520000
1528,2,129.708333,226.583333
1530,2,142.260870,227.130435
1532,2,152.520000,226.960000
1533,2,157.500000,226.000000
1535,2,165.826087,225.782609
1537,2,176.600000,229.040000
1540,2,92.392857,231.357143
1541,2,97.120000,231.760000
1544,2,112.391304,235.000000
1546,2,121.642857,231.142857
1547,2,127.400000,231.920000
1548,2,132.333333,232.166667
1551,2,145.818182,231.500000
1552,2,150.923077,231.730769
1553,2,156.037037,231.481481
1554,2,161.153846,230.115385
1555,2,165.678571,233.142857
1559,2,106.708333,237.208333
1560,2,111.958333,239.083333
1561,2,118.000000,236.416667
1562,2,122.857143,236.357143
1566,2,141.458333,237.625000
1567,2,147.318182,236.272727
1568,2,150.818182,238.000000
1570,2,160.560000,235.720000
7,1,133.269231,25.384615
11,1,153.409091,24.954545
13,1,87.208333,27.791667
14,1,93.826087,27.086957
15,1,98.384615,26.153846
16,1,101.227273,30.318182
17,1,108.086957,27.956522
21,1,129.166667,27.875000
22,1,131.407407,25.259259
23,1,138.260870,26.391304
24,1,142.782609,28.130435
25,1,147.111111,27.888889
26,1,151.925926,31.296296
28,1,163.090909,26.954545
29,1,166.125000,29.791667
30,1,170.440000,28.400000
32,1,83.083333,31.208333
33,1,89.111111,31.666667
36,1,102.818182,33.272727
38,1,112.434783,33.086957
40,1,122.346154,32.923077
44,1,141.958333,34.750000
46,1,150.320000,27.840000
49,1,168.760000,33.240000
52,1,175.913043,41.000000
54,1,80.333333,36.833333
55,1,83.692308,33.384615
56,1,88.962963,37.259259
57,1,92.000000,39.800000
59,1,101.500000,36.576923
63,1,123.962963,37.444444
64,1,127.296296,35.629630
65,1,131.782609,37.434783
66,1,134.846154,37.846154
67,1,140.769231,38.153846
68,1,148.458333,39.208333
74,1,178.250000,37.916667
75,1,182.458333,37.791667
76,1,184.538462,36.346154
77,1,190.428571,37.928571
78,1,64.200000,41.960000
79,1,69.708333,41.791667
80,1,74.640000,40.520000
84,1,90.560000,44.520000
87,1,107.125000,41.708333
88,1,112.173913,42.913043
90,1,122.285714,41.142857
95,1,146.041667,43.000000
96,1,152.520000,40.680000
97,1,157.583333,43.041667
100,1,170.769231,42.846154
102,1,180.964286,42.428571
104,1,192.000000,43.041667
106,1,56.192308,47.307692
108,1,67.666667,45.518519
109,1,70.259259,47.518519
110,1,75.576923,47.846154
111,1,83.478261,45.608696
112,1,85.750000,46.535714
114,1,97.333333,49.916667
119,1,119.833333,46.666667
122,1,138.200000,47.640000
123,1,142.625000,47.000000
124,1,147.040000,47.000000
126,1,152.583333,47.375000
129,1,171.333333,47.375000
130,1,177.166667,48.000000
136,1,52.600000,51.920000
144,1,91.958333,52.791667
145,1,95.695652,49.304348
147,1,107.208333,51.750000
150,1,122.500000,48.653846
151,1,126.608696,51.652174
156,1,151.035714,52.928571
159,1,165.120000,52.840000
161,1,179.464286,52.785714
162,1,180.920000,50.640000
165,1,198.560000,50.640000
167,1,206.120000,53.640000
170,1,56.086957,56.260870
172,1,66.120000,56.640000
175,1,82.760000,56.520000
176,1,87.000000,57.583333
179,1,104.320000,54.120000
182,1,118.807692,56.769231
183,1,121.833333,55.791667
187,1,143.043478,60.652174
189,1,150.840000,55.120000
190,1,157.320000,57.640000
192,1,167.043478,54.739130
198,1,196.074074,55.592593
203,1,48.086957,62.739130
206,1,63.307692,62.423077
207,1,67.080000,60.600000
208,1,71.884615,62.230769
211,1,85.807692,63.384615
216,1,114.642857,61.285714
217,1,117.880000,63.240000
218,1,123.285714,57.250000
222,1,143.416667,60.750000
225,1,155.500000,60.076923
229,1,175.115385,67.461538
230,1,179.214286,62.785714
231,1,187.695652,61.956522
234,1,202.619048,63.714286
237,1,217.800000,63.600000
245,1,76.375000,65.375000
247,1,88.500000,66.884615
248,1,91.250000,68.958333
249,1,97.560000,66.600000
250,1,102.703704,64.925926
251,1,107.230769,67.500000
259,1,148.730769,67.961538
263,1,166.640000,65.600000
264,1,171.120000,64.000000
265,1,179.730769,66.730769
266,1,183.818182,64.590909
268,1,190.636364,67.181818
269,1,195.592593,67.481481
271,1,207.480000,68.320000
272,1,211.777778,67.407407
273,1,216.166667,65.791667
276,1,42.250000,71.375000
279,1,58.200000,74.520000
281,1,67.360000,70.920000
285,1,85.583333,71.791667
289,1,102.695652,69.478261
290,1,109.291667,71.791667
291,1,114.708333,72.208333
292,1,118.851852,73.444444
293,1,123.961538,71.576923
294,1,131.111111,72.407407
296,1,143.884615,69.961538
298,1,153.461538,75.230769
300,1,163.758621,72.241379
301,1,170.448276,73.344828
302,1,169.666667,69.407407
304,1,182.551724,73.448276
305,1,183.625000,70.500000
306,1,191.814815,73.074074
307,1,198.095238,66.952381
311,1,220.240000,76.560000
312,1,219.625000,71.833333
314,1,41.080000,79.120000
315,1,38.666667,75.458333
318,1,56.153846,79.423077
323,1,82.000000,76.560000
324,1,82.608696,80.043478
327,1,99.545455,78.727273
333,1,132.714286,77.107143
334,1,135.173913,73.869565
335,1,140.600000,74.640000
337,1,152.913043,80.391304
338,1,155.960000,78.720000
339,1,160.120000,75.680000
341,1,170.884615,78.038462
343,1,184.120000,78.040000
344,1,190.310345,73.310345
345,1,194.692308,73.538462
349,1,212.423077,76.538462
351,1,222.636364,75.227273
353,1,35.925926,80.629630
354,1,36.480000,84.960000
355,1,43.217391,79.739130
356,1,48.000000,83.840000
358,1,55.560000,82.960000
359,1,65.407407,80.148148
360,1,63.791667,81.291667
363,1,83.384615,84.115385
364,1,86.962963,78.962963
367,1,103.307692,80.423077
369,1,114.000000,83.230769
376,1,145.038462,81.269231
377,1,148.214286,82.571429
378,1,158.695652,82.173913
381,1,172.166667,80.708333
387,1,202.192308,82.500000
388,1,206.714286,82.392857
393,1,28.083333,86.000000
398,1,50.666667,88.625000
399,1,56.892857,87.714286
400,1,62.720000,85.040000
406,1,93.320000,86.640000
407,1,95.461538,88.000000
410,1,111.703704,87.074074
412,1,122.192308,88.230769
414,1,134.777778,86.666667
416,1,139.846154,89.269231
419,1,156.400000,86.360000
420,1,160.629630,87.740741
423,1,175.791667,86.583333
425,1,185.428571,86.678571
428,1,200.692308,87.153846
429,1,207.740741,88.703704
432,1,221.875000,86.625000
433,1,228.958333,90.291667
437,1,37.400000,92.680000
438,1,41.896552,90.896552
439,1,49.040000,92.960000
440,1,54.958333,91.791667
441,1,59.769231,92.923077
443,1,69.000000,92.960000
447,1,87.541667,93.333333
448,1,95.115385,90.384615
452,1,113.851852,94.777778
453,1,111.920000,90.720000
454,1,126.423077,89.769231
455,1,127.869565,92.782609
456,1,133.560000,91.000000
457,1,135.307692,94.884615
458,1,143.153846,90.346154
460,1,152.692308,92.846154
461,1,157.576923,92.384615
464,1,173.800000,90.840000
465,1,174.640000,92.640000
466,1,183.538462,90.961538
467,1,189.307692,91.230769
468,1,193.880000,91.560000
469,1,195.333333,93.833333
471,1,207.115385,93.769231
475,1,225.769231,90.769231
478,1,32.416667,96.833333
484,1,62.583333,96.791667
486,1,70.960000,98.480000
487,1,77.250000,97.166667
488,1,83.423077,95.769231
489,1,83.800000,97.760000
491,1,96.217391,95.478261
494,1,110.000000,98.538462
495,1,119.920000,95.480000
496,1,121.259259,92.444444
499,1,137.400000,97.000000
500,1,141.600000,97.560000
502,1,153.173913,97.434783
503,1,157.720000,98.520000
505,1,167.925926,96.666667
506,1,170.400000,97.720000
510,1,193.360000,97.840000
512,1,202.000000,94.518519
514,1,211.703704,96.592593
516,1,220.600000,97.920000
521,1,27.520000,103.280000
524,1,40.517241,102.137931
527,1,55.000000,103.807692
529,1,66.444444,101.962963
530,1,73.320000,102.960000
531,1,75.592593,99.962963
533,1,86.703704,103.370370
536,1,99.652174,100.478261
538,1,115.478261,99.173913
539,1,115.720000,100.640000
541,1,122.840000,102.880000
544,1,143.000000,99.730769
545,1,146.800000,101.360000
547,1,156.347826,102.086957
549,1,167.384615,103.884615
553,1,186.360000,100.880000
554,1,189.791667,102.000000
555,1,196.166667,101.791667
559,1,216.370370,103.925926
562,1,229.625000,101.000000
564,1,24.260870,107.956522
566,1,33.560000,108.360000
568,1,45.807692,103.961538
569,1,50.230769,108.961538
570,1,54.240000,109.080000
572,1,62.440000,107.520000
573,1,66.461538,107.000000
574,1,74.958333,108.291667
575,1,77.615385,104.153846
577,1,87.925926,108.148148
579,1,99.080000,108.240000
580,1,100.739130,104.521739
581,1,106.875000,107.041667
584,1,120.565217,105.913043
587,1,137.208333,106.125000
588,1,142.600000,105.840000
592,1,160.923077,106.653846
593,1,168.560000,109.480000
596,1,180.571429,108.250000
598,1,191.440000,105.920000
599,1,196.107143,106.464286
601,1,208.464286,109.535714
603,1,218.961538,106.653846
604,1,222.560000,108.080000
606,1,232.454545,107.909091
607,1,237.000000,107.037037
610,1,31.916667,113.375000
613,1,45.869565,109.043478
615,1,58.720000,113.840000
616,1,66.000000,113.230769
617,1,67.956522,109.347826
621,1,88.407407,113.518519
622,1,94.041667,112.083333
623,1,98.481481,112.407407
625,1,109.040000,112.440000
626,1,112.500000,111.863636
631,1,136.269231,110.153846
634,1,151.750000,112.541667
635,1,158.583333,114.875000
636,1,163.000000,110.807692
637,1,164.535714,114.214286
638,1,169.076923,114.115385
639,1,176.347826,111.782609
640,1,182.629630,113.000000
642,1,191.518519,110.407407
645,1,206.480000,111.560000
647,1,213.541667,117.291667
650,1,233.750000,110.208333
651,1,232.863636,109.318182
652,1,21.269231,119.230769
654,1,33.913043,117.086957
655,1,36.625000,117.541667
658,1,49.260870,115.217391
659,1,56.423077,116.923077
660,1,60.320000,117.000000
662,1,71.208333,117.041667
663,1,73.923077,118.884615
664,1,79.640000,116.240000
665,1,85.074074,117.444444
666,1,92.320000,117.280000
667,1,97.961538,118.307692
668,1,103.520000,120.360000
669,1,102.840000,114.640000
671,1,115.625000,116.791667
674,1,131.166667,117.541667
676,1,139.680000,115.600000
677,1,143.520000,115.120000
679,1,154.826087,114.652174
684,1,180.360000,118.080000
685,1,187.296296,117.703704
686,1,192.000000,116.730769
687,1,196.640000,114.880000
688,1,199.111111,118.444444
690,1,210.130435,115.565217
691,1,218.720000,116.000000
692,1,222.000000,116.000000
695,1,236.964286,118.357143
696,1,22.166667,123.208333
698,1,31.600000,120.840000
699,1,36.040000,122.240000
700,1,39.708333,121.458333
701,1,47.880000,120.520000
703,1,54.680000,122.560000
704,1,60.520000,121.720000
707,1,78.708333,123.416667
708,1,80.720000,120.360000
709,1,87.285714,122.642857
710,1,91.920000,121.400000
711,1,97.041667,118.583333
712,1,98.920000,124.160000
713,1,107.230769,120.500000
715,1,118.400000,123.280000
717,1,126.520000,121.640000
719,1,139.038462,120.692308
724,1,163.038462,122.538462
725,1,166.956522,123.695652
727,1,177.555556,121.370370
729,1,187.888889,122.222222
733,1,209.050000,121.050000
734,1,213.142857,122.809524
735,1,219.400000,120.800000
736,1,218.000000,121.960000
737,1,225.545455,124.045455
739,1,235.384615,121.384615
740,1,22.538462,129.500000
744,1,42.320000,124.080000
746,1,51.520000,127.680000
747,1,57.481481,127.000000
748,1,63.961538,126.961538
750,1,73.346154,128.538462
751,1,78.040000,127.800000
754,1,93.346154,127.807692
755,1,94.000000,123.615385
756,1,103.240000,129.440000
757,1,109.500000,130.384615
759,1,115.481481,128.000000
760,1,126.166667,127.100000
761,1,129.640000,132.760000
763,1,138.333333,125.833333
765,1,146.615385,126.692308
767,1,156.958333,126.333333
768,1,162.000000,127.695652
769,1,167.392857,129.892857
771,1,175.760000,125.120000
772,1,178.928571,127.607143
779,1,218.560000,128.080000
780,1,221.619048,132.809524
781,1,230.173913,127.043478
782,1,222.541667,125.791667
783,1,233.592593,125.629630
784,1,23.958333,135.166667
786,1,31.961538,131.461538
790,1,53.583333,133.000000
791,1,58.083333,131.166667
792,1,64.769231,131.307692
793,1,64.230769,130.692308
795,1,75.880000,132.480000
798,1,93.086957,132.000000
799,1,98.120000,131.080000
800,1,105.240000,125.520000
802,1,116.920000,132.240000
803,1,118.074074,131.629630
805,1,128.269231,127.192308
809,1,148.791667,131.208333
810,1,151.120000,131.040000
813,1,165.692308,133.423077
815,1,177.608696,132.565217
817,1,185.392857,132.392857
821,1,207.571429,130.928571
822,1,211.000000,129.720000
824,1,225.800000,133.040000
825,1,226.880000,128.400000
828,1,21.296296,138.259259
831,1,39.086957,135.869565
832,1,43.130435,136.913043
833,1,45.692308,135.769231
835,1,56.172414,137.758621
837,1,65.875000,136.791667
839,1,78.875000,138.541667
844,1,102.423077,136.461538
845,1,103.461538,138.000000
847,1,117.000000,136.000000
848,1,123.444444,137.407407
849,1,126.680000,134.640000
850,1,132.038462,140.269231
852,1,140.720000,135.640000
853,1,146.217391,134.695652
854,1,148.560000,137.840000
857,1,171.166667,138.041667
858,1,172.360000,137.040000
859,1,178.600000,138.040000
865,1,208.250000,135.583333
870,1,232.739130,136.913043
872,1,21.565217,141.869565
873,1,27.363636,141.363636
879,1,57.840000,141.920000
883,1,73.538462,143.538462
884,1,81.360000,140.960000
885,1,86.354839,142.322581
886,1,92.846154,142.423077
892,1,121.520000,139.520000
893,1,128.166667,142.875000
895,1,139.192308,140.384615
898,1,153.964286,142.607143
899,1,156.724138,141.551724
900,1,161.037037,141.666667
902,1,169.461538,143.961538
905,1,187.880000,141.880000
906,1,191.111111,143.851852
914,1,232.083333,141.041667
916,1,22.846154,146.576923
919,1,36.280000,146.640000
921,1,46.481481,148.740741
924,1,61.333333,145.916667
925,1,66.000000,148.800000
926,1,71.833333,148.083333
927,1,81.153846,145.653846
928,1,75.807692,146.192308
929,1,86.083333,146.875000
931,1,96.666667,146.000000
936,1,123.214286,143.964286
937,1,124.807692,148.846154
939,1,136.269231,144.884615
940,1,141.083333,147.041667
943,1,156.923077,146.500000
944,1,161.320000,145.920000
945,1,166.153846,148.653846
952,1,202.346154,147.038462
954,1,213.400000,148.280000
955,1,216.884615,149.115385
958,1,232.840000,145.000000
959,1,233.680000,148.680000
960,1,24.800000,156.960000
965,1,44.840000,154.480000
966,1,52.409091,152.454545
967,1,56.250000,151.541667
968,1,60.800000,151.960000
970,1,71.181818,151.681818
971,1,77.444444,150.962963
976,1,102.785714,153.428571
977,1,105.916667,152.458333
978,1,110.827586,153.206897
980,1,121.500000,153.500000
983,1,136.720000,150.600000
984,1,142.555556,150.703704
985,1,146.173913,153.695652
986,1,151.333333,152.407407
987,1,155.269231,151.076923
988,1,160.777778,151.111111
989,1,167.380952,153.238095
994,1,194.370370,152.888889
997,1,209.370370,151.296296
999,1,215.538462,151.884615
1000,1,221.826087,153.565217
1001,1,226.391304,151.826087
1002,1,229.130435,152.478261
1003,1,235.875000,150.625000
1005,1,28.208333,156.875000
1007,1,38.521739,158.347826
1009,1,47.916667,158.708333
1010,1,51.259259,155.629630
1012,1,62.652174,155.260870
1016,1,82.115385,158.000000
1017,1,86.840000,156.920000
1018,1,90.444444,155.259259
1020,1,100.640000,158.040000
1023,1,117.107143,154.000000
1028,1,145.250000,158.333333
1029,1,143.038462,155.538462
1030,1,151.461538,156.538462
1031,1,157.880000,157.480000
1033,1,163.208333,160.458333
1036,1,180.560000,156.720000
1037,1,186.576923,158.961538
1038,1,191.346154,156.961538
1039,1,196.347826,156.869565
1041,1,206.680000,159.680000
1042,1,210.640000,156.240000
1043,1,219.500000,162.958333
1044,1,220.541667,153.750000
1048,1,26.666667,163.416667
1049,1,31.913043,162.217391
1051,1,42.814815,160.222222
1053,1,51.960000,161.560000
1055,1,61.600000,159.680000
1057,1,74.680000,161.200000
1058,1,73.857143,163.428571
1059,1,81.192308,165.192308
1063,1,104.111111,159.555556
1064,1,105.520000,161.840000
1067,1,123.160000,164.640000
1069,1,132.875000,162.375000
1074,1,160.620690,161.137931
1075,1,163.800000,164.920000
1078,1,177.360000,162.800000
1079,1,183.160000,163.720000
1080,1,182.466667,161.066667
1083,1,202.130435,161.956522
1084,1,206.576923,163.153846
1086,1,215.652174,159.043478
1090,1,237.000000,163.045455
1091,1,29.680000,167.680000
1092,1,33.625000,169.000000
1093,1,35.080000,167.520000
1095,1,44.280000,170.280000
1096,1,52.160000,167.240000
1097,1,56.538462,166.730769
1098,1,61.153846,164.653846
1099,1,62.769231,168.961538
1101,1,74.952381,166.000000
1102,1,86.720000,168.280000
1103,1,86.840000,165.760000
1104,1,92.826087,167.391304
1105,1,96.846154,165.038462
1109,1,120.000000,171.730769
1110,1,118.160000,165.560000
1113,1,136.461538,169.923077
1114,1,143.269231,166.884615
1116,1,151.692308,170.192308
1119,1,167.807692,168.000000
1122,1,184.480000,167.480000
1126,1,202.185185,166.370370
1129,1,216.814815,165.296296
1130,1,224.703704,166.703704
1131,1,228.576923,165.307692
1134,1,32.772727,172.636364
1135,1,35.703704,175.666667
1136,1,41.480000,170.520000
1137,1,48.208333,168.916667
1138,1,52.080000,174.600000
1140,1,65.090909,169.772727
1141,1,66.961538,172.538462
1142,1,75.000000,169.076923
1144,1,79.500000,170.269231
1146,1,92.370370,172.222222
1148,1,102.740741,172.851852
1149,1,106.347826,171.521739
1152,1,121.370370,168.888889
1155,1,138.416667,167.666667
1158,1,154.192308,171.807692
1160,1,162.347826,174.608696
1161,1,164.347826,170.695652
1163,1,179.120000,175.840000
1164,1,180.230769,171.038462
1171,1,215.708333,173.791667
1172,1,219.160000,168.680000
1173,1,228.040000,172.320000
1174,1,230.928571,171.642857
1176,1,39.444444,177.037037
1177,1,43.750000,176.833333
1179,1,49.333333,173.916667
1182,1,70.269231,174.923077
1185,1,83.346154,177.923077
1188,1,96.791667,177.791667
1189,1,99.565217,176.695652
1191,1,112.076923,176.076923
1192,1,115.208333,178.500000
1194,1,126.653846,175.423077
1196,1,137.304348,175.000000
1200,1,156.086957,178.956522
1201,1,163.000000,176.708333
1202,1,165.925926,178.000000
1203,1,172.125000,176.125000
1204,1,175.954545,176.181818
1205,1,182.600000,174.640000
1206,1,185.153846,179.423077
1207,1,194.782609,175.913043
1208,1,197.791667,177.333333
1211,1,210.807692,177.923077
1212,1,218.500000,174.083333
1214,1,225.653846,175.384615
1221,1,62.538462,184.153846
1222,1,64.576923,179.615385
1223,1,70.384615,180.730769
1224,1,78.913043,181.391304
1225,1,80.555556,185.037037
1226,1,85.769231,181.538462
1227,1,93.720000,183.560000
1228,1,100.111111,183.444444
1229,1,98.076923,180.846154
1230,1,107.153846,181.730769
1233,1,125.730769,184.307692
1234,1,126.360000,179.960000
1239,1,153.423077,184.076923
1240,1,159.384615,183.653846
1245,1,181.740741,182.740741
1246,1,187.160000,183.800000
1247,1,193.454545,181.863636
1248,1,195.296296,179.333333
1250,1,211.043478,181.608696
1252,1,217.785714,180.428571
1253,1,221.269231,182.115385
1255,1,42.500000,187.583333
1256,1,38.041667,187.875000
1257,1,48.035714,186.821429
1259,1,58.680000,187.960000
1260,1,61.481481,187.370370
1263,1,78.125000,185.708333
1265,1,88.391304,184.739130
1266,1,92.416667,191.375000
1267,1,96.392857,188.750000
1268,1,104.307692,186.038462
1273,1,128.037037,192.185185
1274,1,131.652174,185.826087
1278,1,151.160000,190.440000
1280,1,164.000000,189.777778
1281,1,167.481481,187.925926
1285,1,188.840000,189.080000
1286,1,191.880000,183.880000
1288,1,202.440000,186.320000
1289,1,204.960000,187.840000
1294,1,43.923077,191.153846
1296,1,52.440000,191.960000
1300,1,72.680000,193.560000
1301,1,78.791667,195.500000
1303,1,87.409091,191.090909
1304,1,92.000000,190.333333
1306,1,101.956522,189.913043
1307,1,105.153846,191.423077
1309,1,116.307692,191.384615
1310,1,123.260870,191.304348
1311,1,128.038462,190.230769
1313,1,136.320000,193.800000
1316,1,152.423077,197.730769
1319,1,167.703704,193.962963
1321,1,175.038462,193.269231
1323,1,189.391304,187.043478
1324,1,191.086957,191.565217
1327,1,205.880000,191.600000
1331,1,43.923077,197.461538
1332,1,47.181818,196.500000
1333,1,52.080000,197.560000
1335,1,62.375000,196.000000
1337,1,70.500000,197.708333
1338,1,76.896552,195.896552
1339,1,81.080000,193.960000
1340,1,86.777778,197.925926
1341,1,89.653846,195.923077
1342,1,99.600000,198.760000
1343,1,101.642857,195.464286
1345,1,112.500000,197.230769
1347,1,119.956522,194.565217
1348,1,124.640000,196.680000
1351,1,140.600000,194.040000
1352,1,144.592593,195.740741
1353,1,149.045455,194.772727
1355,1,164.120000,196.920000
1356,1,167.958333,198.458333
1362,1,197.083333,198.333333
1364,1,206.923077,196.730769
1367,1,47.958333,200.875000
1371,1,66.629630,201.888889
1373,1,76.500000,200.178571
1374,1,84.307692,202.192308
1376,1,93.322581,200.806452
1378,1,105.347826,201.565217
1379,1,106.083333,202.916667
1380,1,111.958333,203.708333
1388,1,149.148148,198.851852
1389,1,157.346154,202.538462
1390,1,160.880000,200.200000
1393,1,178.296296,200.888889
1394,1,182.307692,202.076923
1395,1,183.800000,203.550000
1397,1,197.666667,204.791667
1398,1,201.875000,201.041667
1401,1,54.875000,208.875000
1404,1,68.629630,207.444444
1405,1,72.925926,206.666667
1407,1,81.160000,206.560000
1408,1,84.708333,208.291667
1409,1,91.916667,207.500000
1410,1,99.541667,208.041667
1413,1,113.680000,206.800000
1415,1,122.615385,205.230769
1416,1,126.629630,207.000000
1426,1,177.615385,207.038462
1430,1,196.458333,207.458333
1431,1,199.913043,201.260870
1432,1,205.000000,206.625000
1433,1,58.000000,214.961538
1434,1,61.444444,212.814815
1436,1,71.250000,213.666667
1437,1,73.875000,211.416667
1438,1,80.222222,211.592593
1439,1,87.800000,209.800000
1441,1,97.000000,210.384615
1442,1,102.407407,214.444444
1443,1,104.520000,212.160000
1444,1,110.166667,212.250000
1445,1,120.888889,213.592593
1447,1,127.076923,212.038462
1449,1,137.640000,211.480000
1452,1,152.826087,211.391304
1453,1,156.333333,211.333333
1457,1,177.520000,211.960000
1460,1,193.560000,211.520000
1461,1,199.333333,211.916667
1462,1,202.391304,208.521739
1463,1,62.080000,218.320000
1465,1,71.230769,218.192308
1469,1,88.458333,214.583333
1471,1,103.520000,218.800000
1472,1,108.476190,217.142857
1473,1,116.192308,214.192308
1474,1,120.178571,216.571429
1475,1,120.925926,220.555556
1477,1,131.740741,217.740741
1479,1,142.541667,217.666667
1481,1,152.629630,216.703704
1482,1,158.166667,217.958333
1483,1,161.321429,215.464286
1489,1,192.347826,215.478261
1490,1,196.380952,216.904762
1491,1,67.346154,222.076923
1492,1,72.333333,221.916667
1495,1,88.708333,222.666667
1499,1,106.461538,221.961538
1501,1,112.920000,217.360000
1502,1,114.320000,221.840000
1503,1,125.083333,226.125000
1504,1,133.173913,223.695652
1506,1,139.407407,223.000000
1507,1,144.884615,222.807692
1511,1,169.833333,225.750000
1513,1,176.434783,225.043478
1517,1,75.518519,224.481481
1519,1,88.360000,229.200000
1520,1,92.076923,225.192308
1524,1,112.730769,227.692308
1525,1,117.615385,227.038462
1526,1,121.037037,224.481481
1527,1,128.375000,222.416667
1529,1,134.923077,226.500000
1531,1,147.407407,226.037037
1534,1,161.750000,224.500000
1536,1,174.083333,225.791667
1538,1,181.607143,225.821429
1539,1,85.208333,229.500000
1542,1,102.814815,232.851852
1543,1,107.703704,232.000000
1545,1,115.840000,231.960000
1549,1,138.400000,230.640000
1550,1,141.760000,234.080000
1556,1,169.296296,231.518519
1557,1,97.000000,236.269231
1558,1,101.636364,236.181818
1563,1,127.416667,237.291667
1564,1,132.000000,236.521739
1565,1,136.346154,236.076923
1569,1,155.250000,235.625000
