ID,type,x COM, y COM
2,2,112.250000,21.625000
5,2,121.000000,21.000000
6,2,126.956522,22.086957
7,2,133.391304,21.434783
9,2,143.550000,21.650000
10,2,150.652174,22.304348
12,2,156.434783,24.347826
13,2,86.826087,31.000000
14,2,91.080000,25.840000
15,2,96.500000,28.000000
16,2,97.230769,24.423077
18,2,112.360000,25.440000
19,2,112.500000,29.750000
22,2,131.423077,26.076923
23,2,136.000000,26.740741
26,2,152.880000,29.160000
31,2,79.000000,34.750000
34,2,92.280000,31.080000
38,2,111.090909,34.590909
39,2,116.125000,33.625000
41,2,129.541667,32.416667
42,2,133.857143,32.142857
45,2,148.600000,33.320000
46,2,154.000000,34.000000
47,2,157.285714,30.285714
51,2,176.375000,31.208333
53,2,73.320000,35.360000
55,2,83.320000,35.720000
57,2,93.708333,36.458333
58,2,97.884615,31.923077
61,2,115.791667,38.791667
62,2,119.833333,38.333333
63,2,121.000000,33.826087
65,2,129.000000,37.400000
66,2,134.545455,36.454545
67,2,141.040000,36.880000
76,2,188.230769,36.615385
77,2,195.875000,40.375000
78,2,62.041667,41.958333
79,2,68.695652,38.739130
81,2,78.260870,44.043478
82,2,79.440000,39.440000
84,2,94.541667,42.250000
85,2,101.130435,42.304348
87,2,106.560000,43.920000
88,2,112.240000,43.480000
89,2,116.360000,44.680000
90,2,121.423077,44.153846
91,2,124.750000,40.916667
92,2,130.250000,41.333333
93,2,136.791667,39.916667
94,2,137.961538,43.846154
96,2,152.800000,41.200000
98,2,157.160000,45.120000
100,2,175.681818,46.681818
101,2,177.818182,41.500000
103,2,186.863636,39.272727
109,2,74.217391,46.000000
110,2,79.391304,49.130435
113,2,92.520000,46.800000
114,2,98.043478,46.130435
115,2,103.038462,47.730769
117,2,108.130435,51.652174
118,2,113.391304,49.608696
122,2,135.500000,49.708333
125,2,150.434783,53.652174
130,2,179.555556,46.703704
131,2,182.923077,46.192308
132,2,187.695652,46.869565
133,2,193.125000,47.791667
134,2,197.545455,49.409091
135,2,199.407407,45.000000
136,2,54.760000,53.720000
137,2,59.680000,52.160000
138,2,63.272727,53.136364
139,2,68.880000,54.120000
140,2,72.750000,50.041667
142,2,80.583333,54.666667
144,2,92.800000,51.120000
146,2,102.454545,51.590909
151,2,124.000000,56.040000
153,2,133.000000,52.760000
155,2,149.875000,58.250000
162,2,181.481481,57.074074
166,2,203.260870,47.869565
167,2,205.846154,53.153846
170,2,58.333333,57.095238
171,2,64.291667,57.875000
173,2,76.740741,53.370370
177,2,91.760000,56.440000
179,2,104.782609,57.130435
181,2,114.000000,58.772727
183,2,128.130435,58.260870
184,2,131.480000,57.320000
185,2,135.727273,58.000000
188,2,146.583333,60.666667
190,2,157.200000,58.840000
192,2,166.423077,57.653846
195,2,181.545455,61.454545
197,2,186.541667,54.791667
200,2,203.166667,61.750000
201,2,207.318182,57.818182
202,2,42.259259,63.703704
203,2,48.440000,63.520000
204,2,54.148148,61.222222
206,2,61.375000,61.500000
211,2,88.583333,64.958333
213,2,95.500000,61.769231
214,2,100.782609,60.304348
216,2,111.320000,62.280000
219,2,134.739130,63.000000
221,2,142.681818,64.454545
223,2,149.333333,65.166667
225,2,153.461538,63.615385
227,2,168.692308,63.500000
230,2,186.318182,62.636364
231,2,188.461538,59.269231
232,2,195.541667,62.333333
233,2,198.653846,60.307692
235,2,208.500000,61.500000
236,2,216.166667,63.583333
240,2,52.375000,66.541667
244,2,73.120000,62.200000
245,2,74.291667,66.625000
247,2,92.769231,68.692308
248,2,91.583333,62.375000
252,2,112.958333,66.541667
257,2,139.076923,61.730769
259,2,145.625000,66.958333
260,2,153.615385,68.807692
263,2,166.083333,69.666667
266,2,182.750000,72.875000
268,2,191.320000,63.720000
269,2,197.423077,66.846154
271,2,207.880000,66.560000
278,2,53.038462,71.307692
280,2,65.636364,72.136364
284,2,86.840000,68.840000
285,2,87.800000,76.240000
286,2,90.625000,72.500000
287,2,97.291667,76.333333
296,2,143.692308,72.346154
297,2,151.190476,71.523810
299,2,156.291667,73.666667
300,2,162.782609,77.217391
304,2,182.391304,76.565217
306,2,192.208333,68.916667
308,2,201.958333,70.916667
309,2,203.304348,66.086957
314,2,36.846154,80.961538
317,2,54.153846,77.576923
320,2,67.965517,76.758621
321,2,72.434783,79.521739
325,2,93.173913,76.434783
327,2,105.538462,78.461538
329,2,111.440000,77.560000
333,2,134.851852,73.222222
334,2,137.695652,76.521739
336,2,143.130435,77.086957
338,2,157.043478,78.000000
340,2,165.538462,82.269231
341,2,170.375000,81.875000
344,2,187.720000,79.120000
349,2,209.833333,74.833333
351,2,221.375000,76.291667
352,2,224.423077,80.346154
354,2,40.272727,85.136364
356,2,48.954545,78.363636
357,2,47.750000,81.750000
358,2,54.960000,82.320000
361,2,77.869565,85.260870
362,2,74.130435,85.130435
365,2,92.826087,82.913043
368,2,104.416667,83.791667
370,2,117.807692,82.307692
371,2,124.360000,83.440000
372,2,127.760000,79.600000
373,2,133.272727,79.318182
374,2,136.739130,82.391304
375,2,141.458333,80.708333
378,2,156.791667,82.875000
379,2,160.760000,81.480000
383,2,182.769231,80.730769
384,2,185.520000,84.320000
385,2,191.625000,80.875000
386,2,195.217391,79.739130
388,2,208.846154,80.346154
391,2,219.521739,80.695652
392,2,231.083333,85.916667
395,2,40.739130,90.130435
397,2,48.230769,85.423077
398,2,52.958333,88.166667
399,2,56.280000,87.240000
405,2,89.230769,80.423077
407,2,94.480000,87.880000
409,2,105.958333,87.083333
410,2,113.208333,83.541667
411,2,118.840000,86.680000
416,2,141.160000,86.080000
418,2,148.240000,88.000000
419,2,154.160000,87.280000
423,2,177.760000,90.640000
425,2,188.625000,87.458333
428,2,198.125000,88.208333
429,2,202.173913,92.000000
431,2,221.666667,88.190476
432,2,221.086957,84.739130
433,2,226.608696,85.000000
438,2,39.434783,95.391304
440,2,48.560000,89.600000
443,2,68.160000,93.480000
444,2,71.920000,91.480000
445,2,75.478261,91.217391
448,2,93.869565,93.173913
449,2,99.307692,89.769231
452,2,110.423077,89.269231
453,2,115.136364,88.954545
454,2,120.200000,91.840000
455,2,126.750000,94.000000
456,2,131.333333,91.222222
457,2,137.280000,91.280000
459,2,147.000000,92.863636
460,2,152.296296,91.407407
462,2,164.818182,94.909091
466,2,182.259259,89.148148
469,2,193.480000,90.960000
471,2,207.416667,92.958333
476,2,232.807692,90.846154
477,2,25.576923,99.884615
478,2,31.592593,97.444444
479,2,35.800000,94.720000
481,2,50.045455,95.727273
482,2,55.037037,96.444444
483,2,59.080000,100.960000
484,2,61.518519,98.333333
485,2,66.958333,100.125000
486,2,71.434783,97.652174
487,2,78.480000,93.120000
488,2,82.480000,97.240000
489,2,89.520000,90.920000
490,2,89.730769,95.846154
491,2,95.285714,97.892857
492,2,99.307692,96.000000
496,2,122.928571,95.571429
497,2,130.545455,96.500000
498,2,133.740741,97.740741
499,2,137.880000,95.680000
501,2,151.500000,96.269231
504,2,162.391304,99.521739
509,2,186.476190,99.571429
510,2,191.320000,99.680000
511,2,197.916667,93.916667
513,2,208.640000,97.560000
515,2,217.038462,100.846154
516,2,221.840000,98.200000
517,2,225.750000,94.708333
518,2,232.041667,95.000000
519,2,236.956522,97.565217
520,2,24.000000,106.000000
521,2,28.173913,103.347826
522,2,32.200000,102.680000
523,2,36.730769,101.461538
527,2,53.384615,101.038462
528,2,63.739130,104.565217
529,2,70.960000,102.920000
530,2,76.560000,101.440000
532,2,81.720000,102.640000
534,2,92.370370,101.629630
538,2,116.681818,105.000000
539,2,120.576923,103.961538
541,2,126.440000,99.800000
542,2,130.304348,103.043478
543,2,134.920000,105.520000
544,2,137.222222,101.666667
547,2,157.956522,102.521739
548,2,162.375000,104.125000
549,2,167.384615,100.115385
550,2,173.120000,104.120000
551,2,176.000000,109.130435
553,2,183.777778,103.629630
554,2,190.269231,104.500000
555,2,193.772727,95.636364
558,2,212.826087,99.521739
564,2,24.434783,111.391304
567,2,34.615385,107.076923
568,2,40.500000,106.500000
569,2,45.583333,107.208333
570,2,54.083333,110.625000
571,2,57.346154,104.884615
574,2,70.681818,108.227273
575,2,75.920000,105.320000
576,2,80.347826,108.304348
579,2,96.045455,103.818182
584,2,124.454545,105.136364
585,2,128.173913,106.782609
586,2,131.440000,110.040000
587,2,136.178571,111.607143
590,2,153.541667,104.541667
591,2,158.692308,108.346154
593,2,168.192308,104.807692
596,2,186.250000,107.208333
598,2,194.727273,105.500000
600,2,202.740741,109.555556
602,2,211.961538,106.692308
603,2,216.181818,106.681818
605,2,226.863636,104.363636
606,2,231.920000,106.920000
607,2,236.720000,107.200000
608,2,23.090909,117.681818
609,2,30.250000,117.750000
610,2,31.500000,111.791667
611,2,38.500000,111.115385
612,2,47.047619,111.809524
614,2,49.880000,116.280000
616,2,62.541667,116.208333
617,2,66.227273,113.181818
618,2,70.708333,112.416667
619,2,75.740741,110.851852
622,2,90.280000,112.360000
625,2,105.846154,111.192308
626,2,113.800000,112.600000
628,2,127.571429,111.619048
631,2,141.347826,111.652174
632,2,139.320000,116.160000
634,2,148.954545,110.318182
635,2,152.800000,108.600000
637,2,165.434783,108.391304
638,2,170.400000,109.920000
639,2,173.739130,113.304348
642,2,195.190476,112.857143
643,2,198.666667,110.708333
645,2,208.833333,110.666667
647,2,215.608696,110.565217
649,2,227.000000,108.280000
651,2,235.357143,113.035714
653,2,26.125000,120.791667
655,2,36.307692,115.115385
657,2,42.148148,112.962963
659,2,54.130435,117.782609
661,2,69.681818,117.272727
663,2,80.333333,113.703704
664,2,84.680000,118.040000
665,2,84.913043,113.217391
666,2,90.041667,116.916667
671,2,112.333333,118.814815
675,2,133.280000,116.120000
676,2,143.391304,118.739130
681,2,162.541667,114.666667
684,2,176.333333,117.458333
686,2,194.000000,117.086957
687,2,199.043478,116.173913
690,2,208.125000,115.250000
692,2,216.958333,117.916667
693,2,223.050000,116.750000
694,2,230.107143,112.035714
696,2,21.320000,123.040000
697,2,29.652174,126.956522
698,2,31.080000,122.440000
700,2,41.560000,119.480000
702,2,52.041667,126.208333
703,2,53.740741,122.259259
705,2,71.956522,120.478261
706,2,64.185185,120.074074
707,2,76.769231,122.846154
708,2,80.038462,119.269231
709,2,88.291667,121.541667
711,2,94.000000,119.884615
712,2,97.708333,123.875000
714,2,116.041667,123.541667
719,2,137.538462,120.423077
720,2,141.608696,123.000000
723,2,162.880000,120.960000
725,2,166.846154,127.153846
728,2,178.666667,122.583333
737,2,219.538462,120.961538
739,2,236.185185,118.074074
740,2,20.833333,127.833333
742,2,34.772727,127.272727
745,2,48.136364,127.954545
747,2,64.720000,129.000000
749,2,65.769231,123.538462
752,2,83.333333,123.888889
755,2,94.166667,128.000000
756,2,105.296296,128.962963
758,2,113.500000,129.153846
761,2,130.217391,130.260870
764,2,145.640000,129.520000
768,2,160.692308,124.961538
774,2,189.818182,132.090909
775,2,196.913043,127.826087
779,2,219.115385,126.653846
780,2,219.555556,131.222222
782,2,234.500000,131.461538
783,2,236.363636,127.090909
786,2,31.560000,131.200000
787,2,36.608696,132.260870
789,2,49.250000,136.541667
791,2,57.769231,131.884615
794,2,69.080000,134.640000
795,2,70.913043,130.826087
796,2,82.640000,132.760000
798,2,97.642857,130.357143
799,2,100.920000,128.480000
801,2,108.708333,132.041667
802,2,112.681818,134.045455
803,2,118.166667,131.750000
804,2,120.160000,136.400000
805,2,122.833333,131.875000
806,2,133.608696,131.695652
809,2,143.920000,134.040000
812,2,160.304348,130.782609
814,2,169.434783,131.478261
818,2,192.869565,129.478261
821,2,205.260870,131.913043
826,2,229.538462,129.500000
829,2,30.500000,137.230769
830,2,34.826087,137.043478
834,2,51.800000,131.680000
835,2,59.208333,137.000000
838,2,73.142857,135.333333
839,2,76.875000,135.958333
846,2,113.840000,137.960000
847,2,116.875000,140.166667
850,2,132.538462,136.576923
851,2,138.083333,134.583333
852,2,143.440000,138.360000
854,2,152.750000,137.916667
856,2,160.869565,136.260870
860,2,185.875000,131.208333
864,2,205.454545,136.863636
865,2,210.192308,136.269231
867,2,218.260870,136.695652
868,2,222.625000,135.375000
869,2,227.590909,134.181818
870,2,229.076923,138.576923
871,2,235.120000,138.760000
872,2,23.923077,145.038462
875,2,37.954545,140.545455
876,2,41.240000,141.640000
878,2,54.724138,137.000000
879,2,58.040000,142.080000
881,2,71.321429,143.250000
885,2,86.409091,147.000000
886,2,92.083333,139.708333
887,2,96.727273,140.272727
888,2,101.600000,142.800000
889,2,108.000000,146.875000
890,2,111.666667,142.750000
891,2,116.608696,145.565217
892,2,120.840000,141.440000
895,2,138.652174,139.217391
897,2,147.400000,141.000000
898,2,156.833333,136.166667
907,2,194.040000,144.360000
915,2,237.375000,144.375000
916,2,21.750000,149.750000
922,2,54.500000,145.416667
927,2,72.458333,151.375000
928,2,82.280000,148.760000
930,2,91.076923,143.653846
934,2,112.458333,148.958333
938,2,133.541667,151.291667
942,2,147.000000,146.636364
944,2,162.608696,149.434783
945,2,166.375000,144.208333
949,2,190.720000,149.640000
951,2,195.680000,148.760000
952,2,199.200000,145.680000
953,2,207.807692,142.807692
954,2,209.240000,150.360000
957,2,228.130435,146.782609
958,2,233.250000,144.000000
961,2,31.041667,151.458333
962,2,36.000000,147.090909
963,2,35.181818,151.500000
964,2,40.000000,154.000000
966,2,48.772727,152.772727
969,2,68.190476,155.047619
970,2,71.333333,158.703704
974,2,87.000000,153.230769
977,2,107.125000,151.750000
978,2,111.666667,153.916667
979,2,116.600000,150.320000
982,2,129.250000,151.583333
983,2,138.840000,152.960000
984,2,140.760000,157.000000
988,2,162.000000,155.520000
990,2,167.782609,147.086957
994,2,194.307692,153.384615
995,2,199.521739,152.217391
1004,2,21.800000,155.680000
1006,2,34.846154,155.692308
1008,2,43.480000,158.600000
1009,2,44.458333,153.541667
1010,2,48.791667,157.416667
1014,2,66.227273,159.227273
1016,2,82.791667,154.458333
1017,2,88.423077,157.576923
1020,2,105.400000,156.240000
1022,2,112.692308,157.807692
1023,2,118.576923,154.884615
1026,2,130.230769,158.769231
1027,2,134.875000,155.833333
1028,2,140.000000,161.080000
1029,2,144.880000,154.400000
1030,2,149.821429,153.571429
1032,2,162.400000,160.880000
1034,2,172.125000,159.875000
1035,2,176.500000,159.730769
1036,2,181.560000,158.320000
1037,2,184.565217,154.782609
1039,2,194.500000,157.500000
1041,2,202.217391,156.217391
1042,2,209.173913,156.217391
1048,2,23.590909,161.363636
1050,2,34.038462,161.576923
1053,2,53.565217,155.043478
1054,2,57.666667,159.333333
1059,2,82.875000,160.375000
1060,2,87.760000,162.040000
1062,2,99.739130,161.652174
1068,2,127.909091,169.136364
1069,2,130.440000,164.920000
1070,2,134.925926,161.037037
1075,2,162.500000,165.500000
1077,2,171.960000,164.080000
1078,2,180.230769,163.576923
1081,2,191.400000,162.400000
1082,2,195.363636,162.318182
1083,2,200.200000,159.440000
1084,2,204.680000,159.240000
1087,2,225.608696,164.782609
1091,2,28.666667,164.250000
1092,2,33.080000,167.360000
1093,2,37.565217,166.043478
1099,2,68.833333,164.583333
1101,2,79.080000,162.600000
1103,2,89.120000,166.880000
1105,2,97.884615,165.807692
1106,2,103.960000,163.840000
1107,2,108.090909,165.318182
1109,2,116.884615,166.230769
1110,2,123.464286,165.535714
1112,2,134.090909,167.181818
1118,2,161.521739,169.000000
1119,2,166.913043,165.173913
1121,2,175.565217,167.347826
1124,2,191.181818,167.590909
1125,2,196.769231,168.000000
1126,2,200.040000,164.320000
1127,2,203.958333,165.541667
1132,2,231.590909,166.545455
1135,2,37.720000,171.280000
1139,2,52.958333,173.291667
1140,2,56.964286,171.500000
1145,2,90.357143,174.714286
1146,2,93.727273,167.318182
1151,2,119.363636,169.727273
1153,2,123.833333,171.833333
1155,2,134.653846,171.384615
1157,2,149.730769,170.615385
1160,2,158.440000,174.000000
1164,2,179.925926,168.666667
1165,2,185.045455,179.227273
1168,2,201.695652,171.826087
1169,2,208.363636,170.409091
1170,2,205.000000,171.280000
1171,2,212.520000,170.640000
1174,2,231.615385,172.230769
1176,2,42.750000,173.666667
1178,2,49.000000,171.695652
1179,2,50.863636,177.545455
1180,2,56.291667,176.958333
1181,2,61.695652,177.391304
1183,2,70.173913,180.000000
1184,2,74.720000,180.440000
1185,2,78.400000,176.640000
1188,2,96.615385,180.269231
1191,2,111.000000,180.760000
1197,2,143.120000,174.160000
1198,2,148.423077,174.961538
1199,2,154.086957,173.478261
1200,2,152.884615,178.153846
1202,2,165.769231,179.153846
1204,2,175.500000,176.000000
1206,2,188.200000,181.880000
1210,2,205.920000,177.360000
1211,2,210.680000,175.840000
1216,2,35.086957,182.869565
1217,2,39.772727,182.409091
1220,2,56.045455,180.636364
1221,2,61.041667,182.875000
1222,2,65.434783,182.434783
1227,2,91.826087,180.130435
1230,2,105.869565,183.521739
1233,2,126.304348,184.521739
1235,2,134.478261,181.695652
1236,2,136.720000,186.360000
1238,2,145.869565,179.173913
1244,2,171.826087,178.260870
1245,2,177.958333,180.791667
1246,2,187.583333,187.166667
1249,2,200.217391,179.347826
1250,2,203.826087,181.130435
1256,2,43.041667,186.708333
1257,2,47.666667,185.791667
1258,2,51.826087,189.521739
1262,2,74.846154,186.615385
1263,2,78.923077,190.346154
1265,2,92.458333,184.750000
1266,2,95.720000,188.560000
1267,2,98.636364,185.772727
1268,2,101.208333,182.250000
1269,2,102.538462,188.076923
1272,2,123.000000,185.454545
1274,2,130.523810,184.190476
1275,2,136.565217,190.521739
1278,2,151.875000,186.583333
1279,2,155.916667,183.833333
1280,2,158.444444,180.333333
1284,2,182.826087,183.956522
1286,2,197.000000,188.000000
1287,2,200.461538,186.384615
1289,2,203.736842,187.578947
1290,2,206.333333,185.190476
1292,2,225.695652,183.695652
1295,2,48.083333,192.750000
1297,2,53.625000,193.125000
1298,2,64.148148,192.481481
1299,2,63.280000,186.840000
1301,2,74.608696,192.000000
1302,2,81.875000,192.750000
1309,2,120.000000,188.227273
1312,2,132.000000,188.826087
1314,2,143.586207,193.689655
1316,2,155.708333,189.333333
1322,2,182.260870,188.130435
1323,2,179.958333,193.833333
1325,2,199.136364,192.636364
1326,2,203.962963,193.592593
1330,2,222.625000,187.416667
1331,2,45.416667,197.125000
1335,2,58.833333,191.500000
1336,2,65.666667,197.444444
1338,2,75.041667,196.333333
1339,2,82.040000,197.520000
1340,2,86.590909,194.272727
1343,2,100.076923,201.115385
1345,2,107.583333,201.333333
1348,2,128.318182,198.818182
1349,2,130.500000,194.500000
1350,2,135.160000,195.400000
1351,2,139.692308,193.769231
1355,2,162.285714,200.380952
1357,2,175.500000,193.590909
1358,2,178.818182,197.909091
1362,2,196.346154,197.076923
1363,2,201.280000,197.920000
1366,2,214.125000,201.208333
1367,2,49.521739,198.347826
1368,2,50.240000,204.360000
1369,2,55.318182,203.227273
1371,2,67.636364,202.727273
1372,2,70.625000,199.875000
1373,2,77.269231,199.923077
1374,2,83.909091,201.772727
1375,2,87.050000,199.500000
1376,2,91.692308,202.884615
1377,2,95.392857,200.178571
1379,2,104.636364,204.590909
1382,2,124.142857,200.285714
1383,2,130.181818,202.681818
1388,2,150.962963,207.703704
1390,2,164.038462,205.615385
1393,2,180.250000,202.583333
1395,2,185.333333,202.583333
1396,2,192.391304,199.434783
1397,2,198.360000,201.840000
1399,2,206.000000,208.400000
1400,2,209.958333,203.708333
1401,2,58.600000,206.520000
1404,2,69.730769,207.230769
1405,2,73.560000,204.680000
1412,2,98.958333,205.875000
1416,2,125.307692,205.076923
1417,2,132.347826,208.260870
1421,2,156.222222,207.888889
1423,2,160.400000,209.480000
1425,2,169.125000,205.000000
1426,2,180.000000,206.739130
1428,2,183.960000,208.200000
1429,2,190.391304,203.217391
1435,2,65.192308,207.692308
1440,2,85.560000,204.760000
1442,2,107.520000,208.640000
1447,2,126.925926,208.925926
1448,2,129.125000,212.625000
1449,2,135.500000,213.000000
1451,2,145.454545,213.636364
1452,2,154.173913,216.304348
1453,2,154.625000,212.625000
1455,2,165.080000,213.280000
1459,2,190.190476,206.904762
1461,2,194.333333,214.916667
1462,2,200.678571,213.714286
1466,2,71.840000,219.480000
1470,2,97.583333,220.458333
1473,2,113.681818,218.590909
1474,2,118.260870,218.000000
1476,2,128.791667,218.125000
1479,2,141.541667,216.041667
1481,2,149.260870,213.347826
1482,2,160.000000,214.416667
1484,2,171.666667,219.375000
1485,2,169.318182,213.909091
1487,2,180.384615,216.461538
1488,2,184.346154,218.076923
1495,2,85.153846,225.076923
1499,2,106.958333,220.541667
1501,2,115.350000,222.050000
1504,2,133.521739,224.434783
1505,2,138.346154,226.423077
1506,2,136.300000,221.850000
1507,2,146.173913,218.869565
1508,2,148.652174,222.521739
1509,2,152.346154,219.153846
1514,2,179.608696,221.652174
1516,2,185.000000,223.500000
1517,2,76.080000,227.320000
1518,2,81.360000,228.200000
1519,2,87.640000,229.480000
1521,2,99.961538,224.923077
1522,2,105.000000,231.791667
1525,2,117.590909,225.272727
1528,2,128.360000,222.840000
1530,2,141.480000,221.600000
1533,2,161.520000,228.520000
1535,2,163.192308,232.692308
1537,2,174.800000,228.120000
1538,2,180.500000,226.500000
1539,2,91.708333,230.583333
1541,2,100.240000,230.760000
1543,2,107.080000,225.680000
1544,2,113.120000,230.480000
1549,2,134.523810,230.857143
1556,2,167.750000,232.666667
1558,2,98.875000,235.375000
1559,2,103.695652,236.260870
1565,2,134.416667,236.583333
1570,2,159.869565,236.217391
1,1,103.040000,32.360000
3,1,116.961538,22.615385
4,1,119.960000,28.720000
8,1,139.478261,24.695652
11,1,150.347826,25.043478
17,1,103.560000,26.760000
20,1,119.304348,26.956522
21,1,127.400000,27.120000
24,1,142.920000,25.000000
25,1,147.680000,28.240000
27,1,171.560000,36.320000
28,1,162.166667,30.708333
29,1,161.222222,35.259259
30,1,162.384615,26.307692
32,1,88.750000,43.916667
33,1,89.625000,36.875000
35,1,101.000000,37.500000
36,1,107.160000,27.600000
37,1,106.160000,37.800000
40,1,124.640000,28.240000
43,1,142.478261,31.391304
44,1,138.538462,30.423077
48,1,169.080000,31.560000
49,1,158.920000,39.960000
50,1,168.000000,38.181818
52,1,179.074074,34.407407
54,1,69.565217,44.347826
56,1,86.640000,40.440000
59,1,98.250000,38.000000
60,1,110.480000,39.360000
64,1,124.652174,34.652174
68,1,144.000000,35.458333
69,1,148.809524,37.857143
70,1,155.333333,36.791667
71,1,166.107143,28.392857
72,1,163.703704,43.037037
73,1,171.461538,42.076923
74,1,170.958333,33.208333
75,1,172.958333,41.625000
80,1,74.370370,40.111111
83,1,85.173913,48.652174
86,1,105.769231,32.269231
95,1,147.692308,42.769231
97,1,150.360000,44.200000
99,1,169.423077,38.269231
102,1,181.384615,38.692308
104,1,192.920000,43.640000
105,1,188.615385,41.923077
106,1,63.080000,46.440000
107,1,67.153846,44.153846
108,1,67.250000,50.125000
111,1,82.625000,44.500000
112,1,87.363636,37.863636
116,1,108.772727,47.636364
119,1,126.730769,47.384615
120,1,122.269231,51.115385
121,1,132.384615,46.153846
123,1,141.000000,50.500000
124,1,148.760000,48.720000
126,1,142.846154,42.423077
127,1,153.640000,50.080000
128,1,160.480000,52.800000
129,1,173.074074,53.333333
141,1,76.200000,57.000000
143,1,87.916667,53.458333
145,1,96.269231,52.653846
147,1,108.625000,57.750000
148,1,116.120000,54.320000
149,1,115.416667,55.458333
150,1,117.478261,50.347826
152,1,126.807692,45.923077
154,1,141.666667,47.904762
156,1,157.833333,49.833333
157,1,162.000000,58.000000
158,1,163.250000,47.375000
159,1,168.280000,45.960000
160,1,165.954545,53.227273
161,1,177.913043,51.869565
163,1,176.142857,59.619048
164,1,197.333333,54.208333
165,1,191.153846,51.615385
168,1,47.565217,59.695652
169,1,51.041667,57.333333
172,1,69.730769,60.076923
174,1,80.416667,66.750000
175,1,84.083333,62.958333
176,1,85.541667,52.916667
178,1,100.125000,56.041667
180,1,106.478261,63.913043
182,1,121.629630,64.000000
186,1,128.208333,51.291667
187,1,142.625000,57.458333
189,1,144.178571,54.750000
191,1,167.625000,50.000000
193,1,171.964286,58.000000
194,1,180.760000,66.840000
196,1,184.208333,51.166667
198,1,191.541667,56.291667
199,1,202.095238,56.619048
205,1,57.185185,64.888889
207,1,69.760000,69.120000
208,1,67.961538,62.307692
209,1,79.166667,62.416667
210,1,86.307692,58.884615
212,1,92.480000,55.520000
215,1,107.760000,66.760000
217,1,117.333333,61.166667
218,1,110.320000,71.200000
220,1,138.090909,71.772727
222,1,141.086957,52.913043
224,1,154.333333,55.708333
226,1,159.230769,64.269231
228,1,175.320000,64.920000
229,1,174.625000,53.500000
234,1,198.480000,54.120000
237,1,218.285714,70.809524
238,1,45.846154,74.192308
239,1,42.565217,69.043478
241,1,58.291667,69.708333
242,1,67.565217,61.304348
243,1,60.961538,69.192308
246,1,77.240000,72.520000
249,1,98.080000,69.080000
250,1,101.708333,64.208333
251,1,103.520000,68.440000
253,1,122.833333,60.208333
254,1,127.740741,64.037037
255,1,120.592593,67.074074
256,1,128.041667,69.666667
258,1,138.153846,67.500000
261,1,164.400000,63.760000
262,1,162.375000,68.916667
264,1,165.458333,75.500000
265,1,174.791667,63.666667
267,1,185.608696,67.086957
270,1,196.800000,72.160000
272,1,214.600000,66.760000
273,1,211.884615,70.461538
274,1,221.320000,69.560000
275,1,40.333333,70.833333
276,1,36.695652,72.956522
277,1,47.961538,68.846154
279,1,61.130435,73.521739
281,1,69.217391,67.130435
282,1,79.880000,70.360000
283,1,83.391304,74.478261
288,1,101.000000,76.615385
289,1,112.958333,74.541667
290,1,120.590909,78.272727
291,1,121.520000,72.480000
292,1,117.846154,69.653846
293,1,128.269231,71.153846
294,1,130.130435,73.913043
295,1,132.038462,65.500000
298,1,158.440000,66.320000
301,1,172.875000,76.291667
302,1,170.423077,69.153846
303,1,169.500000,74.730769
305,1,189.166667,71.083333
307,1,190.360000,71.920000
310,1,210.160000,69.680000
311,1,215.047619,75.190476
312,1,214.461538,81.615385
313,1,32.291667,83.750000
315,1,48.833333,73.041667
316,1,41.120000,77.360000
318,1,58.520000,79.480000
319,1,61.760000,78.200000
322,1,71.625000,73.500000
323,1,80.440000,76.520000
324,1,81.500000,80.000000
326,1,100.777778,82.777778
328,1,98.538462,69.653846
330,1,106.416667,73.541667
331,1,117.960000,76.520000
332,1,124.692308,76.692308
335,1,148.521739,73.739130
337,1,150.125000,80.625000
339,1,166.583333,71.541667
342,1,178.090909,70.818182
343,1,176.458333,75.625000
345,1,189.086957,73.695652
346,1,200.375000,80.250000
347,1,210.240000,85.760000
348,1,204.600000,74.840000
350,1,215.538462,77.153846
353,1,33.280000,87.160000
355,1,42.000000,78.750000
359,1,56.960000,91.520000
360,1,68.960000,81.360000
363,1,76.200000,78.040000
364,1,84.250000,82.541667
366,1,96.964286,82.357143
367,1,103.960000,92.240000
369,1,109.416667,82.125000
376,1,152.360000,77.800000
377,1,147.222222,80.296296
380,1,175.958333,79.333333
381,1,177.000000,85.960000
382,1,177.840000,83.680000
387,1,202.750000,85.791667
389,1,204.416667,80.208333
390,1,213.269231,90.192308
393,1,32.629630,80.074074
394,1,36.291667,85.625000
396,1,44.708333,88.000000
400,1,62.521739,92.826087
401,1,63.880000,88.840000
402,1,65.240000,84.040000
403,1,69.307692,86.423077
404,1,86.923077,101.153846
406,1,88.727273,86.409091
408,1,108.583333,93.041667
412,1,124.130435,88.173913
413,1,132.000000,85.000000
414,1,128.392857,86.250000
415,1,136.576923,86.884615
417,1,146.480000,84.880000
420,1,170.115385,89.807692
421,1,165.923077,88.038462
422,1,159.040000,87.520000
424,1,187.800000,91.960000
426,1,193.035714,85.464286
427,1,198.769231,76.730769
430,1,201.120000,85.720000
434,1,218.692308,89.923077
435,1,28.115385,89.384615
436,1,29.521739,91.391304
437,1,29.840000,93.000000
439,1,45.178571,96.714286
441,1,62.208333,85.291667
442,1,60.960000,94.400000
446,1,82.592593,87.703704
447,1,84.250000,89.291667
450,1,103.851852,96.074074
451,1,109.960000,100.800000
458,1,142.481481,97.481481
461,1,159.954545,94.909091
463,1,164.520000,91.240000
464,1,176.590909,95.227273
465,1,169.576923,85.961538
467,1,182.115385,97.346154
468,1,186.703704,94.777778
470,1,200.416667,97.208333
472,1,210.250000,88.333333
473,1,220.636364,92.863636
474,1,215.481481,95.814815
475,1,227.391304,90.260870
480,1,44.280000,95.240000
493,1,104.200000,101.040000
494,1,119.958333,98.208333
495,1,114.458333,93.166667
500,1,142.814815,91.370370
502,1,141.961538,106.961538
503,1,156.920000,93.000000
505,1,170.541667,97.708333
506,1,173.000000,93.318182
507,1,176.692308,100.384615
508,1,177.200000,96.720000
512,1,206.000000,103.360000
514,1,211.909091,88.136364
524,1,41.000000,101.148148
525,1,49.730769,103.692308
526,1,46.400000,102.040000
531,1,77.360000,97.560000
533,1,84.520000,94.200000
535,1,99.461538,105.923077
536,1,107.130435,102.869565
537,1,114.115385,101.269231
540,1,114.961538,97.923077
545,1,147.541667,98.791667
546,1,155.791667,99.125000
552,1,179.565217,112.782609
556,1,203.769231,98.730769
557,1,197.666667,102.166667
559,1,227.333333,98.777778
560,1,220.681818,106.227273
561,1,220.240000,113.440000
562,1,234.740741,102.148148
563,1,231.240000,100.240000
565,1,30.000000,108.583333
566,1,27.521739,113.913043
572,1,61.192308,111.730769
573,1,66.500000,107.125000
577,1,87.550000,104.750000
578,1,90.777778,108.074074
580,1,103.750000,106.958333
581,1,106.363636,104.272727
582,1,109.708333,113.375000
583,1,111.680000,107.240000
588,1,146.520000,104.960000
589,1,141.038462,103.576923
592,1,161.913043,111.043478
594,1,181.347826,105.260870
595,1,179.653846,107.076923
597,1,192.120000,110.120000
599,1,200.086957,104.956522
601,1,208.350000,102.500000
604,1,223.240000,111.400000
613,1,50.653846,109.076923
615,1,59.160000,108.680000
620,1,85.560000,108.160000
621,1,98.913043,112.826087
623,1,94.857143,112.642857
624,1,105.440000,119.080000
627,1,120.409091,109.954545
629,1,125.000000,117.500000
630,1,128.521739,116.782609
633,1,148.518519,101.518519
636,1,154.625000,112.625000
640,1,186.086957,112.260870
641,1,188.120000,115.560000
644,1,203.304348,105.304348
646,1,210.592593,120.185185
648,1,221.692308,103.153846
650,1,230.769231,117.653846
652,1,24.958333,127.125000
654,1,35.840000,118.760000
656,1,47.346154,119.000000
658,1,45.826087,119.782609
660,1,57.370370,113.925926
662,1,75.172414,116.482759
667,1,100.560000,108.760000
668,1,99.120000,116.800000
669,1,102.440000,117.360000
670,1,107.173913,123.086957
672,1,117.041667,118.500000
673,1,117.653846,111.653846
674,1,132.000000,121.583333
677,1,144.960000,111.760000
678,1,149.916667,116.833333
679,1,153.541667,123.375000
680,1,157.476190,117.619048
682,1,173.086957,133.869565
683,1,167.347826,115.173913
685,1,187.615385,116.346154
688,1,202.200000,127.800000
689,1,203.625000,120.875000
691,1,213.846154,114.961538
695,1,234.440000,124.040000
699,1,42.240000,130.160000
701,1,37.120000,122.920000
704,1,58.304348,120.956522
710,1,91.346154,127.115385
713,1,110.925926,124.333333
715,1,118.200000,126.280000
716,1,123.333333,123.083333
717,1,123.480000,114.080000
718,1,124.916667,126.958333
721,1,147.541667,122.125000
722,1,154.681818,125.909091
724,1,167.666667,120.888889
726,1,168.875000,117.291667
727,1,174.954545,124.363636
729,1,181.960000,116.920000
730,1,192.440000,123.080000
731,1,184.640000,120.480000
732,1,188.653846,124.153846
733,1,203.458333,115.750000
734,1,199.269231,123.346154
735,1,215.608696,124.956522
736,1,223.750000,125.041667
738,1,226.960000,119.200000
741,1,26.481481,133.148148
743,1,43.625000,135.583333
744,1,44.576923,125.500000
746,1,57.954545,126.045455
748,1,70.192308,125.423077
750,1,73.240000,126.960000
751,1,77.833333,128.958333
753,1,85.840000,135.920000
754,1,89.083333,128.375000
757,1,103.120000,123.480000
759,1,120.346154,117.192308
760,1,128.120000,123.280000
762,1,134.076923,127.730769
763,1,144.592593,125.740741
765,1,151.083333,119.958333
766,1,153.730769,114.923077
767,1,155.458333,124.708333
769,1,171.583333,119.916667
770,1,173.230769,132.961538
771,1,180.541667,124.958333
772,1,180.000000,128.458333
773,1,187.769231,126.115385
776,1,199.318182,119.909091
777,1,207.740741,125.703704
778,1,209.807692,121.576923
781,1,231.500000,121.041667
784,1,25.076923,137.576923
785,1,22.958333,131.958333
788,1,39.730769,126.269231
790,1,59.555556,126.592593
792,1,63.478261,134.086957
793,1,67.000000,138.625000
797,1,85.321429,128.571429
800,1,102.560000,133.960000
807,1,139.666667,129.541667
808,1,136.280000,125.040000
810,1,151.800000,132.066667
811,1,153.925926,130.481481
813,1,162.600000,141.000000
815,1,180.500000,132.318182
816,1,186.333333,147.074074
817,1,183.409091,137.545455
819,1,195.769231,136.807692
820,1,194.120000,134.160000
822,1,213.384615,129.576923
823,1,213.518519,134.407407
824,1,225.384615,129.269231
825,1,226.680000,123.360000
827,1,233.130435,135.130435
828,1,22.640000,138.560000
831,1,39.956522,135.521739
832,1,49.320000,142.000000
833,1,46.478261,133.260870
836,1,63.583333,140.083333
837,1,63.791667,139.916667
840,1,79.333333,129.500000
841,1,90.884615,134.538462
842,1,87.217391,140.043478
843,1,106.260870,141.391304
844,1,95.954545,135.136364
845,1,101.793103,137.620690
848,1,124.280000,129.240000
849,1,126.916667,141.583333
853,1,147.625000,137.208333
855,1,156.958333,142.958333
857,1,171.750000,125.850000
858,1,175.964286,139.428571
859,1,180.461538,135.653846
861,1,191.307692,139.730769
862,1,199.909091,138.272727
863,1,199.416667,133.500000
866,1,208.913043,129.260870
873,1,26.217391,149.478261
874,1,27.913043,143.086957
877,1,49.260870,142.652174
880,1,69.481481,145.111111
882,1,77.115385,146.923077
883,1,74.625000,142.375000
884,1,82.461538,143.307692
893,1,126.259259,143.000000
894,1,136.076923,142.076923
896,1,141.178571,143.321429
899,1,164.080000,130.000000
900,1,154.629630,142.148148
901,1,167.680000,139.360000
902,1,165.333333,135.333333
903,1,175.458333,137.541667
904,1,181.916667,144.416667
905,1,187.571429,142.928571
906,1,187.625000,138.000000
908,1,204.346154,141.461538
909,1,200.920000,139.880000
910,1,212.038462,142.500000
911,1,215.958333,140.458333
912,1,220.481481,145.666667
913,1,224.375000,140.791667
914,1,228.625000,142.625000
917,1,33.520000,142.640000
918,1,32.916667,145.208333
919,1,47.458333,146.791667
920,1,49.961538,150.000000
921,1,45.954545,143.409091
923,1,56.545455,149.090909
924,1,61.000000,146.923077
925,1,68.296296,148.888889
926,1,78.625000,142.625000
929,1,81.375000,138.416667
931,1,98.962963,150.185185
932,1,96.576923,145.423077
933,1,108.370370,137.925926
935,1,126.250000,155.416667
936,1,121.214286,155.678571
937,1,124.791667,145.916667
939,1,136.363636,145.590909
940,1,139.222222,148.555556
941,1,147.000000,150.625000
943,1,159.038462,147.307692
946,1,171.076923,151.000000
947,1,176.038462,143.076923
948,1,173.260870,145.086957
950,1,185.551724,151.068966
955,1,212.480000,147.680000
956,1,221.347826,142.043478
959,1,234.555556,148.666667
960,1,26.760000,152.760000
965,1,41.037037,148.481481
967,1,61.379310,152.000000
968,1,64.523810,154.285714
971,1,77.541667,152.791667
972,1,78.583333,156.583333
973,1,90.125000,148.708333
975,1,101.346154,152.346154
976,1,103.576923,147.769231
980,1,132.851852,144.777778
981,1,122.500000,149.769231
985,1,126.269231,136.500000
986,1,154.360000,147.880000
987,1,151.250000,147.458333
989,1,170.458333,156.750000
991,1,175.321429,152.964286
992,1,179.206897,150.482759
993,1,178.076923,150.346154
996,1,203.958333,147.708333
997,1,216.120000,152.160000
998,1,215.653846,167.230769
999,1,215.307692,148.461538
1000,1,220.880000,152.680000
1001,1,218.862069,154.241379
1002,1,226.444444,151.185185
1003,1,236.120000,154.320000
1005,1,26.960000,158.040000
1007,1,38.653846,160.269231
1011,1,57.652174,154.608696
1012,1,64.076923,163.692308
1013,1,63.928571,167.357143
1015,1,75.080000,158.640000
1018,1,92.608696,160.478261
1019,1,93.520000,149.720000
1021,1,111.769231,162.000000
1024,1,123.370370,160.259259
1025,1,124.370370,162.703704
1031,1,154.960000,155.040000
1033,1,166.518519,152.296296
1038,1,188.200000,158.440000
1040,1,205.259259,151.925926
1043,1,220.333333,161.185185
1044,1,225.703704,156.888889
1045,1,221.000000,156.272727
1046,1,232.125000,152.083333
1047,1,232.680000,161.080000
1049,1,31.250000,158.791667
1051,1,48.214286,162.214286
1052,1,52.192308,162.615385
1055,1,62.652174,154.739130
1056,1,62.280000,172.960000
1057,1,84.965517,172.724138
1058,1,72.545455,170.318182
1061,1,93.652174,154.652174
1063,1,106.000000,159.826087
1064,1,99.260870,156.260870
1065,1,115.727273,160.954545
1066,1,110.166667,168.916667
1067,1,127.250000,150.750000
1071,1,149.666667,162.958333
1072,1,154.541667,161.583333
1073,1,152.576923,158.230769
1074,1,158.269231,153.538462
1076,1,167.714286,157.750000
1079,1,186.750000,160.000000
1080,1,185.181818,168.500000
1085,1,208.250000,164.791667
1086,1,215.500000,158.142857
1088,1,218.500000,166.615385
1089,1,230.360000,157.200000
1090,1,227.884615,167.615385
1094,1,51.200000,167.400000
1095,1,43.925926,169.629630
1096,1,59.375000,165.791667
1097,1,55.807692,164.307692
1098,1,71.500000,167.923077
1100,1,77.217391,173.173913
1102,1,81.960000,170.840000
1104,1,95.346154,160.346154
1108,1,104.391304,171.695652
1111,1,141.038462,178.730769
1113,1,144.791667,161.791667
1114,1,139.625000,164.416667
1115,1,148.458333,167.208333
1116,1,143.958333,167.666667
1117,1,157.458333,163.625000
1120,1,170.240000,168.640000
1122,1,185.727273,164.590909
1123,1,187.160000,172.040000
1128,1,211.200000,161.920000
1129,1,218.260870,163.739130
1130,1,221.846154,173.192308
1131,1,218.956522,170.739130
1133,1,29.769231,170.807692
1134,1,33.666667,176.375000
1136,1,38.652174,177.260870
1137,1,44.500000,164.250000
1138,1,46.000000,176.166667
1141,1,68.821429,174.607143
1142,1,74.480000,165.120000
1143,1,84.080000,166.480000
1144,1,78.708333,169.583333
1147,1,102.041667,174.583333
1148,1,116.760000,175.960000
1149,1,100.120000,176.960000
1150,1,112.857143,170.214286
1152,1,121.440000,175.320000
1154,1,132.960000,177.120000
1156,1,140.037037,183.222222
1158,1,149.772727,164.318182
1159,1,156.875000,168.916667
1161,1,165.384615,171.769231
1162,1,175.217391,171.739130
1163,1,181.960000,175.120000
1166,1,195.407407,174.888889
1167,1,189.840000,177.120000
1172,1,218.857143,179.178571
1173,1,228.500000,158.363636
1175,1,34.500000,179.318182
1177,1,43.703704,165.851852
1182,1,65.720000,174.640000
1186,1,87.384615,185.038462
1187,1,90.818182,170.272727
1189,1,95.884615,174.230769
1190,1,108.285714,177.928571
1192,1,113.000000,174.416667
1193,1,118.958333,179.833333
1194,1,125.629630,179.740741
1195,1,131.875000,177.125000
1196,1,140.125000,169.791667
1201,1,162.166667,176.250000
1203,1,169.600000,173.720000
1205,1,181.192308,175.730769
1207,1,195.375000,183.208333
1208,1,198.500000,175.576923
1209,1,192.166667,172.083333
1212,1,212.320000,179.760000
1213,1,221.478261,182.739130
1214,1,227.653846,172.692308
1215,1,32.208333,173.958333
1218,1,49.814815,181.962963
1219,1,43.800000,180.720000
1223,1,79.120000,183.640000
1224,1,81.739130,184.739130
1225,1,87.521739,179.521739
1226,1,83.000000,178.304348
1228,1,106.160000,173.840000
1229,1,99.884615,169.846154
1231,1,118.458333,181.291667
1232,1,112.791667,186.291667
1234,1,128.720000,173.680000
1237,1,137.695652,175.869565
1239,1,149.461538,181.615385
1240,1,163.125000,182.500000
1241,1,174.833333,184.333333
1242,1,173.230769,197.846154
1243,1,169.320000,182.240000
1247,1,191.695652,187.304348
1248,1,192.923077,178.307692
1251,1,216.000000,176.208333
1252,1,213.222222,184.148148
1253,1,224.037037,176.407407
1254,1,227.576923,176.884615
1255,1,35.695652,189.391304
1259,1,57.280000,186.680000
1260,1,71.269231,178.538462
1261,1,68.750000,189.875000
1264,1,83.560000,185.160000
1270,1,116.821429,191.821429
1271,1,108.500000,189.636364
1273,1,125.920000,189.920000
1276,1,143.192308,187.269231
1277,1,146.846154,186.230769
1281,1,163.038462,194.000000
1282,1,168.800000,185.160000
1283,1,173.192308,187.923077
1285,1,187.391304,192.260870
1288,1,208.680000,193.680000
1291,1,214.250000,187.666667
1293,1,38.181818,187.181818
1294,1,42.791667,193.166667
1296,1,53.961538,184.769231
1300,1,68.791667,187.208333
1303,1,96.608696,193.652174
1304,1,88.478261,189.826087
1305,1,92.478261,192.391304
1306,1,105.458333,196.000000
1307,1,102.416667,191.166667
1308,1,115.461538,183.269231
1310,1,116.434783,197.217391
1311,1,125.423077,193.192308
1313,1,146.739130,195.869565
1315,1,150.291667,190.000000
1317,1,156.608696,203.869565
1318,1,161.440000,186.800000
1319,1,171.692308,190.115385
1320,1,170.222222,198.777778
1321,1,175.826087,189.130435
1324,1,193.833333,193.166667
1327,1,214.107143,191.464286
1328,1,213.913043,183.086957
1329,1,219.120000,190.720000
1332,1,41.800000,190.680000
1333,1,53.640000,199.200000
1334,1,57.440000,196.640000
1337,1,70.240000,194.600000
1341,1,90.217391,196.347826
1342,1,101.520000,195.160000
1344,1,112.782609,190.391304
1346,1,111.560000,203.160000
1347,1,122.269231,195.153846
1352,1,157.370370,196.481481
1353,1,150.000000,194.863636
1354,1,156.347826,197.956522
1356,1,159.840000,190.560000
1359,1,184.640000,197.560000
1360,1,188.884615,197.000000
1361,1,186.480000,192.080000
1364,1,208.869565,188.956522
1365,1,215.576923,195.500000
1370,1,60.240000,200.120000
1378,1,90.600000,210.480000
1380,1,111.269231,195.153846
1381,1,118.250000,199.892857
1384,1,134.652174,199.869565
1385,1,136.560000,208.440000
1386,1,135.560000,203.480000
1387,1,143.925926,204.074074
1389,1,154.250000,201.125000
1391,1,177.160000,207.800000
1392,1,165.960000,198.480000
1394,1,172.037037,201.740741
1398,1,210.208333,199.083333
1402,1,60.130435,199.521739
1403,1,61.920000,207.480000
1406,1,77.192308,207.500000
1407,1,94.318182,207.227273
1408,1,86.590909,219.590909
1409,1,93.720000,211.440000
1410,1,103.000000,197.840000
1411,1,102.346154,213.192308
1413,1,112.814815,208.777778
1414,1,113.333333,199.666667
1415,1,120.125000,203.583333
1418,1,142.153846,203.615385
1419,1,145.375000,200.166667
1420,1,139.708333,203.958333
1422,1,152.076923,196.730769
1424,1,167.222222,190.555556
1427,1,175.760000,211.960000
1430,1,200.807692,207.230769
1431,1,203.555556,204.259259
1432,1,205.875000,198.916667
1433,1,67.416667,212.583333
1434,1,62.600000,214.800000
1436,1,80.521739,212.173913
1437,1,67.535714,215.678571
1438,1,83.304348,210.608696
1439,1,81.318182,205.954545
1441,1,95.913043,216.391304
1443,1,114.400000,213.320000
1444,1,109.250000,212.357143
1445,1,119.461538,209.461538
1446,1,118.703704,212.000000
1450,1,148.652174,204.826087
1454,1,160.840000,224.720000
1456,1,171.875000,207.625000
1457,1,167.166667,209.750000
1458,1,188.423077,212.807692
1460,1,194.840000,208.040000
1463,1,73.000000,214.200000
1464,1,63.590909,218.681818
1465,1,81.833333,218.083333
1467,1,87.320000,215.000000
1468,1,87.192308,209.500000
1469,1,90.925926,219.666667
1471,1,95.565217,215.173913
1472,1,109.181818,216.954545
1475,1,122.521739,209.652174
1477,1,133.074074,217.629630
1478,1,137.782609,216.652174
1480,1,141.961538,210.346154
1483,1,160.720000,218.720000
1486,1,183.846154,212.423077
1489,1,197.958333,209.541667
1490,1,191.440000,212.840000
1491,1,76.160000,211.360000
1492,1,76.440000,222.600000
1493,1,81.208333,222.208333
1494,1,77.480000,214.800000
1496,1,91.041667,224.791667
1497,1,100.782609,209.869565
1498,1,103.120000,220.560000
1500,1,110.461538,231.346154
1502,1,123.720000,216.520000
1503,1,123.576923,220.461538
1510,1,165.200000,219.080000
1511,1,172.272727,222.409091
1512,1,174.440000,218.560000
1513,1,175.923077,215.461538
1515,1,189.000000,219.000000
1520,1,103.185185,220.407407
1523,1,111.615385,224.423077
1524,1,124.760000,232.720000
1526,1,124.269231,227.346154
1527,1,130.791667,232.625000
1529,1,144.166667,225.750000
1531,1,149.923077,226.307692
1532,1,155.576923,227.807692
1534,1,165.040000,223.240000
1536,1,169.833333,225.916667
1540,1,94.304348,224.652174
1542,1,107.916667,234.541667
1545,1,115.440000,235.920000
1546,1,120.125000,235.583333
1547,1,129.807692,227.076923
1548,1,140.833333,230.083333
1550,1,146.291667,232.583333
1551,1,155.875000,222.250000
1552,1,140.480000,234.440000
1553,1,153.583333,229.583333
1554,1,156.307692,232.961538
1555,1,168.608696,228.739130
1557,1,96.000000,229.826087
1560,1,112.807692,237.115385
1561,1,119.423077,228.346154
1562,1,121.840000,232.360000
1563,1,128.347826,236.043478
1564,1,122.416667,232.541667
1566,1,139.280000,235.720000
1567,1,147.080000,234.120000
1568,1,147.461538,234.923077
1569,1,153.083333,235.625000
