ID,type,x COM, y COM
2,2,110.640000,22.360000
5,2,122.192308,21.230769
6,2,127.166667,21.666667
7,2,133.304348,22.478261
9,2,144.357143,22.428571
10,2,149.400000,22.240000
12,2,155.555556,23.333333
13,2,86.625000,30.958333
14,2,90.480000,25.240000
15,2,97.666667,28.703704
16,2,96.640000,24.640000
18,2,112.625000,26.041667
19,2,112.920000,30.240000
22,2,130.956522,27.130435
23,2,135.190476,27.476190
26,2,155.208333,28.291667
31,2,79.958333,33.708333
34,2,91.666667,29.125000
38,2,112.565217,34.434783
39,2,117.307692,33.384615
41,2,129.727273,33.136364
42,2,133.818182,32.227273
45,2,148.280000,33.120000
46,2,153.423077,33.500000
47,2,158.583333,31.250000
51,2,176.391304,31.695652
53,2,74.307692,37.076923
55,2,84.041667,34.541667
57,2,94.086957,36.391304
58,2,95.458333,32.333333
61,2,113.434783,39.304348
62,2,119.772727,38.500000
63,2,120.958333,32.875000
65,2,127.800000,37.160000
66,2,135.120000,36.160000
67,2,141.500000,36.666667
76,2,188.041667,36.375000
77,2,194.153846,40.076923
78,2,61.653846,40.615385
79,2,67.160000,39.400000
81,2,78.480000,44.640000
82,2,79.391304,39.478261
84,2,93.909091,42.136364
85,2,99.791667,42.500000
87,2,106.363636,43.772727
88,2,111.115385,44.384615
89,2,115.913043,42.000000
90,2,120.071429,43.642857
91,2,125.666667,41.833333
92,2,131.400000,40.720000
93,2,136.357143,40.464286
94,2,139.250000,42.125000
96,2,154.818182,41.272727
98,2,157.521739,44.086957
100,2,175.240000,46.200000
101,2,177.960000,40.880000
103,2,187.160000,40.080000
109,2,73.666667,47.083333
110,2,79.400000,49.000000
113,2,91.481481,46.888889
114,2,97.217391,46.782609
115,2,102.217391,46.391304
117,2,108.640000,51.680000
118,2,113.923077,49.153846
122,2,135.083333,49.041667
125,2,149.884615,52.576923
130,2,179.090909,45.863636
131,2,182.304348,46.434783
132,2,187.500000,48.115385
133,2,192.333333,48.000000
134,2,198.434783,49.000000
135,2,199.478261,43.869565
136,2,55.434783,52.521739
137,2,59.500000,52.500000
138,2,63.909091,54.045455
139,2,67.884615,54.384615
140,2,72.600000,51.360000
142,2,80.740741,53.740741
144,2,93.320000,51.800000
146,2,102.440000,51.600000
151,2,123.285714,55.571429
153,2,132.956522,53.130435
155,2,149.000000,57.695652
162,2,183.958333,56.333333
166,2,203.291667,49.416667
167,2,206.750000,53.416667
170,2,57.115385,57.538462
171,2,63.565217,58.521739
173,2,76.173913,54.000000
177,2,91.400000,57.800000
179,2,104.423077,56.538462
181,2,113.954545,58.090909
183,2,127.250000,56.708333
184,2,131.080000,57.320000
185,2,135.625000,57.875000
188,2,146.304348,61.043478
190,2,155.960000,58.520000
192,2,167.521739,57.826087
195,2,181.875000,60.375000
197,2,189.320000,55.240000
200,2,203.440000,61.760000
201,2,208.739130,57.391304
202,2,42.961538,63.730769
203,2,48.680000,63.240000
204,2,54.086957,61.217391
206,2,59.904762,61.380952
211,2,88.125000,64.208333
213,2,96.045455,62.227273
214,2,101.440000,60.640000
216,2,111.000000,62.240000
219,2,132.520000,62.640000
221,2,141.785714,63.928571
223,2,149.680000,64.440000
225,2,153.730769,62.538462
227,2,168.040000,63.120000
230,2,185.440000,63.560000
231,2,188.272727,59.363636
232,2,193.727273,61.863636
233,2,198.040000,62.040000
235,2,208.250000,61.750000
236,2,214.571429,61.904762
240,2,52.913043,66.347826
244,2,71.619048,64.047619
245,2,73.142857,68.571429
247,2,92.833333,68.583333
248,2,92.500000,63.272727
252,2,113.520000,66.800000
257,2,137.666667,62.333333
259,2,145.200000,66.760000
260,2,153.916667,67.375000
263,2,167.260870,68.304348
266,2,180.928571,71.464286
268,2,191.444444,64.518519
269,2,196.434783,68.086957
271,2,208.280000,66.160000
278,2,52.416667,71.541667
280,2,64.851852,73.851852
284,2,87.222222,68.888889
285,2,87.954545,76.000000
286,2,90.590909,72.181818
287,2,97.740741,77.370370
296,2,143.920000,71.520000
297,2,148.782609,70.478261
299,2,155.884615,72.653846
300,2,162.440000,76.080000
304,2,183.208333,76.416667
306,2,191.166667,69.041667
308,2,201.782609,71.956522
309,2,204.083333,68.208333
314,2,37.217391,79.000000
317,2,54.166667,76.458333
320,2,68.958333,77.041667
321,2,72.333333,79.791667
325,2,93.148148,76.925926
327,2,104.954545,78.318182
329,2,112.480000,78.880000
333,2,134.333333,75.095238
334,2,139.208333,77.000000
336,2,143.090909,75.772727
338,2,156.360000,78.640000
340,2,165.600000,81.560000
341,2,170.600000,82.120000
344,2,187.833333,78.333333
349,2,210.840000,75.920000
351,2,221.181818,75.681818
352,2,225.640000,78.720000
354,2,40.608696,83.869565
356,2,48.923077,77.730769
357,2,49.961538,81.730769
358,2,54.782609,83.260870
361,2,78.826087,85.130435
362,2,74.666667,84.166667
365,2,91.440000,83.720000
368,2,105.000000,82.680000
370,2,118.214286,81.892857
371,2,124.040000,83.640000
372,2,128.681818,79.772727
373,2,133.120000,79.720000
374,2,137.291667,81.500000
375,2,142.153846,82.961538
378,2,157.037037,83.148148
379,2,161.181818,79.590909
383,2,182.962963,82.703704
384,2,187.800000,83.600000
385,2,190.916667,81.041667
386,2,195.909091,79.227273
388,2,208.923077,80.346154
391,2,220.375000,80.166667
392,2,229.857143,85.952381
395,2,41.041667,89.458333
397,2,48.772727,85.590909
398,2,51.920000,89.040000
399,2,56.875000,87.125000
405,2,88.960000,80.160000
407,2,94.153846,87.269231
409,2,106.130435,87.782609
410,2,113.961538,84.000000
411,2,119.592593,87.037037
416,2,140.840000,87.880000
418,2,148.615385,87.576923
419,2,154.272727,87.863636
423,2,179.090909,90.909091
425,2,189.440000,87.040000
428,2,198.545455,88.500000
429,2,203.136364,91.090909
431,2,221.523810,88.095238
432,2,220.454545,84.545455
433,2,225.538462,84.192308
438,2,39.153846,94.230769
440,2,47.833333,90.666667
443,2,67.846154,93.653846
444,2,71.826087,91.565217
445,2,76.629630,89.555556
448,2,94.629630,92.555556
449,2,98.000000,89.333333
452,2,110.333333,89.958333
453,2,114.500000,88.875000
454,2,119.269231,91.884615
455,2,126.181818,93.454545
456,2,130.880000,91.360000
457,2,137.545455,92.227273
459,2,148.130435,92.391304
460,2,153.192308,92.115385
462,2,165.200000,95.080000
466,2,183.230769,88.461538
469,2,194.608696,90.565217
471,2,207.750000,92.833333
476,2,233.636364,90.681818
477,2,25.956522,98.521739
478,2,30.772727,97.272727
479,2,35.423077,96.192308
481,2,50.681818,96.045455
482,2,56.083333,96.958333
483,2,59.217391,101.913043
484,2,62.652174,98.130435
485,2,66.840000,99.320000
486,2,71.884615,97.500000
487,2,76.913043,93.652174
488,2,81.869565,96.826087
489,2,89.080000,92.200000
490,2,90.166667,97.333333
491,2,95.375000,97.125000
492,2,100.500000,96.307692
496,2,122.740741,96.222222
497,2,128.666667,96.777778
498,2,133.250000,96.166667
499,2,137.173913,96.869565
501,2,151.458333,96.708333
504,2,162.695652,99.391304
509,2,184.720000,99.360000
510,2,191.375000,96.666667
511,2,198.857143,93.904762
513,2,209.720000,96.440000
515,2,216.708333,99.958333
516,2,222.583333,98.291667
517,2,226.640000,94.720000
518,2,232.434783,95.391304
519,2,236.636364,96.954545
520,2,24.040000,105.920000
521,2,27.545455,102.772727
522,2,31.750000,101.708333
523,2,36.608696,102.217391
527,2,54.478261,101.043478
528,2,64.227273,103.772727
529,2,69.708333,103.083333
530,2,75.130435,102.304348
532,2,81.416667,101.541667
534,2,91.869565,101.347826
538,2,116.000000,104.115385
539,2,119.666667,103.166667
541,2,125.148148,101.333333
542,2,130.115385,102.538462
543,2,135.041667,103.333333
544,2,137.923077,101.038462
547,2,158.000000,102.500000
548,2,162.913043,104.434783
549,2,167.652174,99.521739
550,2,172.080000,103.200000
551,2,176.208333,107.333333
553,2,184.956522,102.869565
554,2,189.666667,102.625000
555,2,195.260870,96.695652
558,2,212.409091,100.272727
564,2,25.461538,111.423077
567,2,35.600000,107.360000
568,2,40.769231,106.307692
569,2,46.958333,106.541667
570,2,52.347826,112.000000
571,2,58.000000,105.916667
574,2,71.956522,107.565217
575,2,76.416667,106.083333
576,2,81.000000,108.518519
579,2,95.777778,103.666667
584,2,123.750000,106.041667
585,2,128.454545,106.909091
586,2,133.000000,110.000000
587,2,135.826087,109.782609
590,2,152.217391,104.782609
591,2,158.708333,106.916667
593,2,168.130435,104.304348
596,2,187.130435,107.695652
598,2,193.307692,103.423077
600,2,201.583333,109.916667
602,2,211.681818,107.590909
603,2,215.153846,105.769231
605,2,226.208333,104.875000
606,2,232.375000,106.875000
607,2,236.214286,107.107143
608,2,22.681818,115.727273
609,2,28.826087,116.956522
610,2,32.260870,113.304348
611,2,38.565217,111.086957
612,2,46.814815,110.851852
614,2,49.391304,117.043478
616,2,62.750000,116.916667
617,2,66.041667,113.750000
618,2,70.400000,112.450000
619,2,76.291667,111.041667
622,2,90.400000,113.200000
625,2,106.500000,111.916667
626,2,113.560000,114.080000
628,2,128.000000,111.807692
631,2,141.826087,111.652174
632,2,140.400000,115.300000
634,2,149.440000,110.040000
635,2,153.750000,109.583333
637,2,165.750000,108.291667
638,2,170.962963,109.814815
639,2,174.560000,112.920000
642,2,194.500000,113.583333
643,2,197.652174,109.130435
645,2,209.440000,111.280000
647,2,216.041667,111.500000
649,2,228.000000,108.000000
651,2,236.153846,112.884615
653,2,25.826087,119.869565
655,2,36.960000,115.360000
657,2,42.360000,112.880000
659,2,54.500000,116.500000
661,2,69.523810,117.000000
663,2,80.100000,115.200000
664,2,84.800000,117.840000
665,2,84.833333,112.875000
666,2,89.409091,118.181818
671,2,111.666667,118.629630
675,2,135.040000,115.320000
676,2,144.480000,117.360000
681,2,163.916667,115.791667
684,2,176.739130,117.956522
686,2,194.782609,118.913043
687,2,197.916667,116.916667
690,2,207.791667,115.916667
692,2,218.888889,116.222222
693,2,223.666667,118.500000
694,2,230.370370,112.629630
696,2,21.720000,122.280000
697,2,31.227273,126.818182
698,2,30.800000,121.400000
700,2,41.080000,119.200000
702,2,51.344828,124.724138
703,2,54.739130,120.608696
705,2,71.772727,119.454545
706,2,63.269231,121.230769
707,2,75.851852,123.074074
708,2,78.600000,120.240000
709,2,86.913043,122.869565
711,2,93.043478,119.782609
712,2,98.240000,124.240000
714,2,115.444444,123.148148
719,2,137.541667,119.750000
720,2,140.727273,122.363636
723,2,162.600000,121.160000
725,2,165.615385,126.807692
728,2,179.434783,122.391304
737,2,218.391304,120.434783
739,2,236.458333,118.375000
740,2,21.583333,127.958333
742,2,34.565217,126.956522
745,2,50.043478,129.217391
747,2,64.923077,127.884615
749,2,65.714286,123.238095
752,2,82.115385,123.615385
755,2,94.200000,125.360000
756,2,104.760000,129.040000
758,2,114.208333,128.041667
761,2,129.375000,129.666667
764,2,147.360000,130.640000
768,2,160.400000,126.000000
774,2,188.904762,132.142857
775,2,197.793103,127.413793
779,2,220.120000,125.200000
780,2,218.961538,129.923077
782,2,234.875000,131.458333
783,2,235.000000,127.440000
786,2,31.000000,132.652174
787,2,35.363636,132.909091
789,2,49.666667,135.833333
791,2,57.560000,132.560000
794,2,68.583333,132.750000
795,2,72.458333,130.916667
796,2,81.869565,133.000000
798,2,96.708333,131.375000
799,2,100.480000,128.320000
801,2,108.640000,130.440000
802,2,112.296296,133.296296
803,2,118.160000,131.200000
804,2,118.956522,135.739130
805,2,122.958333,132.791667
806,2,133.800000,131.760000
809,2,143.720000,133.680000
812,2,159.583333,131.500000
814,2,168.666667,131.791667
818,2,192.458333,129.166667
821,2,206.000000,132.222222
826,2,229.320000,130.360000
829,2,28.958333,137.416667
830,2,34.333333,137.095238
834,2,53.040000,132.040000
835,2,59.160000,138.880000
838,2,72.444444,136.037037
839,2,77.040000,135.240000
846,2,112.583333,138.458333
847,2,117.153846,139.461538
850,2,132.111111,136.000000
851,2,138.714286,134.607143
852,2,143.166667,139.500000
854,2,151.727273,139.136364
856,2,161.173913,137.521739
860,2,185.192308,131.769231
864,2,204.629630,137.037037
865,2,208.960000,137.640000
867,2,219.320000,136.240000
868,2,222.818182,136.045455
869,2,227.192308,135.461538
870,2,229.857143,138.476190
871,2,234.720000,140.080000
872,2,23.653846,143.923077
875,2,37.608696,140.521739
876,2,41.347826,140.782609
878,2,54.880000,137.600000
879,2,55.480000,142.320000
881,2,71.260870,141.739130
885,2,86.666667,145.333333
886,2,92.347826,139.086957
887,2,97.041667,141.208333
888,2,102.318182,142.181818
889,2,107.480000,146.360000
890,2,112.318182,143.000000
891,2,116.916667,144.958333
892,2,120.875000,142.125000
895,2,137.592593,139.000000
897,2,148.625000,141.375000
898,2,156.892857,136.535714
907,2,195.000000,145.080000
915,2,237.173913,144.565217
916,2,22.050000,149.400000
922,2,53.090909,145.863636
927,2,72.800000,151.240000
928,2,82.130435,147.260870
930,2,91.720000,143.920000
934,2,112.040000,148.080000
938,2,133.333333,150.148148
942,2,147.280000,145.800000
944,2,163.240000,148.640000
945,2,167.130435,144.043478
949,2,190.777778,148.000000
951,2,196.333333,149.541667
952,2,201.000000,146.653846
953,2,207.666667,144.083333
954,2,209.458333,150.541667
957,2,228.954545,147.000000
958,2,232.521739,144.304348
961,2,31.040000,151.840000
962,2,35.000000,147.833333
963,2,35.791667,152.125000
964,2,41.071429,153.357143
966,2,51.192308,152.461538
969,2,67.416667,153.666667
970,2,71.869565,156.304348
974,2,88.500000,152.833333
977,2,106.846154,151.192308
978,2,112.440000,154.080000
979,2,115.695652,150.260870
982,2,129.913043,153.434783
983,2,138.880000,153.720000
984,2,141.222222,156.111111
988,2,162.480000,154.480000
990,2,168.500000,147.500000
994,2,194.652174,153.217391
995,2,199.880000,153.200000
1004,2,22.857143,156.047619
1006,2,35.880000,157.440000
1008,2,41.750000,158.750000
1009,2,45.041667,154.625000
1010,2,47.807692,158.192308
1014,2,68.740741,160.296296
1016,2,83.807692,155.307692
1017,2,88.307692,157.769231
1020,2,106.166667,156.333333
1022,2,113.136364,158.727273
1023,2,117.800000,155.080000
1026,2,131.080000,159.520000
1027,2,134.840000,155.040000
1028,2,138.640000,160.840000
1029,2,145.576923,154.115385
1030,2,150.240000,153.520000
1032,2,162.304348,160.521739
1034,2,172.000000,159.923077
1035,2,177.307692,158.346154
1036,2,181.111111,158.444444
1037,2,183.958333,155.916667
1039,2,195.000000,157.260870
1041,2,206.318182,158.409091
1042,2,210.086957,155.826087
1048,2,23.916667,161.125000
1050,2,33.640000,162.600000
1053,2,53.000000,157.200000
1054,2,57.962963,159.518519
1059,2,82.560000,161.200000
1060,2,87.391304,161.826087
1062,2,99.208333,164.166667
1068,2,126.851852,167.814815
1069,2,130.076923,164.846154
1070,2,134.500000,162.136364
1075,2,162.541667,165.500000
1077,2,172.923077,163.807692
1078,2,178.571429,164.142857
1081,2,191.136364,163.772727
1082,2,195.037037,162.037037
1083,2,200.269231,159.384615
1084,2,205.250000,160.000000
1087,2,225.000000,163.500000
1091,2,28.692308,164.384615
1092,2,33.181818,166.772727
1093,2,38.500000,167.000000
1099,2,67.809524,164.666667
1101,2,77.818182,163.136364
1103,2,89.083333,167.333333
1105,2,96.136364,167.045455
1106,2,104.173913,164.043478
1107,2,108.545455,163.318182
1109,2,116.913043,166.608696
1110,2,122.333333,165.916667
1112,2,134.583333,167.625000
1118,2,161.600000,170.360000
1119,2,167.304348,164.086957
1121,2,175.760000,169.080000
1124,2,191.884615,168.038462
1125,2,197.653846,167.730769
1126,2,200.333333,163.791667
1127,2,204.416667,167.083333
1132,2,233.391304,166.434783
1135,2,37.260870,171.521739
1139,2,54.520000,172.400000
1140,2,59.423077,171.884615
1145,2,89.304348,175.130435
1146,2,93.160000,168.120000
1151,2,119.041667,169.958333
1153,2,124.000000,172.000000
1155,2,134.125000,171.625000
1157,2,148.476190,170.952381
1160,2,157.600000,173.440000
1164,2,180.423077,169.115385
1165,2,185.807692,178.423077
1168,2,201.518519,171.444444
1169,2,208.727273,171.454545
1170,2,205.291667,173.250000
1171,2,213.166667,171.500000
1174,2,230.600000,172.640000
1176,2,40.920000,172.920000
1178,2,49.958333,173.625000
1179,2,51.590909,178.272727
1180,2,57.000000,176.250000
1181,2,62.272727,176.863636
1183,2,68.863636,180.000000
1184,2,75.913043,180.304348
1185,2,80.115385,175.500000
1188,2,98.250000,181.000000
1191,2,111.750000,178.000000
1197,2,142.440000,174.640000
1198,2,148.280000,175.840000
1199,2,152.846154,174.153846
1200,2,154.291667,178.458333
1202,2,167.125000,178.458333
1204,2,176.083333,177.416667
1206,2,185.583333,182.416667
1210,2,208.120000,178.720000
1211,2,212.083333,176.083333
1216,2,35.461538,182.923077
1217,2,39.461538,183.576923
1220,2,55.952381,180.190476
1221,2,60.333333,182.407407
1222,2,64.565217,182.391304
1227,2,93.000000,178.750000
1230,2,107.791667,182.250000
1233,2,126.692308,184.538462
1235,2,135.304348,181.652174
1236,2,137.000000,186.173913
1238,2,145.739130,178.652174
1244,2,171.958333,178.833333
1245,2,178.458333,181.541667
1246,2,187.291667,187.375000
1249,2,202.080000,178.160000
1250,2,205.333333,181.958333
1256,2,43.565217,186.913043
1257,2,48.000000,186.222222
1258,2,51.730769,190.307692
1262,2,74.708333,186.708333
1263,2,78.120000,190.520000
1265,2,92.384615,184.000000
1266,2,92.416667,187.916667
1267,2,97.800000,185.680000
1268,2,103.260870,183.913043
1269,2,103.461538,187.307692
1272,2,122.280000,185.680000
1274,2,130.653846,183.884615
1275,2,137.615385,190.884615
1278,2,152.269231,187.230769
1279,2,155.400000,183.520000
1280,2,159.040000,181.320000
1284,2,181.875000,185.458333
1286,2,197.120000,187.960000
1287,2,200.615385,183.576923
1289,2,203.478261,188.217391
1290,2,208.080000,185.080000
1292,2,225.875000,183.541667
1295,2,48.260870,193.000000
1297,2,55.375000,192.875000
1298,2,64.518519,192.444444
1299,2,61.777778,187.481481
1301,2,73.769231,191.884615
1302,2,83.080000,191.040000
1309,2,120.136364,189.454545
1312,2,132.190476,188.095238
1314,2,144.178571,192.535714
1316,2,155.826087,190.608696
1322,2,183.120000,189.760000
1323,2,180.347826,193.826087
1325,2,199.045455,191.500000
1326,2,200.583333,194.375000
1330,2,222.750000,188.541667
1331,2,44.500000,197.208333
1335,2,59.851852,192.555556
1336,2,64.958333,197.875000
1338,2,76.826087,195.478261
1339,2,82.680000,196.560000
1340,2,86.920000,195.000000
1343,2,97.869565,198.260870
1345,2,108.285714,200.285714
1348,2,127.956522,198.217391
1349,2,131.250000,194.833333
1350,2,134.318182,194.000000
1351,2,140.000000,195.045455
1355,2,161.434783,200.478261
1357,2,176.565217,193.391304
1358,2,178.640000,198.680000
1362,2,196.083333,197.041667
1363,2,201.681818,198.181818
1366,2,213.600000,201.700000
1367,2,48.200000,199.240000
1368,2,49.458333,204.041667
1369,2,54.041667,204.083333
1371,2,67.590909,201.727273
1372,2,72.714286,199.714286
1373,2,77.869565,199.434783
1374,2,81.720000,201.880000
1375,2,86.875000,200.750000
1376,2,91.347826,201.869565
1377,2,96.846154,201.923077
1379,2,107.200000,204.440000
1382,2,122.772727,200.363636
1383,2,129.880000,202.520000
1388,2,151.619048,207.523810
1390,2,163.391304,206.000000
1393,2,179.136364,202.363636
1395,2,184.458333,203.166667
1396,2,193.160000,200.400000
1397,2,198.571429,201.571429
1399,2,205.782609,207.478261
1400,2,208.681818,203.590909
1401,2,57.814815,206.814815
1404,2,68.375000,206.500000
1405,2,73.120000,203.280000
1412,2,102.590909,205.727273
1416,2,126.666667,205.000000
1417,2,131.956522,206.869565
1421,2,155.560000,208.160000
1423,2,160.956522,209.956522
1425,2,168.440000,204.440000
1426,2,179.772727,207.363636
1428,2,184.217391,208.521739
1429,2,189.200000,203.760000
1435,2,64.791667,209.500000
1440,2,85.423077,205.384615
1442,2,107.416667,209.625000
1447,2,127.625000,210.166667
1448,2,130.739130,213.565217
1449,2,134.826087,212.086957
1451,2,146.391304,212.652174
1452,2,152.320000,213.280000
1453,2,156.782609,212.130435
1455,2,165.500000,214.857143
1459,2,189.041667,208.291667
1461,2,194.827586,216.206897
1462,2,199.958333,212.791667
1466,2,70.666667,218.791667
1470,2,97.560000,220.000000
1473,2,113.458333,218.416667
1474,2,118.160000,216.600000
1476,2,128.880000,216.840000
1479,2,141.913043,216.521739
1481,2,149.166667,216.000000
1482,2,159.166667,215.333333
1484,2,171.071429,219.392857
1485,2,170.333333,213.095238
1487,2,181.173913,218.434783
1488,2,185.041667,218.291667
1495,2,85.230769,225.923077
1499,2,107.727273,221.000000
1501,2,116.291667,222.208333
1504,2,132.636364,224.045455
1505,2,137.961538,225.230769
1506,2,136.760000,220.920000
1507,2,145.791667,219.791667
1508,2,149.520000,223.040000
1509,2,153.347826,218.521739
1514,2,177.739130,222.260870
1516,2,185.045455,223.318182
1517,2,75.760000,227.200000
1518,2,80.782609,226.000000
1519,2,86.600000,229.960000
1521,2,100.153846,225.653846
1522,2,104.125000,231.125000
1525,2,117.880000,225.560000
1528,2,127.409091,222.727273
1530,2,141.500000,221.100000
1533,2,158.541667,228.208333
1535,2,166.538462,230.884615
1537,2,175.000000,227.680000
1538,2,180.750000,225.125000
1539,2,92.250000,230.666667
1541,2,99.000000,231.000000
1543,2,106.363636,225.909091
1544,2,112.739130,232.217391
1549,2,134.600000,230.000000
1556,2,165.954545,234.863636
1558,2,99.478261,235.565217
1559,2,104.720000,236.360000
1565,2,134.500000,235.666667
1570,2,161.400000,234.400000
1,1,102.434783,28.869565
3,1,116.153846,21.576923
4,1,119.583333,26.083333
8,1,139.120000,23.680000
11,1,149.600000,27.640000
17,1,105.045455,27.500000
20,1,118.791667,25.166667
21,1,125.720000,25.920000
24,1,140.692308,28.307692
25,1,148.400000,27.160000
27,1,170.666667,34.791667
28,1,161.217391,28.043478
29,1,161.884615,34.615385
30,1,164.653846,26.346154
32,1,88.782609,43.304348
33,1,90.115385,34.961538
35,1,100.440000,34.600000
36,1,107.923077,29.000000
37,1,104.230769,38.653846
40,1,125.666667,30.074074
43,1,143.541667,31.083333
44,1,138.913043,31.043478
48,1,169.576923,30.538462
49,1,163.600000,40.040000
50,1,177.363636,36.000000
52,1,179.583333,36.458333
54,1,70.291667,43.125000
56,1,87.869565,40.695652
59,1,97.884615,38.730769
60,1,108.840000,38.440000
64,1,124.240000,36.000000
68,1,150.153846,37.923077
69,1,146.307692,38.653846
70,1,156.869565,37.173913
71,1,167.041667,28.166667
72,1,163.807692,40.038462
73,1,170.846154,43.115385
74,1,169.880000,35.000000
75,1,173.956522,39.217391
80,1,74.130435,41.478261
83,1,85.869565,49.260870
86,1,106.291667,34.458333
95,1,148.653846,42.192308
97,1,151.791667,45.916667
99,1,168.640000,41.840000
102,1,183.050000,41.300000
104,1,194.592593,44.481481
105,1,188.875000,43.333333
106,1,62.481481,47.444444
107,1,66.461538,44.884615
108,1,66.791667,48.541667
111,1,83.480000,44.240000
112,1,84.037037,39.962963
116,1,107.291667,48.208333
119,1,127.875000,47.500000
120,1,121.391304,51.217391
121,1,132.560000,46.200000
123,1,139.708333,51.041667
124,1,145.833333,48.625000
126,1,144.480000,45.320000
127,1,154.200000,50.560000
128,1,164.280000,49.280000
129,1,170.692308,53.846154
141,1,75.807692,58.269231
143,1,88.291667,53.208333
145,1,97.608696,51.173913
147,1,107.666667,58.000000
148,1,113.416667,55.125000
149,1,116.863636,54.136364
150,1,118.230769,48.923077
152,1,125.230769,46.115385
154,1,140.666667,45.259259
156,1,159.409091,51.727273
157,1,161.826087,59.043478
158,1,159.407407,47.703704
159,1,166.040000,45.760000
160,1,167.666667,51.083333
161,1,176.833333,51.833333
163,1,176.608696,57.913043
164,1,197.720000,54.960000
165,1,191.884615,52.153846
168,1,47.560000,58.760000
169,1,51.636364,56.590909
172,1,70.680000,57.320000
174,1,80.357143,66.892857
175,1,81.260870,61.608696
176,1,85.600000,54.560000
178,1,99.192308,55.961538
180,1,105.791667,63.750000
182,1,117.880000,65.200000
186,1,127.086957,51.608696
187,1,142.142857,58.000000
189,1,144.260870,53.695652
191,1,163.360000,54.760000
193,1,172.958333,58.041667
194,1,179.538462,62.461538
196,1,183.961538,52.000000
198,1,194.708333,56.458333
199,1,202.760000,59.160000
205,1,56.666667,65.875000
207,1,66.384615,67.769231
208,1,67.600000,62.120000
209,1,76.160000,63.120000
210,1,86.038462,60.538462
212,1,88.461538,58.730769
215,1,108.869565,68.043478
217,1,117.400000,60.800000
218,1,111.080000,73.720000
220,1,136.857143,71.642857
222,1,140.916667,53.458333
224,1,155.185185,55.222222
226,1,160.500000,69.458333
228,1,173.807692,65.615385
229,1,176.423077,51.730769
234,1,200.695652,54.000000
237,1,218.440000,67.560000
238,1,45.961538,71.961538
239,1,40.880000,69.280000
241,1,58.464286,71.071429
242,1,66.769231,62.384615
243,1,62.041667,68.250000
246,1,78.260870,69.043478
249,1,97.857143,71.714286
250,1,103.960000,66.800000
251,1,100.370370,67.851852
253,1,122.560000,60.120000
254,1,126.800000,62.760000
255,1,121.500000,64.923077
256,1,127.178571,68.964286
258,1,138.576923,68.615385
261,1,162.538462,62.538462
262,1,162.857143,69.333333
264,1,167.153846,73.692308
265,1,175.444444,63.037037
267,1,184.750000,67.208333
270,1,198.480000,68.640000
272,1,213.956522,65.391304
273,1,212.363636,69.681818
274,1,218.720000,71.240000
275,1,39.892857,73.964286
276,1,37.000000,72.521739
277,1,46.480000,67.000000
279,1,59.923077,74.076923
281,1,69.680000,71.240000
282,1,81.680000,68.680000
283,1,83.695652,74.695652
288,1,102.291667,74.416667
289,1,111.384615,72.807692
290,1,122.080000,78.960000
291,1,120.416667,71.375000
292,1,120.240000,74.400000
293,1,128.925926,69.259259
294,1,129.041667,74.458333
295,1,132.680000,66.320000
298,1,158.692308,64.884615
301,1,171.640000,78.120000
302,1,170.304348,70.173913
303,1,175.478261,69.695652
305,1,188.111111,71.333333
307,1,195.666667,73.708333
310,1,207.481481,71.814815
311,1,214.954545,73.318182
312,1,214.869565,78.739130
313,1,33.689655,84.689655
315,1,47.538462,74.538462
316,1,42.291667,77.916667
318,1,57.625000,79.250000
319,1,62.625000,79.333333
322,1,74.750000,73.208333
323,1,81.653846,75.115385
324,1,80.916667,79.916667
326,1,100.560000,83.920000
328,1,99.307692,68.000000
330,1,108.750000,73.850000
331,1,118.307692,74.269231
332,1,124.080000,75.360000
335,1,148.518519,77.148148
337,1,151.720000,78.720000
339,1,165.600000,73.560000
342,1,176.000000,72.166667
343,1,177.291667,76.875000
345,1,187.260870,74.347826
346,1,200.960000,80.400000
347,1,208.625000,86.291667
348,1,204.227273,76.636364
350,1,215.555556,80.777778
353,1,34.846154,88.500000
355,1,44.440000,82.120000
359,1,55.416667,92.166667
360,1,63.500000,82.166667
363,1,75.560000,78.520000
364,1,83.541667,82.750000
366,1,97.680000,82.160000
367,1,101.909091,91.454545
369,1,109.416667,82.958333
376,1,150.777778,80.925926
377,1,148.076923,76.153846
380,1,177.600000,79.760000
381,1,176.000000,87.280000
382,1,178.952381,84.285714
387,1,202.045455,85.863636
389,1,205.400000,82.800000
390,1,214.095238,86.666667
393,1,32.111111,82.888889
394,1,34.481481,82.000000
396,1,44.500000,90.500000
400,1,61.307692,90.461538
401,1,67.608696,88.000000
402,1,66.260870,83.739130
403,1,69.791667,86.041667
404,1,86.083333,97.916667
406,1,88.320000,86.520000
408,1,104.080000,90.160000
412,1,124.916667,87.875000
413,1,131.476190,86.666667
414,1,130.379310,85.586207
415,1,136.321429,87.285714
417,1,146.600000,85.080000
420,1,171.480000,89.200000
421,1,164.307692,87.038462
422,1,158.791667,87.166667
424,1,188.407407,92.259259
426,1,194.720000,84.680000
427,1,197.708333,76.208333
430,1,200.666667,86.714286
434,1,219.230769,92.115385
435,1,28.136364,87.681818
436,1,28.708333,92.000000
437,1,30.200000,92.520000
439,1,43.520000,98.240000
441,1,63.148148,88.148148
442,1,59.592593,94.370370
446,1,83.111111,87.962963
447,1,83.750000,91.208333
450,1,107.814815,95.259259
451,1,108.720000,100.880000
458,1,144.565217,96.304348
461,1,157.615385,96.000000
463,1,163.925926,89.296296
464,1,174.538462,95.461538
465,1,170.192308,85.500000
467,1,183.250000,93.833333
468,1,187.083333,94.458333
470,1,201.360000,96.400000
472,1,212.320000,90.360000
473,1,223.739130,91.478261
474,1,215.080000,94.520000
475,1,228.538462,89.961538
480,1,45.000000,96.240000
493,1,104.720000,98.600000
494,1,119.080000,96.440000
495,1,113.000000,94.480000
500,1,142.666667,92.583333
502,1,143.500000,106.041667
503,1,159.846154,92.423077
505,1,171.296296,97.000000
506,1,174.000000,91.920000
507,1,177.833333,101.200000
508,1,177.136364,95.500000
512,1,203.520000,103.440000
514,1,215.041667,90.083333
524,1,40.708333,101.291667
525,1,50.538462,101.307692
526,1,46.708333,102.666667
531,1,76.961538,98.153846
533,1,87.125000,100.416667
535,1,99.153846,106.884615
536,1,103.360000,103.240000
537,1,111.240000,104.240000
540,1,114.807692,98.653846
545,1,144.000000,97.269231
546,1,154.916667,99.833333
552,1,179.400000,113.000000
556,1,206.571429,99.285714
557,1,200.413793,101.655172
559,1,226.434783,100.391304
560,1,219.434783,106.217391
561,1,221.269231,110.461538
562,1,234.730769,101.192308
563,1,230.440000,100.160000
565,1,29.880000,106.920000
566,1,30.592593,110.962963
572,1,62.840000,108.960000
573,1,67.192308,108.384615
577,1,87.041667,105.666667
578,1,90.962963,107.037037
580,1,102.888889,104.888889
581,1,105.043478,107.391304
582,1,110.565217,112.739130
583,1,112.409091,108.318182
588,1,144.461538,103.500000
589,1,139.115385,105.961538
592,1,161.560000,112.360000
594,1,181.653846,106.961538
595,1,180.920000,107.600000
597,1,192.240000,109.240000
599,1,196.434783,102.478261
601,1,207.833333,104.625000
604,1,224.250000,112.428571
613,1,52.518519,107.777778
615,1,57.500000,111.384615
620,1,85.040000,107.880000
621,1,95.000000,111.238095
623,1,95.370370,114.666667
624,1,105.840000,118.160000
627,1,118.043478,108.521739
629,1,124.148148,114.555556
630,1,129.038462,118.269231
633,1,149.080000,102.240000
636,1,156.041667,111.958333
640,1,185.400000,111.080000
641,1,188.333333,115.125000
644,1,205.111111,107.000000
646,1,212.041667,118.750000
648,1,221.000000,102.240000
650,1,230.961538,116.500000
652,1,26.083333,125.250000
654,1,35.703704,119.518519
656,1,47.560000,118.120000
658,1,45.428571,119.964286
660,1,59.391304,112.782609
662,1,75.333333,115.333333
667,1,99.833333,114.250000
668,1,99.625000,119.000000
669,1,100.615385,114.000000
670,1,107.681818,122.681818
672,1,116.583333,116.166667
673,1,119.869565,112.826087
674,1,132.370370,117.740741
677,1,146.384615,110.769231
678,1,149.038462,116.538462
679,1,152.086957,120.260870
680,1,158.192308,116.500000
682,1,170.960000,131.680000
683,1,167.444444,113.518519
685,1,187.583333,116.333333
688,1,204.681818,126.454545
689,1,204.520000,120.120000
691,1,213.818182,115.181818
695,1,233.347826,123.304348
699,1,40.884615,129.923077
701,1,38.440000,123.520000
704,1,58.208333,121.666667
710,1,88.956522,125.478261
713,1,109.760000,124.840000
715,1,119.884615,126.730769
716,1,123.240000,121.240000
717,1,123.695652,117.173913
718,1,125.730769,125.846154
721,1,149.047619,124.761905
722,1,156.833333,122.083333
724,1,167.791667,121.583333
726,1,172.230769,117.884615
727,1,173.320000,123.040000
729,1,182.880000,116.880000
730,1,191.833333,122.708333
731,1,186.347826,120.521739
732,1,190.038462,124.153846
733,1,203.333333,114.296296
734,1,201.423077,125.230769
735,1,215.434783,125.043478
736,1,223.695652,125.173913
738,1,226.826087,120.043478
741,1,27.800000,130.040000
743,1,43.440000,136.320000
744,1,45.541667,125.458333
746,1,58.652174,128.826087
748,1,69.478261,125.130435
750,1,73.480000,126.240000
751,1,77.208333,129.375000
753,1,86.833333,132.458333
754,1,90.038462,131.230769
757,1,103.800000,123.160000
759,1,120.038462,119.961538
760,1,129.464286,123.285714
762,1,136.280000,127.680000
763,1,144.518519,126.148148
765,1,146.370370,122.518519
766,1,155.076923,116.576923
767,1,155.960000,127.520000
769,1,170.909091,121.045455
770,1,175.833333,130.208333
771,1,183.208333,123.833333
772,1,179.583333,127.625000
773,1,188.739130,126.739130
776,1,200.800000,119.560000
777,1,208.695652,125.782609
778,1,210.320000,122.080000
781,1,231.640000,121.120000
784,1,25.153846,137.884615
785,1,22.541667,132.041667
788,1,39.260870,127.130435
790,1,57.960000,125.040000
792,1,63.259259,132.111111
793,1,64.750000,136.583333
797,1,84.708333,130.416667
800,1,105.703704,135.037037
807,1,140.956522,129.478261
808,1,135.269231,124.884615
810,1,150.629630,129.814815
811,1,153.500000,131.769231
813,1,164.500000,140.000000
815,1,181.480000,133.160000
816,1,184.961538,148.500000
817,1,181.185185,139.111111
819,1,193.962963,137.259259
820,1,197.148148,132.259259
822,1,213.600000,128.720000
823,1,215.347826,134.565217
824,1,224.166667,131.041667
825,1,228.461538,125.615385
827,1,233.666667,135.416667
828,1,23.954545,137.772727
831,1,40.961538,135.153846
832,1,47.600000,142.800000
833,1,45.846154,130.807692
836,1,67.192308,139.807692
837,1,61.782609,140.478261
840,1,84.520000,132.040000
841,1,92.608696,131.869565
842,1,87.652174,140.304348
843,1,104.000000,136.750000
844,1,96.826087,136.086957
845,1,102.321429,136.964286
848,1,126.458333,132.041667
849,1,126.500000,141.392857
853,1,146.080000,140.040000
855,1,157.208333,139.625000
857,1,170.227273,125.818182
858,1,173.923077,138.576923
859,1,178.481481,135.148148
861,1,192.040000,141.360000
862,1,201.720000,138.360000
863,1,197.166667,132.833333
866,1,210.592593,131.555556
873,1,25.708333,150.166667
874,1,28.608696,144.478261
877,1,48.214286,141.392857
880,1,67.720000,145.280000
882,1,77.896552,147.793103
883,1,74.884615,142.269231
884,1,81.666667,142.583333
893,1,126.730769,143.115385
894,1,131.045455,140.863636
896,1,138.800000,144.280000
899,1,163.640000,131.560000
900,1,155.880000,142.600000
901,1,160.541667,145.083333
902,1,168.818182,136.272727
903,1,173.923077,137.923077
904,1,182.629630,142.407407
905,1,187.000000,142.960000
906,1,188.413793,137.896552
908,1,201.680000,142.360000
909,1,198.708333,139.791667
910,1,211.478261,141.739130
911,1,214.730769,138.692308
912,1,223.560000,146.280000
913,1,223.080000,141.280000
914,1,227.333333,143.291667
917,1,31.916667,141.666667
918,1,34.045455,144.772727
919,1,43.478261,148.086957
920,1,48.360000,149.640000
921,1,46.409091,144.454545
923,1,56.560000,147.920000
924,1,62.961538,146.115385
925,1,68.750000,149.208333
926,1,78.120000,140.960000
929,1,82.523810,137.523810
931,1,98.666667,149.708333
932,1,98.000000,145.520000
933,1,107.480000,140.800000
935,1,123.481481,154.074074
936,1,120.583333,153.833333
937,1,127.920000,149.040000
939,1,137.884615,147.307692
940,1,140.884615,145.000000
941,1,146.538462,149.461538
943,1,160.153846,146.846154
946,1,169.769231,152.384615
947,1,177.782609,143.826087
948,1,173.600000,145.960000
950,1,188.416667,152.291667
955,1,212.296296,148.407407
956,1,218.166667,143.041667
959,1,235.875000,149.083333
960,1,25.640000,152.920000
965,1,38.760000,147.720000
967,1,62.461538,149.076923
968,1,61.538462,153.269231
971,1,78.130435,152.347826
972,1,79.740741,154.074074
973,1,89.200000,148.720000
975,1,99.653846,153.384615
976,1,102.583333,148.041667
980,1,132.333333,145.166667
981,1,122.291667,149.125000
985,1,126.653846,138.653846
986,1,155.730769,150.576923
987,1,153.153846,146.000000
989,1,170.923077,156.461538
991,1,176.111111,152.592593
992,1,182.538462,149.884615
993,1,178.080000,149.240000
996,1,204.960000,149.280000
997,1,215.347826,153.739130
998,1,212.423077,165.846154
999,1,215.360000,146.640000
1000,1,219.148148,149.259259
1001,1,219.615385,156.615385
1002,1,227.000000,152.590909
1003,1,234.708333,155.833333
1005,1,27.478261,157.565217
1007,1,39.666667,163.296296
1011,1,56.875000,152.875000
1012,1,61.875000,159.333333
1013,1,65.038462,167.730769
1015,1,76.846154,158.269231
1018,1,94.000000,159.608696
1019,1,92.272727,149.454545
1021,1,109.240000,158.640000
1024,1,120.285714,161.035714
1025,1,124.739130,160.826087
1031,1,155.391304,154.739130
1033,1,168.615385,150.807692
1038,1,188.111111,160.629630
1040,1,205.192308,154.153846
1043,1,219.333333,160.125000
1044,1,223.714286,153.821429
1045,1,226.076923,159.538462
1046,1,231.923077,151.461538
1047,1,231.782609,162.260870
1049,1,30.916667,158.541667
1051,1,43.608696,163.434783
1052,1,52.703704,162.111111
1055,1,64.541667,156.916667
1056,1,64.375000,170.250000
1057,1,82.640000,170.080000
1058,1,71.740741,169.222222
1061,1,93.640000,154.440000
1063,1,102.416667,158.583333
1064,1,99.500000,158.857143
1065,1,115.480000,162.080000
1066,1,112.125000,168.166667
1067,1,126.740741,156.148148
1071,1,147.826087,162.304348
1072,1,154.880000,163.320000
1073,1,150.960000,158.720000
1074,1,158.666667,156.250000
1076,1,166.318182,158.500000
1079,1,189.080000,156.400000
1080,1,185.600000,167.480000
1085,1,208.692308,165.346154
1086,1,215.681818,156.363636
1088,1,220.678571,168.785714
1089,1,231.720000,153.600000
1090,1,226.458333,168.250000
1094,1,49.833333,168.958333
1095,1,46.250000,168.000000
1096,1,60.703704,163.592593
1097,1,53.760000,166.000000
1098,1,74.260870,169.608696
1100,1,75.440000,174.480000
1102,1,83.160000,170.640000
1104,1,92.960000,161.200000
1108,1,108.480000,167.560000
1111,1,136.666667,177.833333
1113,1,143.652174,162.304348
1114,1,141.777778,165.148148
1115,1,149.444444,162.074074
1116,1,143.115385,168.192308
1117,1,158.076923,162.538462
1120,1,171.041667,169.416667
1122,1,184.500000,163.416667
1123,1,186.740741,171.851852
1128,1,212.916667,162.125000
1129,1,219.782609,164.000000
1130,1,227.000000,168.869565
1131,1,219.958333,172.958333
1133,1,29.840000,169.800000
1134,1,33.521739,175.304348
1136,1,40.384615,178.500000
1137,1,45.800000,165.680000
1138,1,45.200000,175.040000
1141,1,70.000000,175.230769
1142,1,72.880000,162.520000
1143,1,83.708333,166.041667
1144,1,77.083333,169.958333
1147,1,102.440000,172.080000
1148,1,116.692308,177.307692
1149,1,103.148148,176.703704
1150,1,106.640000,169.800000
1152,1,122.250000,176.000000
1154,1,130.785714,176.428571
1156,1,141.320000,183.160000
1158,1,151.125000,168.041667
1159,1,155.407407,168.185185
1161,1,167.000000,169.200000
1162,1,173.833333,173.208333
1163,1,180.375000,174.416667
1166,1,193.681818,175.363636
1167,1,189.840000,176.560000
1172,1,216.217391,174.608696
1173,1,228.869565,159.043478
1175,1,33.040000,178.160000
1177,1,55.291667,166.458333
1182,1,65.925926,174.592593
1186,1,87.166667,186.166667
1187,1,91.555556,172.370370
1189,1,97.000000,174.370370
1190,1,107.760000,176.200000
1192,1,113.954545,173.545455
1193,1,118.148148,179.074074
1194,1,124.625000,179.750000
1195,1,130.400000,176.320000
1196,1,139.846154,170.384615
1201,1,161.000000,175.636364
1203,1,167.080000,173.760000
1205,1,181.636364,176.409091
1207,1,196.148148,179.888889
1208,1,197.615385,175.230769
1209,1,193.200000,171.760000
1212,1,214.076923,180.538462
1213,1,220.481481,185.888889
1214,1,228.280000,173.520000
1215,1,31.916667,173.291667
1218,1,48.652174,180.217391
1219,1,44.653846,181.653846
1223,1,77.750000,183.285714
1224,1,82.083333,183.625000
1225,1,87.000000,178.777778
1226,1,82.461538,180.692308
1228,1,106.304348,175.826087
1229,1,98.625000,173.041667
1231,1,117.000000,184.200000
1232,1,115.363636,185.500000
1234,1,130.208333,174.458333
1237,1,137.925926,178.555556
1239,1,150.521739,182.521739
1240,1,163.480000,179.080000
1241,1,173.458333,185.416667
1242,1,173.500000,198.000000
1243,1,169.625000,182.375000
1247,1,192.346154,185.461538
1248,1,192.192308,182.500000
1251,1,217.960000,174.240000
1252,1,217.625000,183.458333
1253,1,224.269231,179.230769
1254,1,224.962963,175.740741
1255,1,36.681818,192.454545
1259,1,56.384615,186.192308
1260,1,70.407407,182.222222
1261,1,68.960000,190.640000
1264,1,85.000000,183.739130
1270,1,112.960000,193.000000
1271,1,109.760000,187.080000
1273,1,128.090909,190.090909
1276,1,142.884615,186.961538
1277,1,146.960000,184.280000
1281,1,167.538462,194.423077
1282,1,166.555556,186.888889
1283,1,173.846154,186.038462
1285,1,190.000000,189.750000
1288,1,206.296296,194.370370
1291,1,214.166667,190.458333
1293,1,37.160000,188.920000
1294,1,40.956522,191.869565
1296,1,52.880000,185.080000
1300,1,68.440000,188.120000
1303,1,97.461538,191.730769
1304,1,88.571429,190.047619
1305,1,94.074074,192.925926
1306,1,103.791667,198.666667
1307,1,105.250000,191.250000
1308,1,110.840000,190.800000
1310,1,117.600000,196.760000
1311,1,125.826087,194.913043
1313,1,148.090909,194.772727
1315,1,148.000000,189.423077
1317,1,157.166667,203.500000
1318,1,161.518519,185.444444
1319,1,170.086957,193.260870
1320,1,168.227273,199.000000
1321,1,175.600000,189.240000
1324,1,192.769231,193.653846
1327,1,211.041667,190.666667
1328,1,214.083333,185.541667
1329,1,218.777778,192.111111
1332,1,43.826087,192.130435
1333,1,53.074074,199.000000
1334,1,56.333333,197.148148
1337,1,70.333333,196.250000
1341,1,91.347826,197.565217
1342,1,101.333333,194.250000
1344,1,111.115385,191.230769
1346,1,111.960000,203.120000
1347,1,121.923077,192.115385
1352,1,158.222222,195.925926
1353,1,150.041667,195.000000
1354,1,156.440000,199.840000
1356,1,160.160000,190.720000
1359,1,183.913043,197.782609
1360,1,187.880000,198.160000
1361,1,188.280000,193.320000
1364,1,209.875000,190.666667
1365,1,216.041667,196.958333
1370,1,61.423077,200.653846
1378,1,97.480000,208.320000
1380,1,117.653846,196.076923
1381,1,117.250000,203.083333
1384,1,135.160000,198.920000
1385,1,136.560000,207.080000
1386,1,137.000000,202.384615
1387,1,144.576923,201.307692
1389,1,152.360000,198.520000
1391,1,174.846154,206.192308
1392,1,164.840000,196.440000
1394,1,171.076923,202.653846
1398,1,211.560000,196.800000
1402,1,60.307692,202.230769
1403,1,61.720000,208.480000
1406,1,76.320000,206.520000
1407,1,90.500000,209.083333
1408,1,87.750000,220.250000
1409,1,89.913043,209.086957
1410,1,101.720000,198.040000
1411,1,104.730769,212.884615
1413,1,112.652174,208.000000
1414,1,114.636364,199.363636
1415,1,119.250000,206.000000
1418,1,141.800000,203.200000
1419,1,146.826087,202.695652
1420,1,140.904762,204.523810
1422,1,151.615385,202.269231
1424,1,165.160000,190.040000
1427,1,176.200000,211.440000
1430,1,199.625000,206.875000
1431,1,203.375000,204.000000
1432,1,207.153846,199.230769
1433,1,67.153846,214.000000
1434,1,61.653846,214.538462
1436,1,78.076923,212.307692
1437,1,71.181818,210.954545
1438,1,81.360000,209.360000
1439,1,89.541667,204.916667
1441,1,94.040000,215.600000
1443,1,109.250000,214.125000
1444,1,114.608696,212.130435
1445,1,119.333333,206.416667
1446,1,120.086957,212.260870
1450,1,146.260870,207.304348
1454,1,159.909091,221.363636
1456,1,171.952381,207.047619
1457,1,166.629630,209.962963
1458,1,187.400000,213.200000
1460,1,194.535714,207.821429
1463,1,72.960000,215.480000
1464,1,64.720000,218.320000
1465,1,78.565217,218.173913
1467,1,87.000000,215.000000
1468,1,86.760000,211.000000
1469,1,91.280000,218.200000
1471,1,96.800000,213.640000
1472,1,108.666667,216.166667
1475,1,123.961538,209.538462
1477,1,133.625000,218.583333
1478,1,138.041667,213.250000
1480,1,140.653846,211.730769
1483,1,160.576923,219.153846
1486,1,177.750000,215.416667
1489,1,196.708333,206.666667
1490,1,191.538462,212.730769
1491,1,74.521739,211.608696
1492,1,76.250000,223.125000
1493,1,83.565217,219.956522
1494,1,80.153846,217.269231
1496,1,89.041667,224.375000
1497,1,101.384615,212.730769
1498,1,103.629630,220.888889
1500,1,112.291667,229.375000
1502,1,122.608696,216.869565
1503,1,124.481481,219.666667
1510,1,165.800000,221.640000
1511,1,169.739130,224.043478
1512,1,173.904762,217.095238
1513,1,180.777778,213.592593
1515,1,190.040000,217.960000
1520,1,101.035714,220.464286
1523,1,111.481481,224.037037
1524,1,125.083333,234.958333
1526,1,121.791667,225.250000
1527,1,130.076923,232.576923
1529,1,142.695652,225.826087
1531,1,149.125000,224.958333
1532,1,152.863636,229.954545
1534,1,162.307692,226.346154
1536,1,170.565217,224.956522
1540,1,93.153846,224.307692
1542,1,108.750000,232.125000
1545,1,116.666667,233.791667
1546,1,119.692308,237.884615
1547,1,130.000000,227.230769
1548,1,138.769231,232.846154
1550,1,146.892857,231.928571
1551,1,155.772727,224.954545
1552,1,142.130435,231.478261
1553,1,150.038462,228.461538
1554,1,157.680000,233.520000
1555,1,167.041667,225.125000
1557,1,95.565217,229.130435
1560,1,112.958333,237.166667
1561,1,119.296296,230.111111
1562,1,123.720000,228.320000
1563,1,128.280000,234.160000
1564,1,125.826087,236.434783
1566,1,138.916667,238.000000
1567,1,144.320000,235.480000
1568,1,152.956522,232.521739
1569,1,152.730769,236.653846
