ID,type,x COM, y COM
2,2,112.120000,23.400000
5,2,122.652174,21.000000
6,2,128.111111,21.222222
7,2,132.800000,21.440000
9,2,137.576923,21.346154
10,2,149.931034,23.034483
12,2,157.000000,24.954545
13,2,86.217391,30.782609
14,2,91.181818,27.090909
15,2,96.916667,28.791667
16,2,96.800000,25.440000
18,2,107.880000,25.880000
19,2,114.304348,28.391304
22,2,130.800000,27.000000
23,2,134.807692,27.884615
26,2,154.142857,28.428571
31,2,78.086957,34.652174
34,2,90.590909,32.727273
38,2,112.375000,34.166667
39,2,117.160000,34.600000
41,2,130.259259,31.888889
42,2,133.720000,34.680000
45,2,150.260870,32.782609
46,2,155.333333,33.541667
47,2,159.560000,29.120000
51,2,173.500000,29.958333
53,2,74.227273,38.727273
55,2,83.782609,34.521739
57,2,95.500000,36.727273
58,2,95.480000,32.880000
61,2,114.750000,39.416667
62,2,120.727273,39.363636
63,2,121.681818,35.818182
65,2,128.863636,37.181818
66,2,134.833333,37.625000
67,2,139.846154,37.230769
76,2,191.000000,37.863636
77,2,195.680000,39.520000
78,2,61.043478,43.391304
79,2,68.869565,39.565217
81,2,78.720000,44.480000
82,2,79.500000,40.181818
84,2,96.360000,41.520000
85,2,100.863636,44.409091
87,2,105.833333,43.958333
88,2,112.666667,43.666667
89,2,117.518519,44.814815
90,2,122.041667,42.958333
91,2,126.909091,40.454545
92,2,131.880000,43.160000
93,2,137.416667,41.375000
94,2,137.576923,45.115385
96,2,152.434783,40.782609
98,2,157.920000,43.600000
100,2,175.750000,47.250000
101,2,179.625000,41.458333
103,2,185.956522,37.869565
109,2,75.909091,49.000000
110,2,79.814815,51.444444
113,2,94.458333,45.500000
114,2,97.772727,48.090909
115,2,102.960000,49.360000
117,2,107.500000,52.500000
118,2,113.000000,49.043478
122,2,135.880000,48.560000
125,2,150.961538,56.230769
130,2,179.130435,47.869565
131,2,183.190476,45.904762
132,2,188.200000,47.600000
133,2,193.208333,47.541667
134,2,197.916667,48.916667
135,2,197.296296,43.925926
136,2,55.880000,53.840000
137,2,59.720000,52.920000
138,2,63.166667,50.833333
139,2,67.423077,54.346154
140,2,70.884615,53.769231
142,2,80.208333,55.833333
144,2,91.478261,50.521739
146,2,102.409091,54.727273
151,2,124.653846,56.307692
153,2,134.041667,52.958333
155,2,151.346154,60.384615
162,2,180.307692,57.576923
166,2,202.777778,47.814815
167,2,204.185185,53.259259
170,2,57.652174,58.347826
171,2,63.423077,56.730769
173,2,75.080000,54.880000
177,2,91.307692,56.653846
179,2,107.600000,56.760000
181,2,113.480000,59.080000
183,2,130.000000,55.500000
184,2,131.250000,59.083333
185,2,136.869565,58.782609
188,2,145.521739,61.521739
190,2,157.458333,58.000000
192,2,167.333333,61.083333
195,2,179.681818,61.454545
197,2,186.760000,56.320000
200,2,202.958333,62.791667
201,2,203.916667,58.625000
202,2,41.375000,64.708333
203,2,47.772727,63.636364
204,2,53.461538,62.423077
206,2,60.153846,62.615385
211,2,88.250000,66.250000
213,2,95.384615,59.538462
214,2,100.407407,61.185185
216,2,116.800000,62.400000
219,2,133.880000,64.040000
221,2,142.166667,61.375000
223,2,149.826087,65.130435
225,2,154.360000,63.760000
227,2,165.695652,65.739130
230,2,184.960000,61.080000
231,2,188.695652,60.826087
232,2,196.869565,65.217391
233,2,198.160000,60.840000
235,2,208.708333,61.333333
236,2,215.148148,63.222222
240,2,52.130435,66.304348
244,2,73.956522,63.521739
245,2,73.000000,68.260870
247,2,94.409091,70.227273
248,2,91.291667,61.875000
252,2,111.791667,63.291667
257,2,138.760000,62.600000
259,2,145.080000,66.960000
260,2,155.535714,68.500000
263,2,167.071429,69.892857
266,2,182.333333,72.142857
268,2,191.772727,63.272727
269,2,198.360000,68.600000
271,2,210.956522,65.956522
278,2,50.800000,70.880000
280,2,64.920000,74.160000
284,2,87.923077,69.730769
285,2,87.080000,76.280000
286,2,90.681818,73.909091
287,2,97.416667,78.333333
296,2,143.680000,71.440000
297,2,149.166667,70.375000
299,2,154.875000,72.500000
300,2,161.045455,77.954545
304,2,182.240000,76.560000
306,2,191.541667,67.041667
308,2,202.880000,68.840000
309,2,206.695652,66.304348
314,2,37.772727,81.954545
317,2,53.320000,76.840000
320,2,65.590909,78.272727
321,2,70.160000,78.120000
325,2,94.363636,75.318182
327,2,106.136364,79.090909
329,2,110.851852,78.259259
333,2,137.250000,72.666667
334,2,136.318182,77.090909
336,2,141.681818,75.636364
338,2,156.000000,77.576923
340,2,166.440000,81.280000
341,2,170.681818,80.954545
344,2,187.625000,80.458333
349,2,210.041667,76.625000
351,2,221.818182,76.272727
352,2,224.791667,80.750000
354,2,38.750000,87.000000
356,2,48.086957,77.913043
357,2,47.080000,81.320000
358,2,52.640000,82.280000
361,2,77.692308,85.307692
362,2,73.481481,86.740741
365,2,94.285714,83.000000
368,2,102.750000,81.791667
370,2,120.461538,81.576923
371,2,125.043478,82.217391
372,2,128.291667,79.916667
373,2,132.434783,79.434783
374,2,136.280000,82.240000
375,2,141.416667,79.791667
378,2,157.000000,84.380952
379,2,160.807692,82.692308
383,2,182.440000,80.200000
384,2,184.000000,85.000000
385,2,191.434783,81.608696
386,2,193.086957,77.478261
388,2,210.916667,81.916667
391,2,219.761905,81.809524
392,2,230.583333,84.833333
395,2,40.520000,91.880000
397,2,46.636364,86.045455
398,2,51.521739,87.086957
399,2,55.833333,87.250000
405,2,90.956522,80.565217
407,2,95.454545,88.045455
409,2,104.041667,86.000000
410,2,115.153846,84.153846
411,2,120.000000,85.833333
416,2,141.777778,84.111111
418,2,146.666667,89.291667
419,2,153.500000,87.083333
423,2,178.888889,93.555556
425,2,189.461538,86.346154
428,2,195.360000,88.760000
429,2,200.615385,89.269231
431,2,219.920000,88.520000
432,2,222.227273,85.772727
433,2,226.333333,85.380952
438,2,39.160000,97.440000
440,2,49.640000,90.520000
443,2,66.434783,94.391304
444,2,71.962963,91.444444
445,2,76.720000,91.560000
448,2,94.115385,92.769231
449,2,99.692308,89.346154
452,2,109.920000,87.440000
453,2,116.043478,89.608696
454,2,121.478261,91.521739
455,2,124.000000,88.769231
456,2,128.956522,93.434783
457,2,135.045455,91.409091
459,2,145.541667,93.958333
460,2,153.083333,93.041667
462,2,163.560000,96.560000
466,2,182.173913,89.521739
469,2,190.916667,91.125000
471,2,205.560000,92.960000
476,2,232.120000,89.600000
477,2,26.652174,98.260870
478,2,31.440000,96.120000
479,2,35.625000,95.500000
481,2,49.142857,95.190476
482,2,57.375000,97.208333
483,2,59.347826,101.782609
484,2,61.954545,96.909091
485,2,64.217391,100.086957
486,2,69.916667,97.833333
487,2,79.500000,94.500000
488,2,82.260870,98.260870
489,2,89.666667,89.583333
490,2,89.680000,94.960000
491,2,95.208333,96.916667
492,2,99.428571,95.571429
496,2,122.772727,97.727273
497,2,129.652174,98.478261
498,2,133.291667,96.666667
499,2,137.125000,96.083333
501,2,149.760000,93.400000
504,2,160.708333,101.250000
509,2,187.740741,99.703704
510,2,192.045455,98.227273
511,2,198.625000,94.000000
513,2,208.692308,97.538462
515,2,216.807692,101.884615
516,2,223.440000,99.200000
517,2,226.869565,96.782609
518,2,232.250000,96.166667
519,2,236.571429,94.750000
520,2,23.347826,108.391304
521,2,27.130435,103.695652
522,2,31.166667,102.500000
523,2,34.800000,101.400000
527,2,53.000000,100.384615
528,2,63.280000,106.320000
529,2,70.043478,101.956522
530,2,75.347826,101.565217
532,2,81.038462,102.384615
534,2,93.291667,101.166667
538,2,115.708333,103.708333
539,2,120.333333,106.166667
541,2,126.230769,99.192308
542,2,131.260870,102.565217
543,2,135.680000,106.640000
544,2,136.666667,101.916667
547,2,155.750000,102.208333
548,2,163.050000,105.200000
549,2,166.307692,100.807692
550,2,171.391304,105.043478
551,2,177.076923,108.423077
553,2,185.680000,103.000000
554,2,191.590909,104.000000
555,2,193.750000,94.333333
558,2,213.291667,98.541667
564,2,23.173913,113.130435
567,2,36.291667,105.666667
568,2,41.040000,104.960000
569,2,45.826087,110.043478
570,2,54.363636,112.318182
571,2,56.875000,104.375000
574,2,71.444444,108.000000
575,2,76.629630,105.555556
576,2,80.045455,109.681818
579,2,97.954545,101.681818
584,2,125.958333,104.875000
585,2,130.750000,107.500000
586,2,131.708333,111.791667
587,2,135.961538,112.769231
590,2,151.434783,102.695652
591,2,160.347826,108.782609
593,2,168.173913,106.391304
596,2,185.347826,106.652174
598,2,195.090909,107.318182
600,2,203.680000,109.160000
602,2,212.608696,103.391304
603,2,217.166667,107.458333
605,2,230.125000,106.250000
606,2,233.833333,108.666667
607,2,237.000000,106.125000
608,2,24.291667,117.375000
609,2,30.000000,115.440000
610,2,32.538462,109.230769
611,2,37.863636,110.818182
612,2,45.291667,114.500000
614,2,50.500000,115.727273
616,2,64.083333,113.541667
617,2,66.851852,110.703704
618,2,70.480000,114.440000
619,2,75.307692,110.653846
622,2,91.875000,112.458333
625,2,106.900000,110.300000
626,2,113.958333,110.041667
628,2,125.961538,110.192308
631,2,140.461538,112.076923
632,2,140.608696,116.913043
634,2,149.321429,108.678571
635,2,156.000000,106.653846
637,2,165.625000,109.958333
638,2,171.739130,109.913043
639,2,175.000000,113.136364
642,2,193.653846,111.269231
643,2,199.000000,110.166667
645,2,208.375000,111.000000
647,2,213.086957,110.695652
649,2,225.407407,109.185185
651,2,236.652174,113.260870
653,2,28.391304,119.521739
655,2,35.869565,115.478261
657,2,41.521739,110.217391
659,2,55.920000,116.760000
661,2,66.086957,118.260870
663,2,78.791667,114.416667
664,2,84.320000,117.880000
665,2,84.666667,113.074074
666,2,89.192308,115.461538
671,2,112.280000,117.720000
675,2,132.500000,117.600000
676,2,145.560000,122.440000
681,2,162.913043,118.086957
684,2,177.625000,117.375000
686,2,195.260870,116.521739
687,2,199.458333,114.916667
690,2,209.181818,115.000000
692,2,217.000000,119.272727
693,2,223.625000,118.000000
694,2,231.217391,111.869565
696,2,24.240000,122.840000
697,2,29.640000,124.640000
698,2,33.521739,120.086957
700,2,40.130435,116.739130
702,2,51.208333,128.666667
703,2,54.280000,120.600000
705,2,70.913043,119.739130
706,2,62.869565,123.956522
707,2,78.291667,123.416667
708,2,78.760000,118.800000
709,2,89.208333,121.208333
711,2,93.200000,122.480000
712,2,98.880000,122.120000
714,2,112.739130,123.478261
719,2,136.440000,119.120000
720,2,140.884615,121.653846
723,2,160.772727,122.227273
725,2,165.750000,123.833333
728,2,179.080000,123.360000
737,2,219.538462,122.038462
739,2,233.956522,116.782609
740,2,21.434783,129.521739
742,2,35.888889,126.555556
745,2,47.476190,127.238095
747,2,66.111111,127.814815
749,2,66.541667,122.458333
752,2,84.153846,122.307692
755,2,95.958333,125.833333
756,2,106.166667,128.000000
758,2,112.869565,128.608696
761,2,127.666667,131.416667
764,2,144.400000,127.800000
768,2,161.272727,126.590909
774,2,187.318182,133.454545
775,2,196.333333,128.375000
779,2,220.333333,126.833333
780,2,217.400000,130.560000
782,2,235.333333,133.142857
783,2,231.863636,127.227273
786,2,32.125000,129.375000
787,2,35.826087,131.695652
789,2,51.080000,136.640000
791,2,59.142857,131.892857
794,2,67.375000,133.083333
795,2,70.590909,129.272727
796,2,81.080000,134.280000
798,2,99.173913,132.565217
799,2,100.560000,127.160000
801,2,107.692308,131.846154
802,2,112.560000,132.720000
803,2,117.880000,131.640000
804,2,122.444444,137.481481
805,2,122.800000,133.200000
806,2,132.333333,129.000000
809,2,143.454545,133.227273
812,2,161.521739,130.956522
814,2,167.925926,131.592593
818,2,192.521739,130.652174
821,2,206.160000,132.760000
826,2,230.652174,131.260870
829,2,29.916667,134.250000
830,2,35.391304,136.391304
834,2,53.920000,133.040000
835,2,60.000000,137.173913
838,2,72.520000,133.600000
839,2,76.826087,135.130435
846,2,112.260870,137.739130
847,2,116.846154,137.538462
850,2,131.772727,133.909091
851,2,136.363636,133.136364
852,2,143.640000,137.680000
854,2,152.518519,139.592593
856,2,158.680000,134.000000
860,2,186.363636,130.181818
864,2,203.846154,136.461538
865,2,209.192308,136.538462
867,2,219.600000,136.520000
868,2,222.541667,133.916667
869,2,227.863636,134.363636
870,2,227.869565,139.521739
871,2,235.884615,141.038462
872,2,24.074074,145.481481
875,2,36.888889,141.259259
876,2,41.400000,143.400000
878,2,56.454545,138.863636
879,2,60.240000,142.760000
881,2,71.280000,143.560000
885,2,87.869565,147.782609
886,2,91.280000,137.920000
887,2,98.307692,139.576923
888,2,97.375000,144.958333
889,2,108.875000,146.000000
890,2,112.916667,143.083333
891,2,116.954545,146.863636
892,2,118.666667,141.777778
895,2,138.230769,137.423077
897,2,146.600000,140.880000
898,2,157.148148,139.111111
907,2,193.360000,145.840000
915,2,237.320000,148.240000
916,2,21.625000,152.208333
922,2,54.807692,143.500000
927,2,72.040000,150.360000
928,2,82.000000,148.500000
930,2,92.791667,142.208333
934,2,112.761905,147.809524
938,2,134.565217,149.782609
942,2,146.875000,148.875000
944,2,163.478261,149.869565
945,2,163.181818,144.500000
949,2,188.666667,150.074074
951,2,195.041667,150.416667
952,2,197.250000,143.583333
953,2,207.333333,141.000000
954,2,210.708333,150.916667
957,2,227.652174,146.304348
958,2,231.750000,142.625000
961,2,32.346154,150.576923
962,2,37.423077,146.846154
963,2,36.190476,150.619048
964,2,37.913043,155.826087
966,2,49.840000,152.920000
969,2,67.440000,153.320000
970,2,71.500000,157.166667
974,2,87.391304,151.913043
977,2,108.434783,151.347826
978,2,111.391304,154.130435
979,2,115.818182,152.045455
982,2,129.272727,152.181818
983,2,140.458333,151.875000
984,2,138.703704,156.925926
988,2,162.181818,155.318182
990,2,168.333333,147.777778
994,2,196.318182,154.227273
995,2,199.160000,148.160000
1004,2,22.318182,156.272727
1006,2,33.695652,156.782609
1008,2,43.740741,158.444444
1009,2,43.565217,153.478261
1010,2,48.720000,156.600000
1014,2,67.173913,158.826087
1016,2,82.840000,153.520000
1017,2,88.478261,156.521739
1020,2,105.666667,155.750000
1022,2,114.600000,158.080000
1023,2,118.750000,155.250000
1026,2,132.416667,156.916667
1027,2,135.173913,154.000000
1028,2,137.615385,162.961538
1029,2,146.440000,153.680000
1030,2,150.428571,155.142857
1032,2,159.680000,158.840000
1034,2,171.565217,161.565217
1035,2,176.115385,159.500000
1036,2,181.615385,157.653846
1037,2,182.590909,152.727273
1039,2,195.769231,157.153846
1041,2,201.280000,154.080000
1042,2,209.608696,156.043478
1048,2,24.740741,160.407407
1050,2,36.080000,163.000000
1053,2,55.346154,155.269231
1054,2,56.217391,159.347826
1059,2,84.318182,158.636364
1060,2,88.458333,162.291667
1062,2,99.260870,161.913043
1068,2,128.217391,169.086957
1069,2,128.608696,163.826087
1070,2,133.120000,161.680000
1075,2,162.478261,161.956522
1077,2,171.259259,165.962963
1078,2,181.869565,161.913043
1081,2,190.920000,160.240000
1082,2,195.821429,161.892857
1083,2,203.115385,160.384615
1084,2,204.962963,156.703704
1087,2,229.043478,164.782609
1091,2,28.576923,164.076923
1092,2,33.217391,167.000000
1093,2,38.960000,167.520000
1099,2,67.666667,162.958333
1101,2,84.333333,163.500000
1103,2,90.076923,166.923077
1105,2,98.423077,165.807692
1106,2,105.608696,161.739130
1107,2,107.565217,165.565217
1109,2,117.375000,165.958333
1110,2,122.720000,168.000000
1112,2,133.360000,166.520000
1118,2,161.583333,166.833333
1119,2,166.125000,164.500000
1121,2,176.272727,164.954545
1124,2,191.869565,165.869565
1125,2,196.720000,167.480000
1126,2,200.160000,164.640000
1127,2,203.913043,165.217391
1132,2,231.625000,168.125000
1135,2,39.240000,172.720000
1139,2,53.500000,172.500000
1140,2,58.080000,172.440000
1145,2,89.958333,172.750000
1146,2,94.629630,167.962963
1151,2,117.346154,170.884615
1153,2,122.000000,172.500000
1155,2,132.230769,171.423077
1157,2,149.280000,172.000000
1160,2,158.241379,174.931034
1164,2,180.782609,166.043478
1165,2,184.961538,178.961538
1168,2,200.307692,171.961538
1169,2,207.318182,168.136364
1170,2,204.318182,171.500000
1171,2,211.826087,169.565217
1174,2,231.904762,173.190476
1176,2,43.166667,171.500000
1178,2,47.708333,174.458333
1179,2,51.304348,178.217391
1180,2,55.916667,176.333333
1181,2,62.434783,177.652174
1183,2,70.600000,179.720000
1184,2,74.523810,180.857143
1185,2,77.958333,175.458333
1188,2,95.961538,178.846154
1191,2,109.904762,181.523810
1197,2,143.727273,173.590909
1198,2,148.777778,177.592593
1199,2,155.083333,172.333333
1200,2,152.800000,176.520000
1202,2,166.920000,178.200000
1204,2,175.478261,176.782609
1206,2,187.680000,181.240000
1210,2,205.920000,176.160000
1211,2,209.916667,173.208333
1216,2,34.476190,183.095238
1217,2,39.560000,180.960000
1220,2,57.954545,179.909091
1221,2,62.750000,182.500000
1222,2,66.826087,181.130435
1227,2,90.708333,179.291667
1230,2,105.681818,184.772727
1233,2,129.583333,189.750000
1235,2,135.592593,183.370370
1236,2,138.440000,187.200000
1238,2,144.920000,179.520000
1244,2,173.090909,177.318182
1245,2,181.434783,179.260870
1246,2,186.545455,187.363636
1249,2,200.640000,178.760000
1250,2,203.782609,181.478261
1256,2,43.920000,184.480000
1257,2,48.565217,187.391304
1258,2,53.416667,188.875000
1262,2,72.500000,185.000000
1263,2,77.291667,191.583333
1265,2,93.434783,182.217391
1266,2,94.538462,187.653846
1267,2,98.160000,186.080000
1268,2,101.230769,182.115385
1269,2,102.571429,188.000000
1272,2,123.857143,184.190476
1274,2,130.120000,184.440000
1275,2,136.625000,193.833333
1278,2,150.636364,187.681818
1279,2,155.739130,182.956522
1280,2,159.750000,181.392857
1284,2,182.043478,184.956522
1286,2,196.291667,186.791667
1287,2,200.708333,185.416667
1289,2,204.384615,189.192308
1290,2,207.520000,185.960000
1292,2,225.391304,183.434783
1295,2,49.120000,192.480000
1297,2,54.925926,193.333333
1298,2,61.583333,192.791667
1299,2,63.863636,186.500000
1301,2,75.333333,188.166667
1302,2,82.173913,191.000000
1309,2,119.240000,184.920000
1312,2,133.636364,188.636364
1314,2,144.520000,191.760000
1316,2,153.750000,188.000000
1322,2,181.625000,189.000000
1323,2,179.840000,192.480000
1325,2,199.391304,190.956522
1326,2,203.416667,193.916667
1330,2,220.166667,189.333333
1331,2,46.000000,198.166667
1335,2,59.458333,189.958333
1336,2,65.869565,196.130435
1338,2,75.478261,195.304348
1339,2,81.307692,196.576923
1340,2,86.160000,196.160000
1343,2,98.208333,201.791667
1345,2,105.814815,200.111111
1348,2,128.880000,200.240000
1349,2,128.320000,195.760000
1350,2,133.000000,194.416667
1351,2,139.826087,194.565217
1355,2,162.857143,200.214286
1357,2,172.925926,194.259259
1358,2,178.695652,197.826087
1362,2,198.076923,196.115385
1363,2,203.333333,198.041667
1366,2,215.260870,201.695652
1367,2,50.280000,196.840000
1368,2,49.888889,203.000000
1369,2,55.960000,204.560000
1371,2,68.565217,200.608696
1372,2,72.565217,200.608696
1373,2,77.347826,199.130435
1374,2,82.608696,201.391304
1375,2,86.956522,201.913043
1376,2,90.200000,204.000000
1377,2,93.629630,202.259259
1379,2,103.304348,203.608696
1382,2,123.545455,201.954545
1383,2,130.041667,204.958333
1388,2,151.130435,207.695652
1390,2,160.360000,205.160000
1393,2,181.391304,202.000000
1395,2,185.791667,202.166667
1396,2,193.400000,199.000000
1397,2,198.173913,200.521739
1399,2,206.230769,208.461538
1400,2,206.500000,205.000000
1401,2,60.615385,207.423077
1404,2,70.458333,206.041667
1405,2,76.444444,203.888889
1412,2,99.227273,206.136364
1416,2,124.923077,205.884615
1417,2,133.565217,210.782609
1421,2,154.791667,208.916667
1423,2,160.217391,209.173913
1425,2,165.760000,205.120000
1426,2,181.000000,206.842105
1428,2,185.760000,207.400000
1429,2,189.920000,201.400000
1435,2,65.250000,204.291667
1440,2,86.173913,207.391304
1442,2,107.333333,206.857143
1447,2,128.250000,209.250000
1448,2,126.920000,212.680000
1449,2,138.666667,213.619048
1451,2,148.130435,211.782609
1452,2,155.045455,218.045455
1453,2,156.576923,213.500000
1455,2,164.666667,213.500000
1459,2,191.280000,206.280000
1461,2,192.960000,215.120000
1462,2,197.500000,214.208333
1466,2,69.500000,222.000000
1470,2,99.250000,221.450000
1473,2,111.560000,217.720000
1474,2,116.727273,217.363636
1476,2,127.760000,216.600000
1479,2,143.307692,216.269231
1481,2,151.260870,214.782609
1482,2,160.800000,214.920000
1484,2,172.913043,220.304348
1485,2,169.120000,214.440000
1487,2,180.565217,218.391304
1488,2,185.375000,217.833333
1495,2,85.304348,226.739130
1499,2,106.307692,220.461538
1501,2,112.840000,222.320000
1504,2,132.913043,226.173913
1505,2,138.125000,226.791667
1506,2,136.000000,222.250000
1507,2,147.565217,217.608696
1508,2,146.681818,222.636364
1509,2,152.041667,221.041667
1514,2,181.925926,223.259259
1516,2,187.080000,222.760000
1517,2,75.227273,226.318182
1518,2,80.809524,226.095238
1519,2,88.608696,228.130435
1521,2,100.478261,225.391304
1522,2,103.956522,231.217391
1525,2,117.565217,222.130435
1528,2,130.958333,221.041667
1530,2,141.250000,219.500000
1533,2,161.523810,230.571429
1535,2,164.826087,232.434783
1537,2,174.200000,226.680000
1538,2,178.458333,226.958333
1539,2,93.576923,232.615385
1541,2,100.608696,229.217391
1543,2,106.760000,225.080000
1544,2,113.192308,231.307692
1549,2,136.160000,231.600000
1556,2,170.080000,230.880000
1558,2,100.125000,234.375000
1559,2,103.600000,237.600000
1565,2,133.961538,235.923077
1570,2,159.296296,236.925926
1,1,103.333333,30.708333
3,1,116.720000,22.600000
4,1,121.125000,29.708333
8,1,140.407407,24.259259
11,1,148.884615,28.730769
17,1,102.750000,26.541667
20,1,118.833333,28.208333
21,1,125.851852,28.074074
24,1,145.360000,24.120000
25,1,143.884615,28.346154
27,1,175.217391,34.304348
28,1,163.423077,37.076923
29,1,160.720000,33.920000
30,1,163.846154,28.115385
32,1,89.160000,42.240000
33,1,91.125000,43.041667
35,1,100.230769,35.038462
36,1,105.166667,34.125000
37,1,107.090909,38.909091
40,1,121.384615,24.192308
43,1,142.291667,32.833333
44,1,138.920000,29.400000
48,1,171.000000,36.160000
49,1,161.640000,40.600000
50,1,164.208333,44.250000
52,1,179.280000,33.720000
54,1,71.173913,47.130435
56,1,83.583333,39.291667
59,1,102.560000,39.320000
60,1,109.458333,38.083333
64,1,125.041667,32.916667
68,1,144.291667,39.583333
69,1,151.454545,42.181818
70,1,156.409091,38.090909
71,1,167.137931,28.827586
72,1,161.750000,48.666667
73,1,169.833333,44.083333
74,1,167.615385,34.615385
75,1,171.272727,40.636364
80,1,74.083333,44.000000
83,1,85.958333,43.083333
86,1,108.840000,29.720000
95,1,149.040000,41.280000
97,1,146.173913,44.695652
99,1,171.720000,38.400000
102,1,180.920000,37.720000
104,1,190.360000,42.320000
105,1,185.384615,42.576923
106,1,64.476190,46.809524
107,1,67.520000,42.960000
108,1,68.318182,47.227273
111,1,84.480000,44.600000
112,1,86.958333,37.125000
116,1,108.434783,46.826087
119,1,126.720000,45.920000
120,1,118.400000,53.480000
121,1,130.125000,48.875000
123,1,138.240000,52.800000
124,1,148.923077,52.653846
126,1,145.791667,36.041667
127,1,152.120000,46.960000
128,1,163.407407,54.148148
129,1,181.291667,53.750000
141,1,75.476190,60.523810
143,1,86.840000,59.120000
145,1,95.925926,52.185185
147,1,106.125000,60.458333
148,1,115.227273,59.636364
149,1,111.200000,52.150000
150,1,119.040000,49.400000
152,1,123.833333,48.041667
154,1,143.086957,45.478261
156,1,157.791667,48.666667
157,1,164.160000,57.600000
158,1,164.000000,51.333333
159,1,172.217391,45.478261
160,1,166.920000,54.720000
161,1,173.440000,49.640000
163,1,177.916667,54.875000
164,1,192.962963,54.666667
165,1,189.545455,51.545455
168,1,46.565217,60.434783
169,1,51.384615,57.884615
172,1,72.960000,59.240000
174,1,83.115385,70.076923
175,1,83.541667,62.000000
176,1,86.708333,49.875000
178,1,98.851852,56.074074
180,1,107.181818,65.045455
182,1,124.576923,63.884615
186,1,126.038462,51.423077
187,1,144.041667,56.333333
189,1,145.833333,49.666667
191,1,167.000000,50.800000
193,1,172.720000,60.160000
194,1,182.440000,67.000000
196,1,183.173913,51.826087
198,1,194.913043,57.434783
199,1,196.409091,55.636364
205,1,57.074074,66.962963
207,1,78.833333,67.541667
208,1,67.958333,66.083333
209,1,80.285714,64.142857
210,1,85.115385,57.961538
212,1,85.695652,52.086957
215,1,110.888889,73.555556
217,1,118.307692,56.884615
218,1,112.863636,67.636364
220,1,139.636364,67.772727
222,1,142.576923,52.576923
224,1,154.076923,53.153846
226,1,159.720000,62.880000
228,1,178.956522,65.956522
229,1,172.160000,53.720000
234,1,200.454545,54.045455
237,1,219.400000,70.680000
238,1,46.521739,73.391304
239,1,42.269231,69.730769
241,1,61.520000,69.280000
242,1,65.652174,65.521739
243,1,64.400000,64.200000
246,1,76.200000,72.720000
249,1,96.037037,64.925926
250,1,104.880000,66.640000
251,1,98.037037,68.333333
253,1,122.115385,61.384615
254,1,129.769231,64.192308
255,1,120.136364,70.863636
256,1,131.416667,72.041667
258,1,134.923077,68.538462
261,1,161.357143,64.678571
262,1,160.565217,72.043478
264,1,169.875000,73.000000
265,1,170.821429,63.428571
267,1,187.125000,68.458333
270,1,195.318182,72.500000
272,1,214.166667,71.291667
273,1,212.760000,71.960000
274,1,219.416667,67.833333
275,1,39.821429,72.535714
276,1,38.125000,73.250000
277,1,46.565217,68.956522
279,1,60.423077,73.423077
281,1,68.916667,63.916667
282,1,81.095238,75.190476
283,1,80.913043,73.652174
288,1,103.400000,75.880000
289,1,107.115385,70.576923
290,1,119.782609,76.347826
291,1,118.960000,74.960000
292,1,115.869565,69.043478
293,1,124.307692,68.615385
294,1,127.000000,75.956522
295,1,127.200000,68.360000
298,1,161.846154,71.538462
301,1,166.043478,76.434783
302,1,174.041667,66.375000
303,1,172.925926,76.666667
305,1,199.478261,75.434783
307,1,187.291667,74.375000
310,1,208.217391,72.000000
311,1,217.280000,75.720000
312,1,215.652174,85.043478
313,1,32.307692,80.576923
315,1,55.259259,72.555556
316,1,42.333333,80.222222
318,1,57.115385,80.423077
319,1,60.678571,79.357143
322,1,70.869565,73.347826
323,1,85.043478,81.826087
324,1,81.954545,80.727273
326,1,103.307692,92.115385
328,1,100.666667,69.833333
330,1,101.720000,73.160000
331,1,115.269231,78.538462
332,1,126.608696,73.217391
335,1,152.615385,81.423077
337,1,146.592593,76.000000
339,1,176.444444,72.925926
342,1,176.086957,69.565217
343,1,177.423077,78.692308
345,1,190.851852,72.555556
346,1,202.800000,79.080000
347,1,214.913043,86.478261
348,1,203.227273,73.136364
350,1,214.600000,80.160000
353,1,29.000000,85.423077
355,1,39.080000,77.840000
359,1,59.392857,91.428571
360,1,71.333333,83.333333
363,1,75.666667,75.740741
364,1,84.125000,81.166667
366,1,98.583333,83.458333
367,1,104.826087,98.000000
369,1,109.500000,83.500000
376,1,151.640000,76.280000
377,1,146.964286,81.250000
380,1,175.272727,83.409091
381,1,178.681818,84.863636
382,1,175.652174,86.565217
387,1,205.538462,87.346154
389,1,205.160000,79.920000
390,1,212.833333,93.583333
393,1,34.720000,76.240000
394,1,35.166667,90.916667
396,1,44.120000,87.440000
400,1,62.250000,91.708333
401,1,63.680000,89.800000
402,1,65.724138,86.310345
403,1,68.000000,82.583333
404,1,86.000000,104.160000
406,1,89.166667,86.625000
408,1,110.960000,92.320000
412,1,129.000000,89.916667
413,1,134.115385,86.923077
414,1,129.037037,85.592593
415,1,140.192308,87.307692
417,1,149.076923,84.807692
420,1,169.307692,93.000000
421,1,165.360000,86.480000
422,1,158.666667,88.750000
424,1,187.043478,95.130435
426,1,196.000000,84.307692
427,1,197.640000,78.120000
430,1,201.166667,84.625000
434,1,222.153846,92.384615
435,1,33.478261,86.043478
436,1,30.260870,90.739130
437,1,27.173913,92.826087
439,1,45.840000,100.920000
441,1,61.833333,84.250000
442,1,53.000000,95.458333
446,1,81.777778,87.703704
447,1,83.625000,87.125000
450,1,105.000000,101.080000
451,1,112.043478,98.217391
458,1,141.880000,97.560000
461,1,161.833333,90.416667
463,1,165.538462,91.423077
464,1,174.480000,98.760000
465,1,170.120000,85.920000
467,1,181.625000,98.500000
468,1,185.678571,91.464286
470,1,198.565217,98.347826
472,1,208.217391,84.652174
473,1,222.640000,91.120000
474,1,219.565217,95.173913
475,1,228.708333,92.750000
480,1,44.333333,93.629630
493,1,106.692308,92.230769
494,1,120.583333,101.833333
495,1,115.461538,94.653846
500,1,140.571429,91.714286
502,1,144.200000,109.360000
503,1,157.200000,94.520000
505,1,170.518519,94.296296
506,1,175.043478,91.521739
507,1,173.166667,101.750000
508,1,175.458333,98.750000
512,1,202.416667,101.375000
514,1,209.880000,90.360000
524,1,41.769231,100.115385
525,1,49.720000,107.160000
526,1,46.480000,103.880000
531,1,74.769231,96.807692
533,1,84.800000,95.360000
535,1,97.961538,107.769231
536,1,109.240000,107.160000
537,1,111.851852,97.814815
540,1,119.434783,96.434783
545,1,148.869565,98.652174
546,1,156.740741,97.814815
552,1,180.454545,113.636364
556,1,203.500000,97.041667
557,1,206.961538,102.692308
559,1,224.608696,103.304348
560,1,220.200000,105.360000
561,1,221.962963,113.037037
562,1,236.291667,100.791667
563,1,231.458333,101.375000
565,1,28.652174,108.869565
566,1,29.956522,111.608696
572,1,60.666667,116.555556
573,1,67.240000,105.040000
577,1,86.000000,99.307692
578,1,85.600000,108.600000
580,1,100.520000,105.520000
581,1,111.035714,103.571429
582,1,108.541667,114.625000
583,1,106.520000,105.400000
588,1,145.291667,101.250000
589,1,142.846154,106.538462
592,1,161.640000,112.880000
594,1,180.750000,106.750000
595,1,180.200000,104.800000
597,1,188.071429,109.642857
599,1,196.280000,102.400000
601,1,201.304348,105.130435
604,1,219.259259,109.851852
613,1,51.166667,105.833333
615,1,56.185185,109.259259
620,1,92.555556,107.037037
621,1,98.333333,114.148148
623,1,98.960000,110.040000
624,1,102.500000,118.000000
627,1,120.230769,113.038462
629,1,128.250000,119.607143
630,1,125.826087,116.652174
633,1,141.120000,102.880000
636,1,151.958333,112.166667
640,1,187.227273,112.454545
641,1,186.800000,120.760000
644,1,209.250000,106.625000
646,1,208.791667,118.875000
648,1,225.880000,103.520000
650,1,227.826087,114.391304
652,1,25.280000,128.120000
654,1,36.538462,122.076923
656,1,43.040000,119.480000
658,1,49.360000,120.240000
660,1,59.041667,110.166667
662,1,74.600000,118.040000
667,1,89.115385,104.384615
668,1,94.730769,117.384615
669,1,102.640000,114.040000
670,1,105.807692,123.230769
672,1,115.400000,115.960000
673,1,118.478261,110.913043
674,1,127.259259,127.037037
677,1,148.208333,111.583333
678,1,151.440000,117.720000
679,1,155.181818,124.045455
680,1,157.130435,115.913043
682,1,176.130435,133.347826
683,1,168.269231,115.192308
685,1,186.760000,115.720000
688,1,204.961538,124.846154
689,1,202.296296,120.444444
691,1,213.760000,117.200000
695,1,235.346154,121.115385
699,1,42.333333,132.000000
701,1,42.458333,126.333333
704,1,55.750000,123.958333
710,1,87.680000,125.840000
713,1,108.782609,121.217391
715,1,125.888889,118.148148
716,1,119.478261,120.565217
717,1,121.653846,118.230769
718,1,124.045455,126.181818
721,1,145.640000,115.520000
722,1,155.517241,128.241379
724,1,170.703704,118.148148
726,1,168.826087,120.956522
727,1,176.107143,126.428571
729,1,182.500000,119.916667
730,1,193.956522,120.652174
731,1,186.080000,120.400000
732,1,192.391304,123.217391
733,1,203.680000,115.160000
734,1,200.307692,125.192308
735,1,213.250000,127.291667
736,1,224.772727,124.090909
738,1,227.826087,120.478261
741,1,26.347826,134.391304
743,1,40.142857,136.619048
744,1,41.521739,126.304348
746,1,57.423077,125.269231
748,1,72.400000,124.320000
750,1,79.192308,127.269231
751,1,75.720000,129.440000
753,1,86.000000,135.318182
754,1,92.840000,130.000000
757,1,104.956522,121.043478
759,1,116.384615,124.384615
760,1,130.956522,122.434783
762,1,137.125000,128.041667
763,1,148.782609,127.217391
765,1,150.400000,121.320000
766,1,156.760000,112.120000
767,1,155.206897,121.137931
769,1,171.956522,119.043478
770,1,173.769231,126.423077
771,1,185.750000,126.050000
772,1,181.521739,130.043478
773,1,190.416667,126.625000
776,1,197.095238,119.761905
777,1,212.434783,118.608696
778,1,209.769231,128.076923
781,1,229.269231,120.923077
784,1,27.923077,138.269231
785,1,23.840000,133.800000
788,1,46.555556,122.148148
790,1,59.111111,127.592593
792,1,64.416667,134.083333
793,1,69.739130,139.260870
797,1,87.703704,129.703704
800,1,104.321429,135.285714
807,1,138.555556,128.703704
808,1,138.826087,124.869565
810,1,151.000000,131.307692
811,1,153.884615,133.923077
813,1,161.538462,141.807692
815,1,178.363636,133.863636
816,1,186.880000,146.680000
817,1,183.192308,142.192308
819,1,199.653846,131.000000
820,1,190.923077,136.307692
822,1,213.880000,124.320000
823,1,213.360000,137.760000
824,1,223.541667,129.666667
825,1,229.080000,126.360000
827,1,232.115385,137.076923
828,1,21.600000,136.960000
831,1,43.607143,134.071429
832,1,50.884615,140.846154
833,1,47.809524,133.333333
836,1,65.347826,139.739130
837,1,64.500000,143.730769
840,1,83.269231,129.769231
841,1,91.480000,136.640000
842,1,86.130435,141.826087
843,1,101.708333,139.916667
844,1,94.692308,133.576923
845,1,104.000000,136.956522
848,1,120.083333,126.958333
849,1,124.520000,142.720000
853,1,148.240000,135.360000
855,1,151.807692,150.230769
857,1,169.307692,127.730769
858,1,178.518519,138.407407
859,1,182.840000,135.240000
861,1,199.080000,140.880000
862,1,199.807692,135.423077
863,1,199.956522,131.913043
866,1,211.500000,132.454545
873,1,28.434783,148.304348
874,1,30.666667,143.416667
877,1,52.333333,147.111111
880,1,77.571429,146.928571
882,1,80.304348,142.652174
883,1,74.555556,139.629630
884,1,86.782609,144.652174
893,1,125.000000,147.653846
894,1,136.461538,139.730769
896,1,141.800000,143.880000
899,1,163.440000,134.800000
900,1,154.769231,144.115385
901,1,167.458333,137.958333
902,1,168.080000,137.600000
903,1,171.615385,135.346154
904,1,174.080000,141.480000
905,1,189.400000,142.720000
906,1,184.148148,139.444444
908,1,202.956522,144.000000
909,1,194.846154,139.461538
910,1,214.555556,146.222222
911,1,214.851852,139.851852
912,1,219.884615,149.846154
913,1,223.875000,139.708333
914,1,223.200000,143.760000
917,1,31.826087,140.826087
918,1,36.192308,144.692308
919,1,42.423077,149.846154
920,1,45.807692,150.115385
921,1,44.875000,139.541667
923,1,59.038462,150.038462
924,1,65.307692,145.769231
925,1,72.576923,145.692308
926,1,79.291667,157.375000
929,1,82.851852,139.000000
931,1,100.409091,150.772727
932,1,103.320000,148.080000
933,1,108.739130,138.086957
935,1,123.392857,158.571429
936,1,126.600000,145.600000
937,1,130.347826,147.565217
939,1,134.777778,144.222222
940,1,136.130435,143.434783
941,1,142.400000,147.880000
943,1,158.708333,147.791667
946,1,172.318182,150.863636
947,1,169.120000,143.320000
948,1,175.090909,145.409091
950,1,182.760000,147.240000
955,1,211.692308,144.307692
956,1,219.500000,143.269231
959,1,234.800000,153.080000
960,1,27.280000,152.840000
965,1,45.400000,143.480000
967,1,60.000000,152.346154
968,1,61.555556,158.740741
971,1,77.269231,154.692308
972,1,75.360000,153.880000
973,1,93.760000,147.760000
975,1,100.400000,152.000000
976,1,104.636364,144.181818
980,1,129.750000,140.791667
981,1,120.560000,149.680000
985,1,125.923077,139.307692
986,1,156.320000,150.040000
987,1,150.222222,145.296296
989,1,176.259259,154.814815
991,1,170.478261,157.347826
992,1,178.576923,147.923077
993,1,176.500000,152.318182
996,1,205.583333,147.666667
997,1,222.000000,152.440000
998,1,223.760000,170.720000
999,1,214.826087,150.608696
1000,1,221.480000,160.400000
1001,1,219.956522,155.478261
1002,1,226.347826,150.695652
1003,1,234.625000,150.291667
1005,1,27.833333,155.625000
1007,1,38.851852,160.481481
1011,1,58.400000,150.800000
1012,1,60.384615,162.961538
1013,1,62.826087,171.826087
1015,1,74.173913,161.173913
1018,1,93.615385,156.615385
1019,1,100.125000,153.458333
1021,1,112.560000,163.240000
1024,1,125.928571,157.250000
1025,1,126.240000,157.800000
1031,1,156.423077,153.807692
1033,1,167.928571,152.571429
1038,1,189.347826,153.608696
1040,1,206.750000,151.000000
1043,1,216.920000,162.400000
1044,1,227.478261,160.695652
1045,1,214.608696,155.521739
1046,1,231.920000,149.400000
1047,1,233.423077,162.346154
1049,1,30.583333,160.333333
1051,1,50.851852,165.222222
1052,1,52.173913,161.565217
1055,1,64.045455,154.181818
1056,1,67.333333,174.500000
1057,1,84.541667,176.875000
1058,1,69.960000,169.560000
1061,1,92.739130,152.956522
1063,1,109.260870,159.521739
1064,1,99.333333,157.629630
1065,1,117.958333,161.041667
1066,1,109.920000,169.640000
1067,1,123.083333,163.666667
1071,1,151.375000,164.500000
1072,1,156.730769,161.384615
1073,1,146.227273,161.818182
1074,1,153.111111,160.074074
1076,1,166.250000,158.250000
1079,1,187.400000,156.960000
1080,1,186.103448,165.275862
1085,1,210.000000,162.444444
1086,1,215.200000,160.160000
1088,1,214.576923,165.461538
1089,1,232.576923,156.846154
1090,1,226.772727,168.727273
1094,1,47.625000,170.666667
1095,1,44.043478,165.173913
1096,1,65.954545,169.090909
1097,1,56.760000,166.440000
1098,1,72.666667,163.750000
1100,1,77.520000,171.240000
1102,1,79.565217,163.391304
1104,1,93.214286,161.392857
1108,1,105.826087,179.739130
1111,1,139.304348,178.173913
1113,1,143.208333,157.333333
1114,1,139.666667,166.458333
1115,1,145.333333,169.083333
1116,1,144.600000,164.600000
1117,1,157.960000,168.200000
1120,1,169.461538,169.615385
1122,1,188.440000,165.800000
1123,1,183.000000,169.464286
1128,1,218.521739,165.782609
1129,1,216.416667,168.750000
1130,1,227.166667,174.458333
1131,1,217.428571,173.321429
1133,1,33.173913,171.043478
1134,1,30.416667,173.000000
1136,1,34.500000,175.583333
1137,1,49.304348,167.739130
1138,1,46.791667,180.291667
1141,1,67.115385,170.692308
1142,1,77.375000,167.500000
1143,1,82.461538,168.384615
1144,1,86.434783,170.565217
1147,1,100.192308,170.423077
1148,1,114.880000,175.880000
1149,1,100.125000,177.083333
1150,1,112.583333,169.708333
1152,1,123.125000,176.166667
1154,1,130.857143,179.428571
1156,1,140.769231,183.038462
1158,1,147.153846,160.423077
1159,1,150.640000,167.880000
1161,1,165.333333,172.000000
1162,1,177.481481,170.962963
1163,1,185.000000,173.750000
1166,1,196.640000,173.480000
1167,1,191.545455,174.772727
1172,1,219.909091,182.454545
1173,1,228.250000,156.285714
1175,1,35.384615,177.884615
1177,1,45.250000,161.541667
1182,1,63.629630,167.962963
1186,1,87.458333,185.583333
1187,1,88.040000,172.920000
1189,1,97.541667,174.000000
1190,1,105.360000,173.920000
1192,1,112.541667,177.625000
1193,1,119.545455,178.954545
1194,1,125.208333,177.458333
1195,1,132.923077,177.346154
1196,1,138.551724,171.448276
1201,1,161.555556,175.037037
1203,1,172.080000,172.000000
1205,1,179.360000,177.000000
1207,1,194.153846,182.115385
1208,1,194.240000,176.600000
1209,1,190.541667,171.625000
1212,1,217.192308,177.500000
1213,1,223.608696,178.478261
1214,1,224.038462,160.807692
1215,1,30.153846,175.000000
1218,1,50.434783,182.173913
1219,1,42.875000,177.416667
1223,1,78.760000,184.160000
1224,1,83.800000,187.280000
1225,1,87.320000,182.040000
1226,1,83.625000,177.333333
1228,1,104.727273,167.409091
1229,1,106.160000,173.680000
1231,1,115.954545,187.681818
1232,1,114.814815,180.814815
1234,1,127.240000,177.840000
1237,1,138.000000,174.307692
1239,1,150.625000,182.375000
1240,1,165.173913,181.130435
1241,1,173.045455,189.681818
1242,1,168.269231,191.461538
1243,1,170.166667,177.708333
1247,1,190.500000,186.807692
1248,1,194.166667,180.750000
1251,1,211.958333,178.291667
1252,1,208.320000,181.360000
1253,1,220.136364,175.318182
1254,1,228.923077,179.000000
1255,1,35.880000,188.000000
1259,1,57.833333,186.125000
1260,1,72.826087,174.739130
1261,1,69.800000,192.000000
1264,1,80.080000,180.040000
1270,1,117.333333,190.703704
1271,1,111.608696,196.130435
1273,1,123.826087,191.130435
1276,1,142.884615,187.115385
1277,1,147.120000,185.560000
1281,1,165.880000,198.080000
1282,1,164.680000,184.560000
1283,1,176.500000,183.846154
1285,1,190.652174,192.347826
1288,1,209.923077,192.384615
1291,1,215.346154,182.653846
1293,1,40.346154,186.653846
1294,1,42.958333,192.875000
1296,1,53.840000,183.640000
1300,1,69.333333,188.750000
1303,1,96.320000,192.920000
1304,1,88.600000,191.800000
1305,1,91.000000,189.454545
1306,1,103.640000,194.960000
1307,1,105.269231,191.769231
1308,1,114.884615,185.653846
1310,1,120.423077,197.807692
1311,1,120.760000,190.640000
1313,1,152.153846,198.192308
1315,1,156.750000,190.083333
1317,1,158.240000,199.480000
1318,1,160.739130,186.869565
1319,1,171.846154,184.769231
1320,1,175.653846,199.653846
1321,1,173.260870,186.130435
1324,1,191.760000,195.000000
1327,1,211.769231,198.000000
1328,1,213.920000,186.400000
1329,1,217.043478,186.304348
1332,1,43.666667,191.041667
1333,1,54.000000,199.666667
1334,1,60.217391,196.739130
1337,1,68.961538,193.653846
1341,1,90.600000,195.960000
1342,1,96.521739,196.608696
1344,1,113.130435,190.434783
1346,1,110.600000,203.360000
1347,1,124.160000,194.720000
1352,1,160.851852,195.370370
1353,1,147.230769,196.692308
1354,1,148.640000,196.760000
1356,1,160.777778,193.000000
1359,1,181.782609,195.608696
1360,1,186.346154,195.269231
1361,1,191.782609,190.608696
1364,1,212.695652,190.086957
1365,1,217.520000,195.640000
1370,1,59.043478,199.913043
1378,1,94.280000,212.920000
1380,1,105.730769,194.230769
1381,1,113.037037,199.962963
1384,1,134.807692,200.000000
1385,1,134.869565,205.913043
1386,1,143.214286,205.214286
1387,1,144.269231,210.192308
1389,1,151.347826,203.652174
1391,1,176.961538,206.000000
1392,1,169.739130,199.173913
1394,1,171.230769,203.730769
1398,1,213.541667,197.916667
1402,1,61.916667,201.583333
1403,1,62.869565,209.434783
1406,1,70.541667,211.041667
1407,1,93.454545,209.090909
1408,1,84.909091,220.909091
1409,1,95.956522,213.521739
1410,1,102.750000,195.166667
1411,1,106.958333,212.791667
1413,1,111.695652,208.565217
1414,1,112.916667,195.458333
1415,1,119.739130,202.217391
1418,1,138.347826,206.000000
1419,1,143.148148,198.148148
1420,1,141.840000,201.400000
1422,1,152.038462,194.500000
1424,1,165.518519,190.333333
1427,1,178.923077,213.730769
1430,1,200.083333,209.500000
1431,1,204.730769,202.846154
1432,1,208.600000,196.840000
1433,1,68.391304,209.826087
1434,1,66.318182,215.727273
1436,1,73.423077,218.346154
1437,1,67.708333,214.250000
1438,1,79.727273,214.227273
1439,1,81.800000,206.480000
1441,1,92.454545,217.136364
1443,1,115.680000,205.280000
1444,1,110.291667,214.375000
1445,1,119.884615,208.807692
1446,1,116.416667,212.833333
1450,1,152.291667,204.166667
1454,1,163.826087,224.000000
1456,1,172.652174,206.086957
1457,1,167.120000,209.400000
1458,1,189.416667,211.916667
1460,1,199.041667,203.666667
1463,1,75.291667,215.666667
1464,1,65.875000,218.083333
1465,1,80.423077,217.538462
1467,1,89.304348,214.434783
1468,1,87.173913,212.521739
1469,1,95.480000,223.520000
1471,1,93.166667,214.541667
1472,1,106.913043,212.695652
1475,1,120.840000,212.480000
1477,1,133.875000,215.708333
1478,1,135.500000,216.230769
1480,1,138.565217,206.913043
1483,1,159.304348,220.260870
1486,1,181.148148,210.925926
1489,1,195.916667,206.958333
1490,1,189.259259,210.814815
1491,1,79.148148,209.444444
1492,1,78.391304,221.347826
1493,1,81.681818,220.545455
1494,1,76.869565,210.000000
1496,1,88.961538,221.846154
1497,1,102.923077,211.076923
1498,1,103.000000,218.217391
1500,1,109.518519,227.222222
1502,1,122.869565,217.347826
1503,1,125.958333,222.666667
1510,1,161.720000,220.440000
1511,1,176.884615,221.423077
1512,1,173.120000,211.680000
1513,1,174.166667,214.166667
1515,1,189.217391,216.304348
1520,1,100.960000,215.160000
1523,1,114.043478,228.652174
1524,1,122.120000,232.440000
1526,1,128.230769,227.500000
1527,1,128.807692,234.692308
1529,1,142.807692,224.384615
1531,1,147.760000,230.640000
1532,1,158.346154,225.769231
1534,1,167.964286,219.357143
1536,1,169.481481,225.444444
1540,1,93.480000,222.280000
1542,1,107.807692,233.884615
1545,1,117.000000,236.851852
1546,1,119.000000,235.318182
1547,1,128.923077,227.538462
1548,1,142.166667,229.291667
1550,1,144.592593,237.333333
1551,1,156.291667,228.625000
1552,1,142.200000,231.450000
1553,1,150.160000,227.160000
1554,1,153.625000,228.041667
1555,1,165.916667,226.250000
1557,1,94.208333,227.958333
1560,1,110.958333,236.250000
1561,1,117.962963,228.851852
1562,1,121.230769,223.923077
1563,1,126.125000,228.833333
1564,1,123.545455,232.045455
1566,1,139.923077,236.307692
1567,1,148.888889,232.814815
1568,1,152.260870,235.304348
1569,1,155.692308,234.961538
