ID,type,x COM, y COM
1,2,102.608696,23.956522
2,2,107.173913,22.478261
3,2,111.960000,22.120000
4,2,117.851852,22.666667
5,2,121.086957,25.565217
6,2,127.227273,21.636364
8,2,135.708333,21.916667
9,2,140.800000,22.720000
10,2,147.666667,23.625000
12,2,156.125000,21.458333
18,2,112.333333,27.481481
19,2,116.360000,27.680000
20,2,123.347826,26.739130
27,2,157.347826,27.000000
31,2,76.760000,35.160000
34,2,92.826087,32.260870
35,2,97.791667,32.375000
37,2,106.590909,31.681818
39,2,118.041667,32.291667
41,2,128.086957,31.826087
42,2,132.640000,33.080000
43,2,137.363636,32.000000
45,2,146.173913,32.260870
47,2,157.440000,31.400000
48,2,162.833333,32.500000
50,2,174.307692,31.653846
51,2,178.791667,31.000000
53,2,72.791667,35.625000
58,2,96.045455,36.545455
60,2,106.826087,36.956522
61,2,111.000000,37.259259
62,2,116.423077,37.153846
69,2,151.750000,35.208333
70,2,156.307692,36.653846
71,2,160.750000,37.035714
72,2,166.222222,37.481481
73,2,171.120000,37.120000
81,2,77.840000,42.920000
82,2,81.958333,41.291667
83,2,86.600000,40.560000
85,2,97.461538,42.038462
86,2,102.000000,42.285714
89,2,117.185185,41.592593
91,2,127.000000,41.565217
92,2,132.250000,43.125000
93,2,136.625000,43.166667
94,2,141.416667,42.458333
98,2,163.125000,42.916667
99,2,166.909091,42.318182
101,2,176.391304,42.304348
103,2,187.250000,42.678571
105,2,196.360000,41.680000
107,2,61.692308,46.653846
113,2,90.958333,48.166667
115,2,101.230769,47.538462
116,2,106.434783,46.652174
117,2,111.083333,47.083333
118,2,115.565217,47.173913
120,2,127.958333,47.166667
121,2,131.956522,48.043478
125,2,152.791667,45.500000
127,2,160.200000,46.680000
128,2,166.500000,48.230769
131,2,183.750000,46.916667
132,2,188.916667,48.333333
133,2,193.772727,48.772727
134,2,197.400000,46.080000
135,2,203.260870,47.478261
137,2,57.750000,51.750000
138,2,62.086957,53.086957
139,2,65.760000,51.320000
140,2,71.720000,52.040000
141,2,76.480000,52.040000
142,2,81.814815,51.777778
143,2,86.954545,51.954545
146,2,100.880000,54.120000
148,2,112.166667,51.750000
149,2,116.923077,53.038462
152,2,131.208333,53.333333
153,2,136.307692,52.076923
154,2,140.791667,53.750000
155,2,145.333333,52.000000
157,2,156.760000,52.720000
158,2,161.080000,51.480000
160,2,172.120000,52.040000
163,2,185.791667,52.583333
164,2,191.680000,52.520000
166,2,202.478261,53.173913
168,2,47.625000,56.458333
169,2,51.954545,57.272727
171,2,60.750000,57.500000
173,2,71.708333,57.291667
174,2,76.777778,56.481481
177,2,91.916667,57.083333
178,2,97.200000,58.280000
180,2,107.375000,56.791667
181,2,112.560000,56.360000
184,2,126.307692,56.807692
185,2,132.640000,56.960000
186,2,138.153846,58.346154
188,2,146.782609,56.391304
191,2,162.041667,56.625000
193,2,172.166667,57.583333
194,2,176.681818,56.454545
195,2,181.880000,57.880000
196,2,187.208333,56.958333
197,2,192.600000,56.600000
199,2,201.583333,57.583333
200,2,207.961538,57.153846
201,2,212.409091,58.454545
202,2,42.772727,62.181818
204,2,51.695652,62.347826
205,2,56.423077,61.692308
209,2,78.291667,60.833333
210,2,82.680000,60.680000
212,2,91.280000,62.600000
213,2,95.560000,62.560000
214,2,102.800000,61.080000
215,2,108.807692,62.038462
219,2,125.807692,63.115385
220,2,130.500000,62.000000
221,2,135.192308,61.653846
223,2,147.347826,62.086957
224,2,151.086957,63.217391
226,2,162.045455,61.681818
227,2,166.695652,60.913043
228,2,175.120000,60.680000
232,2,192.960000,61.200000
233,2,197.692308,61.653846
235,2,206.500000,61.833333
236,2,212.200000,62.960000
238,2,42.958333,66.916667
239,2,48.357143,67.500000
240,2,53.576923,67.153846
241,2,59.153846,66.038462
242,2,59.750000,69.625000
243,2,65.280000,65.840000
244,2,71.450000,66.300000
246,2,80.800000,66.560000
252,2,111.846154,66.807692
253,2,116.846154,67.769231
254,2,121.400000,67.000000
255,2,127.153846,67.576923
256,2,131.440000,67.680000
257,2,135.869565,66.826087
258,2,140.600000,65.600000
260,2,152.961538,68.730769
261,2,157.153846,65.192308
262,2,161.560000,67.160000
267,2,187.045455,66.636364
270,2,200.760000,68.000000
274,2,220.555556,68.333333
275,2,37.642857,71.321429
277,2,47.960000,71.840000
278,2,54.000000,71.857143
280,2,63.230769,72.115385
282,2,72.500000,71.038462
283,2,77.120000,71.760000
284,2,82.160000,71.680000
286,2,91.958333,71.875000
287,2,97.583333,71.833333
288,2,102.538462,73.115385
295,2,138.250000,70.625000
297,2,146.318182,72.636364
299,2,157.240000,71.640000
303,2,177.076923,72.115385
308,2,202.600000,73.880000
309,2,206.884615,72.692308
310,2,211.739130,72.043478
313,2,33.640000,76.960000
316,2,47.520000,76.000000
317,2,51.785714,77.178571
319,2,61.916667,77.583333
320,2,68.192308,75.500000
321,2,73.360000,76.720000
322,2,78.840000,76.360000
325,2,92.000000,76.875000
326,2,97.384615,75.730769
328,2,107.333333,76.333333
329,2,111.375000,77.625000
330,2,115.652174,78.173913
331,2,121.750000,77.583333
332,2,126.304348,76.000000
336,2,147.280000,76.480000
340,2,165.695652,76.869565
342,2,177.440000,77.360000
346,2,193.160000,77.840000
347,2,200.153846,77.230769
348,2,207.307692,77.730769
350,2,217.333333,77.666667
352,2,227.391304,76.565217
357,2,50.916667,81.875000
361,2,70.583333,80.958333
362,2,76.576923,82.076923
365,2,90.521739,81.869565
366,2,96.333333,81.416667
368,2,108.037037,81.888889
370,2,118.652174,82.086957
371,2,122.600000,82.600000
372,2,127.125000,81.000000
373,2,131.260870,82.173913
374,2,136.250000,80.750000
375,2,142.130435,80.826087
379,2,162.583333,80.750000
380,2,167.153846,82.692308
382,2,177.040000,82.040000
383,2,181.440000,83.000000
384,2,186.500000,82.153846
385,2,191.692308,82.269231
386,2,196.680000,81.200000
389,2,212.958333,80.833333
390,2,216.434783,83.434783
391,2,221.652174,82.173913
392,2,226.173913,83.434783
394,2,32.000000,88.000000
395,2,36.681818,86.454545
396,2,42.272727,87.272727
397,2,46.454545,88.318182
401,2,68.217391,87.217391
402,2,72.000000,86.260870
403,2,75.863636,86.363636
404,2,83.250000,87.750000
405,2,88.320000,86.200000
408,2,101.727273,86.272727
409,2,106.920000,85.800000
411,2,117.750000,87.541667
413,2,128.153846,86.038462
415,2,138.640000,84.480000
417,2,146.956522,86.260870
418,2,152.208333,87.125000
421,2,165.115385,87.192308
422,2,169.782609,87.739130
424,2,180.956522,88.434783
426,2,190.434783,86.913043
427,2,196.920000,86.040000
430,2,211.250000,85.958333
431,2,216.777778,87.592593
434,2,231.107143,85.750000
435,2,26.695652,92.565217
436,2,32.038462,92.423077
442,2,62.454545,90.136364
444,2,72.480000,92.520000
445,2,77.074074,91.111111
446,2,83.178571,91.250000
449,2,98.913043,90.652174
450,2,102.833333,91.250000
451,2,106.960000,91.920000
459,2,147.280000,91.600000
462,2,161.800000,93.320000
463,2,166.272727,92.409091
470,2,201.840000,90.440000
472,2,211.960000,92.160000
473,2,217.440000,92.200000
474,2,222.296296,92.111111
476,2,232.884615,92.000000
477,2,27.040000,98.040000
479,2,37.620690,97.896552
480,2,42.333333,96.629630
481,2,48.333333,96.333333
482,2,52.958333,97.666667
483,2,58.041667,97.583333
485,2,66.173913,95.391304
490,2,92.260870,96.304348
492,2,101.416667,96.666667
493,2,105.880000,97.440000
497,2,127.560000,98.800000
498,2,131.888889,97.407407
501,2,147.846154,96.961538
504,2,162.130435,98.260870
507,2,176.222222,96.333333
508,2,181.590909,97.090909
509,2,187.000000,96.083333
511,2,198.153846,96.846154
513,2,206.214286,98.178571
515,2,216.416667,97.541667
517,2,225.400000,96.600000
518,2,232.480000,97.680000
519,2,236.600000,96.320000
520,2,23.416667,101.333333
522,2,31.565217,101.608696
523,2,35.875000,102.416667
525,2,46.480000,100.840000
526,2,51.040000,102.400000
528,2,60.962963,102.777778
532,2,82.653846,102.038462
534,2,91.000000,101.038462
535,2,95.434783,101.782609
537,2,106.227273,102.090909
540,2,123.217391,99.391304
542,2,131.772727,102.318182
543,2,137.375000,102.166667
546,2,151.666667,102.208333
548,2,163.320000,101.960000
550,2,172.227273,102.181818
551,2,177.142857,100.142857
552,2,180.846154,102.461538
556,2,201.407407,101.518519
557,2,205.333333,103.916667
558,2,212.173913,101.260870
560,2,223.727273,101.545455
561,2,226.640000,102.560000
563,2,235.423077,101.961538
565,2,29.136364,107.681818
567,2,37.666667,106.750000
571,2,58.333333,107.583333
576,2,80.807692,108.500000
578,2,93.130435,106.391304
582,2,111.925926,105.518519
583,2,116.730769,106.769231
585,2,126.040000,107.400000
586,2,131.280000,107.320000
589,2,147.880000,106.400000
590,2,153.120000,107.800000
591,2,157.125000,108.000000
594,2,171.833333,107.458333
595,2,176.043478,105.652174
597,2,186.040000,107.280000
600,2,201.777778,107.481481
602,2,212.280000,106.920000
605,2,226.565217,108.869565
608,2,22.192308,113.230769
609,2,26.739130,111.826087
611,2,38.000000,111.920000
612,2,43.173913,111.000000
614,2,51.480000,112.680000
618,2,71.521739,112.000000
619,2,76.478261,112.913043
620,2,84.086957,111.478261
624,2,104.347826,110.043478
627,2,116.565217,111.913043
628,2,122.115385,111.461538
629,2,127.000000,112.250000
630,2,131.916667,112.083333
632,2,142.160000,110.920000
633,2,147.000000,111.320000
641,2,186.423077,111.615385
643,2,197.384615,110.076923
644,2,202.416667,113.791667
646,2,212.166667,112.625000
648,2,220.923077,111.692308
649,2,228.560000,112.840000
653,2,26.840000,117.320000
656,2,42.153846,116.307692
657,2,45.826087,118.217391
661,2,67.192308,117.461538
670,2,111.692308,117.423077
672,2,120.954545,116.000000
673,2,125.739130,117.304348
675,2,134.956522,115.695652
678,2,151.440000,117.760000
680,2,160.520000,119.000000
681,2,168.480000,118.520000
682,2,173.086957,116.782609
683,2,177.409091,115.318182
689,2,205.880000,116.800000
693,2,226.083333,116.583333
694,2,232.333333,117.407407
697,2,26.400000,122.280000
702,2,50.791667,123.666667
705,2,66.956522,121.521739
706,2,72.636364,124.181818
714,2,112.576923,121.846154
716,2,121.434783,121.608696
718,2,132.541667,121.125000
720,2,142.260870,122.391304
721,2,146.535714,120.071429
722,2,151.500000,121.500000
723,2,158.192308,122.692308
726,2,172.379310,122.275862
728,2,182.357143,122.928571
730,2,192.040000,123.000000
731,2,197.000000,121.791667
732,2,203.111111,121.555556
738,2,229.869565,120.652174
741,2,27.600000,126.600000
742,2,31.333333,127.375000
743,2,35.923077,127.461538
745,2,46.285714,126.714286
749,2,67.481481,125.740741
752,2,82.750000,128.500000
753,2,86.913043,125.782609
758,2,112.045455,127.045455
762,2,132.360000,126.360000
764,2,142.333333,126.916667
766,2,152.260870,126.434783
770,2,171.125000,128.041667
773,2,187.260870,127.608696
774,2,191.280000,127.840000
775,2,197.192308,126.846154
776,2,201.375000,126.458333
777,2,206.160000,126.440000
778,2,211.960000,126.840000
785,2,26.416667,131.541667
787,2,38.344828,132.379310
788,2,42.720000,130.520000
789,2,48.227273,131.181818
794,2,73.695652,134.391304
796,2,82.826087,132.304348
797,2,88.000000,131.166667
801,2,105.904762,132.666667
804,2,122.230769,129.230769
806,2,133.160000,130.880000
807,2,136.250000,132.291667
808,2,141.833333,132.250000
811,2,157.285714,132.190476
812,2,161.160000,132.880000
814,2,172.880000,132.560000
816,2,183.153846,129.923077
818,2,192.555556,131.851852
819,2,196.423077,132.538462
820,2,201.916667,132.041667
823,2,217.320000,132.560000
826,2,231.833333,132.666667
827,2,236.666667,131.750000
829,2,27.791667,137.000000
830,2,32.708333,135.958333
834,2,51.250000,137.791667
836,2,61.185185,135.814815
838,2,69.880000,136.360000
840,2,84.125000,136.541667
841,2,88.629630,137.370370
842,2,92.521739,137.304348
843,2,97.166667,137.000000
846,2,111.038462,137.269231
851,2,135.851852,137.925926
855,2,155.750000,135.875000
856,2,161.916667,138.500000
860,2,182.240000,136.400000
861,2,187.476190,136.904762
862,2,191.961538,138.115385
863,2,197.259259,136.814815
864,2,202.730769,136.846154
866,2,213.076923,137.807692
867,2,217.760000,136.720000
868,2,223.120000,138.400000
869,2,228.500000,136.250000
871,2,237.500000,137.500000
874,2,31.600000,140.840000
875,2,36.840000,141.120000
876,2,42.000000,141.600000
877,2,46.846154,142.846154
878,2,52.653846,142.307692
880,2,61.291667,141.416667
881,2,66.740741,141.814815
882,2,72.807692,140.615385
887,2,96.961538,141.076923
888,2,102.409091,143.272727
889,2,108.000000,141.807692
890,2,112.269231,141.461538
891,2,117.000000,142.260870
894,2,131.166667,143.750000
896,2,143.086957,141.565217
897,2,148.500000,142.000000
901,2,166.714286,139.809524
903,2,176.000000,143.000000
904,2,182.280000,142.200000
907,2,197.120000,141.720000
908,2,202.080000,142.160000
909,2,206.750000,141.375000
910,2,211.400000,141.560000
911,2,216.739130,142.304348
912,2,220.875000,142.166667
913,2,226.769231,141.807692
915,2,238.304348,144.434783
917,2,27.423077,146.615385
918,2,31.846154,147.038462
920,2,41.423077,146.076923
922,2,51.071429,147.142857
923,2,56.520000,146.920000
930,2,91.961538,146.538462
932,2,102.200000,147.600000
933,2,107.310345,147.551724
934,2,112.640000,146.720000
935,2,118.541667,147.458333
938,2,131.782609,149.086957
941,2,145.636364,145.954545
942,2,150.680000,147.000000
946,2,172.653846,147.038462
947,2,177.769231,147.730769
948,2,182.074074,146.740741
949,2,186.807692,147.846154
950,2,192.000000,147.500000
951,2,197.272727,146.818182
953,2,207.961538,146.076923
956,2,223.000000,147.000000
957,2,227.500000,147.846154
961,2,25.791667,151.125000
962,2,30.846154,152.115385
963,2,35.884615,152.000000
964,2,41.086957,150.173913
969,2,65.800000,151.760000
972,2,82.160000,151.800000
973,2,86.958333,151.708333
974,2,93.400000,151.360000
975,2,97.560000,151.600000
979,2,115.869565,150.521739
981,2,125.833333,152.833333
982,2,129.318182,152.590909
990,2,171.583333,151.500000
991,2,177.800000,152.880000
992,2,182.750000,152.583333
993,2,187.434783,152.695652
995,2,197.720000,151.000000
996,2,203.400000,151.880000
998,2,208.692308,152.346154
1004,2,22.416667,155.625000
1006,2,33.333333,157.500000
1008,2,40.538462,154.653846
1011,2,56.083333,158.083333
1013,2,67.280000,156.880000
1014,2,72.250000,156.892857
1015,2,78.000000,156.913043
1019,2,95.130435,157.565217
1021,2,109.416667,159.291667
1022,2,113.208333,158.583333
1024,2,122.185185,158.259259
1025,2,127.125000,157.375000
1026,2,133.480000,156.480000
1027,2,137.925926,156.518519
1032,2,161.800000,155.320000
1034,2,171.875000,157.000000
1035,2,175.320000,156.760000
1040,2,201.040000,156.040000
1045,2,226.217391,156.826087
1046,2,230.782609,157.956522
1047,2,235.869565,156.260870
1050,2,36.708333,162.666667
1052,2,47.038462,163.500000
1054,2,56.590909,162.181818
1056,2,66.800000,161.960000
1060,2,86.115385,161.730769
1061,2,91.291667,161.916667
1062,2,97.440000,160.960000
1065,2,111.962963,164.407407
1066,2,116.538462,162.000000
1068,2,127.692308,161.807692
1070,2,137.185185,162.185185
1071,2,143.920000,162.040000
1072,2,148.318182,161.500000
1073,2,153.160000,161.960000
1076,2,167.440000,159.560000
1077,2,171.370370,162.777778
1081,2,192.115385,161.961538
1082,2,197.560000,160.320000
1085,2,212.434783,160.478261
1087,2,222.080000,161.360000
1088,2,226.291667,161.791667
1089,2,232.960000,161.880000
1094,2,41.652174,165.391304
1100,2,70.185185,166.518519
1106,2,102.080000,167.800000
1107,2,107.461538,166.307692
1108,2,112.480000,169.120000
1111,2,126.727273,166.500000
1112,2,131.961538,166.653846
1115,2,148.840000,166.840000
1117,2,157.250000,165.000000
1118,2,161.000000,169.045455
1120,2,172.640000,167.040000
1121,2,178.173913,167.260870
1123,2,187.880000,167.280000
1124,2,191.958333,166.541667
1125,2,196.846154,165.423077
1127,2,206.608696,168.304348
1128,2,211.916667,168.333333
1132,2,233.461538,167.000000
1133,2,26.840000,170.400000
1139,2,56.960000,171.440000
1143,2,77.884615,173.230769
1145,2,85.480000,171.800000
1147,2,97.615385,170.384615
1150,2,111.280000,173.320000
1151,2,116.333333,172.333333
1153,2,127.000000,170.833333
1154,2,131.884615,171.961538
1156,2,141.884615,172.500000
1157,2,146.708333,171.708333
1159,2,156.760000,170.600000
1162,2,171.590909,172.090909
1165,2,187.111111,174.555556
1166,2,190.875000,172.000000
1167,2,195.666667,171.000000
1168,2,201.535714,172.071429
1169,2,207.920000,172.600000
1170,2,212.190476,172.809524
1175,2,32.521739,176.913043
1178,2,49.727273,178.000000
1180,2,58.041667,176.375000
1181,2,62.958333,176.208333
1183,2,73.208333,176.458333
1184,2,76.523810,177.238095
1186,2,86.782609,176.652174
1187,2,92.346154,177.000000
1190,2,106.760000,176.880000
1193,2,122.481481,177.703704
1195,2,132.200000,177.760000
1197,2,141.840000,177.200000
1198,2,147.407407,176.851852
1199,2,152.400000,177.350000
1209,2,202.086957,177.782609
1210,2,205.916667,177.208333
1213,2,221.478261,176.652174
1215,2,32.130435,180.913043
1216,2,37.551724,181.724138
1217,2,42.200000,182.680000
1218,2,47.000000,182.043478
1219,2,52.208333,181.583333
1220,2,57.592593,181.111111
1231,2,112.777778,181.962963
1232,2,118.000000,182.173913
1235,2,132.884615,182.461538
1236,2,137.720000,182.000000
1237,2,142.045455,180.818182
1238,2,148.120000,181.600000
1241,2,162.291667,182.333333
1242,2,166.608696,183.304348
1243,2,171.880000,181.360000
1244,2,176.111111,180.370370
1249,2,202.961538,183.115385
1251,2,210.916667,185.083333
1254,2,225.391304,182.434783
1258,2,52.416667,185.833333
1261,2,68.160000,186.680000
1262,2,72.444444,184.481481
1264,2,83.600000,187.040000
1269,2,108.923077,187.192308
1270,2,113.000000,186.958333
1271,2,117.652174,187.086957
1272,2,121.750000,187.125000
1275,2,136.916667,187.500000
1276,2,142.173913,185.086957
1277,2,146.615385,186.500000
1279,2,157.541667,187.375000
1282,2,173.120000,185.680000
1283,2,177.720000,187.000000
1284,2,181.583333,187.833333
1287,2,196.347826,188.217391
1290,2,211.173913,189.782609
1291,2,215.714286,185.571429
1292,2,221.600000,186.840000
1293,2,38.636364,192.272727
1295,2,48.000000,192.500000
1297,2,57.629630,193.000000
1298,2,62.217391,191.217391
1299,2,68.320000,192.080000
1302,2,82.269231,192.038462
1305,2,97.500000,192.538462
1308,2,111.125000,193.041667
1312,2,132.083333,191.916667
1314,2,141.840000,190.200000
1315,2,145.863636,191.818182
1317,2,156.148148,191.074074
1318,2,161.125000,192.875000
1320,2,172.041667,189.958333
1322,2,181.444444,192.444444
1325,2,196.333333,193.583333
1326,2,200.500000,190.916667
1328,2,211.500000,193.692308
1329,2,217.200000,190.360000
1330,2,222.500000,192.000000
1334,2,57.409091,197.818182
1336,2,66.125000,197.500000
1344,2,106.458333,197.250000
1346,2,117.000000,197.500000
1349,2,132.240000,196.880000
1350,2,137.181818,198.000000
1354,2,156.346154,196.576923
1357,2,172.480000,198.560000
1358,2,177.040000,196.400000
1359,2,182.961538,196.769231
1360,2,187.500000,195.307692
1361,2,191.615385,196.500000
1363,2,201.958333,196.041667
1365,2,213.920000,196.840000
1366,2,218.260870,195.869565
1368,2,52.095238,202.714286
1369,2,57.280000,202.160000
1370,2,61.846154,202.461538
1372,2,73.458333,202.000000
1375,2,87.043478,204.391304
1377,2,96.000000,202.500000
1381,2,117.360000,201.800000
1382,2,123.166667,201.416667
1383,2,127.958333,202.208333
1384,2,132.321429,202.750000
1385,2,136.956522,202.260870
1386,2,141.708333,201.958333
1387,2,146.923077,203.115385
1391,2,165.960000,203.120000
1392,2,171.846154,202.500000
1396,2,191.777778,202.666667
1399,2,207.833333,203.125000
1400,2,210.708333,200.708333
1402,2,57.565217,207.391304
1403,2,62.080000,207.720000
1406,2,77.347826,206.652174
1411,2,102.640000,206.880000
1412,2,107.260870,207.695652
1414,2,116.681818,207.818182
1417,2,132.434783,207.434783
1418,2,138.826087,206.086957
1419,2,141.826087,207.913043
1420,2,146.961538,208.576923
1421,2,151.000000,206.318182
1422,2,155.869565,206.260870
1423,2,161.272727,207.227273
1424,2,166.384615,207.923077
1425,2,171.640000,206.720000
1427,2,183.000000,207.269231
1428,2,187.346154,206.423077
1429,2,191.800000,207.960000
1435,2,65.913043,211.391304
1440,2,92.640000,211.320000
1446,2,120.920000,209.560000
1448,2,131.608696,211.347826
1450,2,143.000000,212.130435
1451,2,147.681818,213.136364
1454,2,161.440000,211.600000
1455,2,167.692308,211.846154
1456,2,172.230769,212.000000
1458,2,183.000000,212.038462
1459,2,188.041667,212.791667
1464,2,67.391304,216.043478
1466,2,77.458333,216.375000
1467,2,81.727273,216.863636
1468,2,86.555556,218.074074
1470,2,97.333333,215.962963
1476,2,126.666667,216.888889
1478,2,135.800000,216.640000
1480,2,147.125000,217.666667
1484,2,167.000000,218.666667
1485,2,169.958333,217.041667
1486,2,175.758621,216.275862
1487,2,181.730769,216.269231
1488,2,187.173913,217.608696
1493,2,78.869565,221.608696
1494,2,83.760000,222.560000
1496,2,92.444444,219.740741
1497,2,97.360000,221.040000
1498,2,101.000000,223.181818
1500,2,110.583333,224.000000
1505,2,137.840000,221.240000
1508,2,151.360000,222.240000
1509,2,155.958333,221.708333
1510,2,163.583333,221.291667
1512,2,173.166667,221.000000
1514,2,181.041667,221.041667
1515,2,186.166667,222.208333
1516,2,191.043478,220.869565
1518,2,81.590909,226.545455
1521,2,96.240000,226.560000
1522,2,101.923077,227.230769
1523,2,107.615385,227.961538
1528,2,130.384615,227.269231
1530,2,143.307692,226.615385
1532,2,152.739130,227.173913
1533,2,157.791667,226.125000
1535,2,166.040000,225.560000
1537,2,176.416667,229.333333
1540,2,92.400000,232.120000
1541,2,97.130435,231.608696
1544,2,112.130435,234.478261
1546,2,121.916667,231.750000
1547,2,127.666667,232.148148
1548,2,132.240000,232.080000
1551,2,146.240000,231.320000
1552,2,151.416667,231.833333
1553,2,156.333333,231.583333
1554,2,160.958333,230.291667
1555,2,165.600000,233.240000
1559,2,106.625000,237.000000
1560,2,111.434783,238.652174
1561,2,117.148148,236.740741
1562,2,122.400000,236.600000
1566,2,141.520000,237.880000
1567,2,147.086957,236.434783
1568,2,151.240000,237.480000
1570,2,160.625000,236.541667
7,1,132.960000,23.720000
11,1,153.192308,23.692308
13,1,87.038462,27.961538
14,1,94.250000,27.250000
15,1,97.739130,25.913043
16,1,101.166667,29.041667
17,1,107.708333,27.541667
21,1,127.875000,27.291667
22,1,131.000000,26.320000
23,1,137.769231,26.730769
24,1,142.750000,28.041667
25,1,144.454545,28.954545
26,1,151.750000,30.583333
28,1,162.043478,26.478261
29,1,166.555556,28.111111
30,1,169.461538,27.730769
32,1,82.925926,31.444444
33,1,89.538462,30.653846
36,1,103.000000,33.708333
38,1,112.333333,32.750000
40,1,123.240000,32.600000
44,1,141.166667,35.166667
46,1,149.541667,28.166667
49,1,168.250000,32.541667
52,1,176.739130,39.608696
54,1,80.208333,36.833333
55,1,82.960000,34.040000
56,1,87.875000,37.208333
57,1,92.083333,39.750000
59,1,101.260870,36.869565
63,1,122.571429,37.142857
64,1,127.440000,37.040000
65,1,132.458333,36.958333
66,1,135.782609,38.478261
67,1,142.333333,37.750000
68,1,148.565217,37.782609
74,1,178.884615,37.961538
75,1,182.076923,36.500000
76,1,186.040000,35.360000
77,1,190.960000,38.280000
78,1,62.560000,43.000000
79,1,69.833333,42.041667
80,1,71.846154,40.384615
84,1,91.608696,43.347826
87,1,106.083333,42.166667
88,1,111.625000,42.208333
90,1,123.000000,42.481481
95,1,146.880000,42.920000
96,1,151.692308,40.653846
97,1,157.222222,43.111111
100,1,170.346154,43.230769
102,1,181.538462,42.192308
104,1,191.782609,42.913043
106,1,57.260870,47.782609
108,1,67.423077,45.076923
109,1,71.035714,47.607143
110,1,76.560000,46.720000
111,1,83.884615,46.269231
112,1,85.826087,46.695652
114,1,96.111111,48.814815
119,1,119.272727,46.136364
122,1,138.291667,47.625000
123,1,142.615385,47.307692
124,1,147.318182,46.590909
126,1,154.360000,47.520000
129,1,173.185185,47.407407
130,1,177.384615,46.730769
136,1,52.458333,52.250000
144,1,92.583333,52.208333
145,1,96.730769,50.730769
147,1,106.153846,51.038462
150,1,122.240000,49.040000
151,1,126.160000,51.440000
156,1,150.916667,51.916667
159,1,166.800000,53.960000
161,1,178.520000,52.760000
162,1,181.608696,50.608696
165,1,198.958333,50.458333
167,1,206.173913,53.652174
170,1,56.160000,56.600000
172,1,66.692308,57.230769
175,1,83.217391,57.000000
176,1,87.520000,57.160000
179,1,103.583333,55.958333
182,1,118.360000,57.760000
183,1,122.600000,57.640000
187,1,143.458333,60.750000
189,1,151.925926,55.555556
190,1,158.038462,58.961538
192,1,167.346154,54.769231
198,1,197.304348,54.869565
203,1,47.160000,62.080000
206,1,62.960000,62.040000
207,1,69.160000,60.960000
208,1,71.360000,62.080000
211,1,85.923077,63.038462
216,1,113.115385,60.692308
217,1,117.695652,62.869565
218,1,122.440000,57.480000
222,1,143.857143,61.821429
225,1,154.360000,60.640000
229,1,174.333333,67.074074
230,1,178.041667,63.125000
231,1,187.080000,61.200000
234,1,202.269231,63.384615
237,1,218.666667,63.541667
245,1,76.125000,65.375000
247,1,88.166667,66.958333
248,1,91.000000,68.769231
249,1,97.250000,67.041667
250,1,101.434783,65.521739
251,1,106.400000,66.560000
259,1,148.120000,68.240000
263,1,166.107143,66.857143
264,1,170.434783,64.826087
265,1,179.240000,67.080000
266,1,182.851852,65.370370
268,1,190.083333,67.416667
269,1,194.291667,66.125000
271,1,206.384615,67.846154
272,1,210.653846,67.153846
273,1,215.500000,66.416667
276,1,42.440000,72.640000
279,1,57.923077,75.423077
281,1,67.962963,70.407407
285,1,85.739130,72.391304
289,1,104.666667,69.833333
290,1,109.576923,71.461538
291,1,114.458333,72.708333
292,1,118.800000,73.200000
293,1,123.576923,72.153846
294,1,129.739130,72.521739
296,1,141.740741,72.444444
298,1,152.080000,74.840000
300,1,163.000000,71.222222
301,1,169.560000,73.080000
302,1,170.185185,70.666667
304,1,182.840000,73.440000
305,1,185.000000,71.307692
306,1,192.791667,72.083333
307,1,196.958333,69.333333
311,1,220.346154,75.115385
312,1,219.518519,71.740741
314,1,40.208333,79.125000
315,1,39.640000,76.120000
318,1,57.320000,78.120000
323,1,80.833333,79.500000
324,1,84.846154,78.653846
327,1,100.807692,78.730769
333,1,133.074074,76.703704
334,1,133.958333,73.666667
335,1,140.615385,74.769231
337,1,152.320000,80.360000
338,1,155.240000,76.160000
339,1,159.892857,76.750000
341,1,171.037037,77.000000
343,1,182.592593,77.444444
344,1,190.130435,74.000000
345,1,193.500000,74.923077
349,1,212.869565,76.260870
351,1,223.920000,77.480000
353,1,35.125000,80.833333
354,1,34.960000,83.720000
355,1,43.807692,80.538462
356,1,46.846154,83.576923
358,1,56.320000,83.080000
359,1,65.500000,82.000000
360,1,64.040000,81.640000
363,1,81.920000,84.280000
364,1,87.160000,78.680000
367,1,102.416667,81.416667
369,1,113.888889,83.629630
376,1,145.160000,81.240000
377,1,150.041667,82.916667
378,1,156.913043,80.869565
381,1,171.680000,81.160000
387,1,202.920000,81.840000
388,1,207.384615,82.384615
393,1,27.913043,87.043478
398,1,50.750000,88.892857
399,1,55.840000,88.040000
400,1,60.750000,85.875000
406,1,92.555556,86.259259
407,1,94.538462,87.923077
410,1,111.280000,87.880000
412,1,122.481481,88.333333
414,1,134.086957,86.695652
416,1,140.111111,88.111111
419,1,158.000000,85.708333
420,1,161.173913,87.956522
423,1,175.571429,85.964286
425,1,185.500000,86.846154
428,1,201.259259,86.296296
429,1,207.115385,88.115385
432,1,221.750000,87.050000
433,1,227.360000,88.360000
437,1,37.625000,91.958333
438,1,41.384615,91.192308
439,1,48.200000,93.040000
440,1,55.200000,92.160000
441,1,59.384615,92.730769
443,1,67.592593,91.629630
447,1,87.071429,94.250000
448,1,94.560000,91.080000
452,1,113.826087,94.826087
453,1,112.280000,91.400000
454,1,123.043478,90.391304
455,1,128.111111,91.851852
456,1,131.695652,91.826087
457,1,135.708333,94.208333
458,1,142.391304,90.521739
460,1,152.791667,91.375000
461,1,155.814815,92.851852
464,1,172.680000,91.080000
465,1,174.625000,91.458333
466,1,182.259259,92.148148
467,1,187.680000,92.320000
468,1,192.666667,91.074074
469,1,195.347826,92.739130
471,1,207.384615,93.192308
475,1,227.413793,92.620690
478,1,32.296296,96.592593
484,1,62.833333,98.125000
486,1,70.521739,97.521739
487,1,77.230769,97.884615
488,1,83.043478,97.478261
489,1,84.965517,97.068966
491,1,96.695652,95.826087
494,1,110.538462,97.923077
495,1,118.807692,96.423077
496,1,122.130435,93.521739
499,1,136.166667,95.958333
500,1,141.307692,95.230769
502,1,152.652174,96.347826
503,1,157.040000,96.680000
505,1,166.916667,97.041667
506,1,171.083333,96.375000
510,1,192.750000,97.583333
512,1,201.629630,94.777778
514,1,211.961538,97.000000
516,1,220.384615,98.769231
521,1,26.913043,103.347826
524,1,41.400000,102.760000
527,1,55.875000,103.208333
529,1,67.250000,101.833333
530,1,72.000000,102.750000
531,1,76.851852,101.296296
533,1,86.148148,105.185185
536,1,100.185185,101.444444
538,1,114.920000,99.920000
539,1,116.521739,101.347826
541,1,125.666667,103.500000
544,1,142.357143,98.571429
545,1,146.592593,102.259259
547,1,156.250000,101.821429
549,1,167.500000,103.538462
553,1,185.615385,101.076923
554,1,190.407407,101.518519
555,1,196.440000,102.200000
559,1,216.240000,103.280000
562,1,230.153846,102.500000
564,1,24.080000,107.600000
566,1,32.520000,108.240000
568,1,45.136364,105.000000
569,1,49.208333,107.750000
570,1,54.000000,107.423077
572,1,61.846154,109.230769
573,1,67.076923,105.153846
574,1,73.960000,107.480000
575,1,77.200000,105.280000
577,1,88.400000,107.720000
579,1,98.000000,108.230769
580,1,101.500000,105.423077
581,1,107.384615,107.692308
584,1,120.851852,105.222222
587,1,138.192308,106.346154
588,1,142.333333,104.958333
592,1,160.733333,107.000000
593,1,167.423077,108.769231
596,1,180.320000,107.560000
598,1,190.481481,105.074074
599,1,195.230769,106.884615
601,1,208.846154,106.692308
603,1,218.833333,105.791667
604,1,221.920000,107.800000
606,1,232.480000,109.160000
607,1,236.666667,106.041667
610,1,32.619048,112.238095
613,1,44.761905,109.809524
615,1,57.125000,112.916667
616,1,64.814815,113.555556
617,1,67.560000,109.320000
621,1,89.320000,112.360000
622,1,92.956522,112.652174
623,1,97.769231,113.153846
625,1,108.560000,111.880000
626,1,112.666667,111.666667
631,1,136.827586,110.103448
634,1,150.560000,113.320000
635,1,157.916667,115.500000
636,1,162.600000,111.200000
637,1,164.814815,113.666667
638,1,169.178571,113.464286
639,1,176.000000,111.200000
640,1,182.000000,112.178571
642,1,192.370370,111.851852
645,1,206.440000,111.520000
647,1,214.640000,115.000000
650,1,234.000000,112.041667
651,1,236.913043,110.347826
652,1,21.680000,118.960000
654,1,32.560000,116.720000
655,1,36.043478,115.956522
658,1,49.148148,115.444444
659,1,55.080000,117.920000
660,1,61.153846,116.653846
662,1,71.851852,118.074074
663,1,75.760000,117.720000
664,1,80.615385,116.000000
665,1,85.000000,117.960000
666,1,91.080000,116.960000
667,1,97.777778,117.518519
668,1,103.259259,119.851852
669,1,103.480000,113.960000
671,1,116.538462,117.500000
674,1,129.758621,117.689655
676,1,138.692308,116.384615
677,1,143.391304,116.217391
679,1,154.827586,113.827586
684,1,181.958333,117.208333
685,1,186.400000,118.320000
686,1,191.208333,116.333333
687,1,196.807692,114.807692
688,1,198.846154,117.923077
690,1,210.739130,116.086957
691,1,218.120000,115.760000
692,1,221.520000,116.080000
695,1,237.200000,118.960000
696,1,21.777778,123.296296
698,1,32.678571,122.321429
699,1,36.960000,122.720000
700,1,39.840000,120.440000
701,1,47.434783,121.347826
703,1,55.346154,122.461538
704,1,60.291667,120.666667
707,1,78.960000,123.720000
708,1,80.680000,120.760000
709,1,86.038462,121.538462
710,1,91.464286,121.500000
711,1,100.923077,120.230769
712,1,98.280000,123.960000
713,1,107.520000,120.400000
715,1,118.000000,122.363636
717,1,126.615385,122.884615
719,1,138.280000,121.320000
724,1,163.500000,122.125000
725,1,166.703704,124.111111
727,1,177.884615,120.884615
729,1,187.857143,121.357143
733,1,208.280000,121.280000
734,1,213.384615,122.846154
735,1,218.863636,121.090909
736,1,218.869565,122.608696
737,1,225.538462,122.153846
739,1,235.545455,122.863636
740,1,22.520000,129.360000
744,1,42.160000,125.440000
746,1,52.269231,127.730769
747,1,58.136364,125.363636
748,1,62.800000,126.400000
750,1,72.384615,128.923077
751,1,77.192308,126.615385
754,1,93.034483,127.758621
755,1,97.111111,124.962963
756,1,103.423077,129.538462
757,1,109.416667,129.958333
759,1,115.041667,128.541667
760,1,124.400000,126.800000
761,1,125.615385,129.230769
763,1,137.440000,126.240000
765,1,146.958333,126.291667
767,1,155.760000,127.360000
768,1,160.785714,127.892857
769,1,166.961538,129.653846
771,1,176.107143,125.785714
772,1,179.391304,128.304348
779,1,217.884615,127.846154
780,1,223.821429,129.000000
781,1,230.423077,126.000000
782,1,222.869565,128.739130
783,1,234.809524,126.809524
784,1,22.960000,134.640000
786,1,32.227273,131.772727
790,1,52.500000,132.846154
791,1,57.851852,129.814815
792,1,65.500000,131.458333
793,1,64.888889,131.037037
795,1,77.714286,132.714286
798,1,93.200000,132.080000
799,1,97.962963,132.037037
800,1,106.666667,125.375000
802,1,115.038462,132.961538
803,1,116.391304,133.434783
805,1,127.240000,130.960000
809,1,147.740741,131.333333
810,1,151.125000,130.958333
813,1,165.730769,134.307692
815,1,178.080000,132.640000
817,1,185.769231,133.153846
821,1,207.615385,131.076923
822,1,211.440000,131.880000
824,1,224.869565,132.695652
825,1,226.818182,129.545455
828,1,22.037037,138.814815
831,1,38.800000,136.080000
832,1,43.250000,137.750000
833,1,46.920000,136.640000
835,1,55.958333,136.291667
837,1,65.269231,136.576923
839,1,77.666667,138.259259
844,1,102.153846,135.230769
845,1,103.629630,137.851852
847,1,118.307692,136.269231
848,1,124.869565,137.826087
849,1,126.615385,135.076923
850,1,131.500000,139.583333
852,1,141.083333,136.000000
853,1,145.666667,135.000000
854,1,151.125000,137.583333
857,1,169.120000,137.960000
858,1,173.423077,136.923077
859,1,177.608696,138.782609
865,1,207.444444,135.962963
870,1,233.240000,137.360000
872,1,20.080000,142.360000
873,1,25.888889,141.962963
879,1,57.454545,141.500000
883,1,75.423077,143.807692
884,1,81.400000,142.440000
885,1,86.074074,143.407407
886,1,91.166667,142.750000
892,1,121.666667,139.962963
893,1,128.481481,143.037037
895,1,138.964286,141.964286
898,1,152.370370,142.148148
899,1,158.035714,143.178571
900,1,161.148148,141.740741
902,1,171.076923,142.192308
905,1,187.230769,141.961538
906,1,191.739130,143.043478
914,1,232.416667,141.250000
916,1,21.916667,146.708333
919,1,36.040000,146.040000
921,1,46.666667,149.481481
924,1,61.769231,146.461538
925,1,66.565217,147.000000
926,1,70.607143,148.000000
927,1,80.782609,144.956522
928,1,75.720000,146.280000
929,1,86.125000,146.791667
931,1,97.407407,146.407407
936,1,122.576923,144.307692
937,1,124.482759,147.793103
939,1,136.115385,145.653846
940,1,140.760000,146.440000
943,1,156.760000,146.760000
944,1,162.730769,146.538462
945,1,166.695652,148.304348
952,1,201.916667,146.666667
954,1,213.160000,148.000000
955,1,216.666667,147.518519
958,1,231.962963,145.629630
959,1,233.956522,147.347826
960,1,24.333333,154.851852
965,1,46.086957,154.565217
966,1,52.769231,152.461538
967,1,55.916667,151.916667
968,1,60.458333,151.916667
970,1,72.120000,152.520000
971,1,77.153846,151.346154
976,1,103.916667,154.541667
977,1,105.666667,151.740741
978,1,110.880000,152.720000
980,1,120.909091,153.772727
983,1,136.291667,151.416667
984,1,141.565217,151.217391
985,1,145.888889,153.074074
986,1,151.640000,152.520000
987,1,155.160000,150.080000
988,1,161.269231,151.076923
989,1,167.153846,153.230769
994,1,193.960000,152.400000
997,1,211.217391,153.173913
999,1,215.777778,153.518519
1000,1,220.320000,151.400000
1001,1,227.269231,153.153846
1002,1,230.875000,152.958333
1003,1,236.043478,150.478261
1005,1,28.880000,157.960000
1007,1,37.920000,158.160000
1009,1,46.960000,158.600000
1010,1,50.583333,155.041667
1012,1,62.259259,156.000000
1016,1,84.480000,156.800000
1017,1,86.038462,156.576923
1018,1,91.360000,156.160000
1020,1,100.703704,158.111111
1023,1,116.666667,155.444444
1028,1,144.444444,157.925926
1029,1,144.333333,154.777778
1030,1,151.541667,157.375000
1031,1,157.321429,155.964286
1033,1,163.208333,160.833333
1036,1,181.920000,157.360000
1037,1,186.384615,158.730769
1038,1,190.833333,156.583333
1039,1,195.440000,156.760000
1041,1,207.000000,159.321429
1042,1,209.692308,157.423077
1043,1,218.708333,162.083333
1044,1,219.458333,153.833333
1048,1,26.043478,162.652174
1049,1,31.565217,162.521739
1051,1,42.583333,160.875000
1053,1,51.130435,161.956522
1055,1,61.318182,160.227273
1057,1,72.769231,161.230769
1058,1,74.958333,163.250000
1059,1,81.080000,162.960000
1063,1,104.785714,159.928571
1064,1,103.576923,162.269231
1067,1,122.423077,164.000000
1069,1,132.760000,161.880000
1074,1,159.692308,161.115385
1075,1,163.400000,164.040000
1078,1,177.040000,162.080000
1079,1,182.041667,162.083333
1080,1,183.652174,160.869565
1083,1,202.035714,162.500000
1084,1,206.807692,163.192308
1086,1,216.869565,161.391304
1090,1,236.913043,161.782609
1091,1,29.461538,167.538462
1092,1,34.115385,169.307692
1093,1,35.576923,167.230769
1095,1,44.080000,169.760000
1096,1,53.083333,167.250000
1097,1,56.769231,166.307692
1098,1,62.120000,165.200000
1099,1,62.000000,169.440000
1101,1,77.000000,165.923077
1102,1,86.125000,168.250000
1103,1,86.958333,166.000000
1104,1,92.111111,167.925926
1105,1,95.720000,166.280000
1109,1,120.142857,170.535714
1110,1,118.565217,164.695652
1113,1,136.518519,169.407407
1114,1,143.296296,167.333333
1116,1,152.423077,168.730769
1119,1,167.708333,167.541667
1122,1,183.200000,167.880000
1126,1,202.296296,167.037037
1129,1,216.576923,166.730769
1130,1,223.807692,167.269231
1131,1,228.576923,165.846154
1134,1,31.739130,173.173913
1135,1,36.347826,174.565217
1136,1,41.000000,171.230769
1137,1,48.407407,169.407407
1138,1,52.375000,173.708333
1140,1,64.958333,170.083333
1141,1,67.200000,172.920000
1142,1,72.956522,170.217391
1144,1,80.560000,170.200000
1146,1,92.458333,172.750000
1148,1,101.708333,173.125000
1149,1,106.125000,171.333333
1152,1,122.576923,171.500000
1155,1,139.478261,167.304348
1158,1,152.720000,172.720000
1160,1,161.541667,173.875000
1161,1,165.958333,170.958333
1163,1,177.692308,172.192308
1164,1,180.230769,170.884615
1171,1,215.166667,174.000000
1172,1,220.520000,170.120000
1173,1,226.800000,171.360000
1174,1,231.250000,171.583333
1176,1,41.869565,177.434783
1177,1,43.791667,176.333333
1179,1,50.166667,174.416667
1182,1,69.555556,175.481481
1185,1,82.538462,178.038462
1188,1,97.142857,177.285714
1189,1,101.200000,177.480000
1191,1,112.333333,177.166667
1192,1,117.720000,177.720000
1194,1,127.956522,175.695652
1196,1,136.680000,175.720000
1200,1,156.880000,179.120000
1201,1,161.565217,176.956522
1202,1,166.800000,178.360000
1203,1,170.347826,176.347826
1204,1,175.481481,176.000000
1205,1,183.347826,174.826087
1206,1,187.423077,180.576923
1207,1,192.583333,176.750000
1208,1,197.695652,175.956522
1211,1,212.416667,178.708333
1212,1,218.000000,174.695652
1214,1,225.958333,176.250000
1221,1,62.586207,184.103448
1222,1,65.153846,181.884615
1223,1,70.240000,180.520000
1224,1,79.080000,179.720000
1225,1,79.708333,185.458333
1226,1,86.692308,181.538462
1227,1,92.555556,181.962963
1228,1,99.960000,182.400000
1229,1,100.826087,182.304348
1230,1,106.923077,181.846154
1233,1,124.760000,184.400000
1234,1,126.760000,180.240000
1239,1,152.692308,182.884615
1240,1,157.384615,181.769231
1245,1,180.925926,181.481481
1246,1,184.739130,181.565217
1247,1,195.608696,179.913043
1248,1,196.615385,181.346154
1250,1,209.880000,180.760000
1252,1,217.640000,180.960000
1253,1,221.826087,181.173913
1255,1,42.217391,187.608696
1256,1,38.615385,187.192308
1257,1,48.083333,187.458333
1259,1,58.192308,187.884615
1260,1,61.153846,187.000000
1263,1,77.500000,185.821429
1265,1,88.000000,186.347826
1266,1,92.880000,190.280000
1267,1,94.703704,186.111111
1268,1,102.760000,187.400000
1273,1,126.360000,190.040000
1274,1,130.964286,185.857143
1278,1,151.615385,190.115385
1280,1,164.038462,188.423077
1281,1,166.346154,188.307692
1285,1,187.680000,187.800000
1286,1,192.370370,183.592593
1288,1,202.434783,185.565217
1289,1,205.416667,187.791667
1294,1,43.600000,192.200000
1296,1,52.222222,191.629630
1300,1,72.923077,193.923077
1301,1,78.458333,195.291667
1303,1,88.400000,192.680000
1304,1,91.090909,191.454545
1306,1,100.880000,188.840000
1307,1,106.375000,191.500000
1309,1,116.428571,191.642857
1310,1,124.111111,193.444444
1311,1,128.875000,190.916667
1313,1,137.000000,193.080000
1316,1,152.576923,195.423077
1319,1,166.034483,193.758621
1321,1,174.720000,193.080000
1323,1,188.000000,187.920000
1324,1,191.115385,191.076923
1327,1,205.576923,191.730769
1331,1,42.428571,197.714286
1332,1,47.083333,197.708333
1333,1,53.153846,197.076923
1335,1,62.347826,196.217391
1337,1,70.840000,196.360000
1338,1,76.520000,196.560000
1339,1,79.653846,192.923077
1340,1,85.615385,196.884615
1341,1,91.800000,196.320000
1342,1,99.000000,199.259259
1343,1,102.560000,193.960000
1345,1,112.080000,197.760000
1347,1,120.208333,195.458333
1348,1,125.333333,197.083333
1351,1,140.708333,195.541667
1352,1,145.884615,196.307692
1353,1,149.846154,194.153846
1355,1,163.500000,197.807692
1356,1,168.040000,197.040000
1362,1,196.666667,198.125000
1364,1,207.045455,196.545455
1367,1,48.360000,201.520000
1371,1,67.576923,201.846154
1373,1,79.045455,200.818182
1374,1,83.076923,201.807692
1376,1,92.615385,199.307692
1378,1,103.607143,202.000000
1379,1,106.560000,201.560000
1380,1,111.400000,203.600000
1388,1,149.520000,200.160000
1389,1,156.920000,202.600000
1390,1,160.480000,201.160000
1393,1,178.814815,200.777778
1394,1,181.692308,202.692308
1395,1,185.916667,201.916667
1397,1,199.173913,205.000000
1398,1,201.625000,201.958333
1401,1,54.478261,208.391304
1404,1,67.296296,206.703704
1405,1,72.241379,206.827586
1407,1,82.296296,206.370370
1408,1,86.592593,209.962963
1409,1,92.375000,205.750000
1410,1,97.600000,207.120000
1413,1,113.260870,206.826087
1415,1,121.708333,206.041667
1416,1,126.480000,207.120000
1426,1,177.200000,207.480000
1430,1,198.120000,208.040000
1431,1,200.111111,201.148148
1432,1,205.208333,206.583333
1433,1,57.291667,214.833333
1434,1,61.458333,212.708333
1436,1,71.958333,213.666667
1437,1,74.500000,211.615385
1438,1,80.407407,211.592593
1439,1,87.200000,209.880000
1441,1,97.666667,211.166667
1442,1,102.217391,213.739130
1443,1,104.583333,212.291667
1444,1,111.391304,212.434783
1445,1,119.482759,213.413793
1447,1,126.440000,211.960000
1449,1,137.480000,211.480000
1452,1,152.920000,211.000000
1453,1,155.960000,212.000000
1457,1,177.640000,211.160000
1460,1,193.461538,211.307692
1461,1,198.272727,212.136364
1462,1,202.833333,209.708333
1463,1,62.304348,217.478261
1465,1,71.520000,217.880000
1469,1,89.840000,215.280000
1471,1,104.000000,217.730769
1472,1,109.259259,218.962963
1473,1,113.592593,214.000000
1474,1,119.166667,216.708333
1475,1,121.230769,220.769231
1477,1,132.565217,215.260870
1479,1,141.680000,217.080000
1481,1,152.560000,216.400000
1482,1,157.458333,218.166667
1483,1,161.407407,215.925926
1489,1,193.217391,215.913043
1490,1,196.041667,217.458333
1491,1,66.481481,221.185185
1492,1,72.347826,221.608696
1495,1,88.625000,222.875000
1499,1,106.035714,221.571429
1501,1,114.384615,219.461538
1502,1,116.680000,222.600000
1503,1,125.500000,225.321429
1504,1,132.160000,220.840000
1506,1,139.400000,223.840000
1507,1,145.000000,221.925926
1511,1,170.148148,226.074074
1513,1,177.520000,223.480000
1517,1,76.076923,224.846154
1519,1,87.846154,228.230769
1520,1,92.230769,226.115385
1524,1,113.250000,228.083333
1525,1,117.760000,227.480000
1526,1,121.920000,226.320000
1527,1,128.960000,222.520000
1529,1,135.346154,226.269231
1531,1,147.576923,226.115385
1534,1,162.115385,225.461538
1536,1,173.960000,226.360000
1538,1,181.541667,226.000000
1539,1,86.148148,231.666667
1542,1,102.666667,232.000000
1543,1,106.782609,232.913043
1545,1,116.000000,232.166667
1549,1,138.160000,230.640000
1550,1,142.200000,233.480000
1556,1,169.080000,231.560000
1557,1,98.434783,236.521739
1558,1,100.923077,237.461538
1563,1,126.680000,236.840000
1564,1,132.120000,237.040000
1565,1,137.115385,235.884615
1569,1,156.440000,235.360000
