ID,type,x COM, y COM
2,2,111.416667,21.833333
5,2,122.090909,21.772727
6,2,127.541667,21.541667
7,2,133.391304,22.434783
9,2,143.440000,22.800000
10,2,149.954545,22.409091
12,2,156.250000,23.535714
13,2,85.043478,30.260870
14,2,91.833333,25.083333
15,2,97.347826,28.043478
16,2,97.680000,24.360000
18,2,113.208333,25.541667
19,2,111.869565,29.695652
22,2,131.000000,27.115385
23,2,135.791667,26.541667
26,2,154.217391,28.130435
31,2,80.086957,33.826087
34,2,91.576923,29.653846
38,2,112.269231,34.346154
39,2,117.000000,33.136364
41,2,129.291667,32.875000
42,2,133.500000,32.500000
45,2,148.708333,33.791667
46,2,153.761905,32.857143
47,2,158.040000,31.480000
51,2,175.761905,31.333333
53,2,73.769231,36.461538
55,2,83.652174,35.782609
57,2,93.608696,36.217391
58,2,96.461538,32.076923
61,2,114.840000,38.280000
62,2,120.160000,39.320000
63,2,121.250000,32.833333
65,2,128.291667,37.208333
66,2,134.625000,36.625000
67,2,141.791667,37.083333
76,2,188.000000,36.318182
77,2,194.500000,39.833333
78,2,61.045455,41.909091
79,2,68.291667,39.291667
81,2,78.478261,44.739130
82,2,79.208333,39.458333
84,2,93.680000,41.800000
85,2,100.782609,43.000000
87,2,106.280000,43.760000
88,2,111.291667,44.208333
89,2,115.840000,43.200000
90,2,120.714286,43.714286
91,2,125.818182,41.590909
92,2,131.200000,41.240000
93,2,137.333333,39.625000
94,2,138.857143,42.785714
96,2,154.230769,40.423077
98,2,157.407407,44.222222
100,2,174.960000,46.040000
101,2,177.240000,41.440000
103,2,187.500000,39.666667
109,2,73.913043,46.434783
110,2,79.280000,49.240000
113,2,91.954545,46.227273
114,2,96.916667,46.083333
115,2,102.320000,47.160000
117,2,108.083333,52.375000
118,2,113.450000,49.350000
122,2,134.782609,49.130435
125,2,149.916667,52.458333
130,2,179.227273,45.909091
131,2,182.760000,46.440000
132,2,187.416667,46.666667
133,2,193.333333,48.875000
134,2,198.478261,49.000000
135,2,199.545455,44.409091
136,2,55.166667,53.166667
137,2,59.500000,52.500000
138,2,63.760000,53.440000
139,2,68.071429,53.392857
140,2,72.920000,51.440000
142,2,80.416667,53.833333
144,2,93.035714,51.892857
146,2,102.434783,51.173913
151,2,123.960000,55.880000
153,2,133.166667,53.416667
155,2,149.920000,58.000000
162,2,182.680000,56.200000
166,2,203.565217,48.391304
167,2,206.760000,54.000000
170,2,57.363636,57.272727
171,2,64.086957,57.956522
173,2,75.739130,54.130435
177,2,91.720000,56.840000
179,2,104.200000,56.240000
181,2,113.884615,58.000000
183,2,127.590909,58.227273
184,2,131.347826,57.608696
185,2,135.961538,57.115385
188,2,146.772727,61.636364
190,2,156.173913,59.217391
192,2,166.769231,57.653846
195,2,181.115385,60.730769
197,2,188.000000,55.000000
200,2,202.666667,60.925926
201,2,208.750000,58.000000
202,2,42.500000,63.500000
203,2,48.000000,63.125000
204,2,54.333333,61.777778
206,2,60.296296,61.740741
211,2,87.880000,64.160000
213,2,96.000000,61.600000
214,2,100.720000,60.880000
216,2,111.538462,61.884615
219,2,133.130435,62.173913
221,2,142.125000,63.916667
223,2,149.727273,65.272727
225,2,153.640000,63.040000
227,2,167.960000,63.280000
230,2,185.851852,63.222222
231,2,188.125000,59.208333
232,2,193.833333,62.166667
233,2,197.692308,62.269231
235,2,207.840000,62.360000
236,2,214.250000,62.750000
240,2,52.083333,66.916667
244,2,71.280000,63.200000
245,2,73.160000,67.520000
247,2,92.730769,68.384615
248,2,91.857143,63.035714
252,2,113.040000,67.120000
257,2,138.653846,62.461538
259,2,145.333333,66.958333
260,2,154.130435,67.826087
263,2,166.440000,69.200000
266,2,180.958333,71.791667
268,2,191.000000,64.560000
269,2,197.454545,67.863636
271,2,208.714286,67.000000
278,2,53.200000,71.760000
280,2,64.560000,74.040000
284,2,86.769231,69.769231
285,2,87.833333,76.583333
286,2,91.130435,72.347826
287,2,97.185185,77.000000
296,2,143.961538,71.846154
297,2,149.240000,70.760000
299,2,155.956522,72.608696
300,2,163.000000,77.000000
304,2,183.230769,76.346154
306,2,191.869565,68.869565
308,2,202.608696,71.695652
309,2,204.347826,67.434783
314,2,37.458333,80.083333
317,2,53.423077,77.230769
320,2,68.809524,77.000000
321,2,72.909091,80.090909
325,2,92.920000,76.760000
327,2,105.565217,78.086957
329,2,112.652174,78.478261
333,2,134.500000,74.227273
334,2,138.000000,77.041667
336,2,143.076923,76.923077
338,2,156.760000,78.360000
340,2,165.760000,82.520000
341,2,170.208333,81.791667
344,2,188.541667,77.541667
349,2,210.333333,76.166667
351,2,221.454545,76.045455
352,2,225.333333,79.416667
354,2,40.285714,84.476190
356,2,48.280000,77.720000
357,2,49.360000,81.640000
358,2,55.520000,82.920000
361,2,78.480000,85.640000
362,2,74.043478,83.826087
365,2,92.480000,83.240000
368,2,104.541667,83.041667
370,2,117.500000,82.625000
371,2,123.653846,83.230769
372,2,128.185185,79.592593
373,2,132.640000,79.520000
374,2,137.160000,82.040000
375,2,142.041667,82.333333
378,2,157.565217,83.565217
379,2,160.666667,79.958333
383,2,182.869565,82.434783
384,2,186.416667,82.541667
385,2,190.920000,81.160000
386,2,196.041667,79.458333
388,2,208.772727,80.227273
391,2,220.080000,79.960000
392,2,230.800000,85.600000
395,2,40.280000,90.040000
397,2,48.826087,85.565217
398,2,52.440000,88.640000
399,2,56.809524,87.095238
405,2,90.166667,80.625000
407,2,93.652174,87.739130
409,2,106.307692,87.730769
410,2,113.400000,84.120000
411,2,119.480000,87.160000
416,2,141.217391,87.347826
418,2,148.750000,87.666667
419,2,154.111111,87.444444
423,2,179.545455,91.227273
425,2,189.695652,87.173913
428,2,197.760000,87.640000
429,2,203.038462,91.769231
431,2,222.476190,88.238095
432,2,220.863636,84.454545
433,2,226.043478,85.043478
438,2,39.291667,95.458333
440,2,48.304348,90.000000
443,2,68.208333,93.458333
444,2,72.080000,91.480000
445,2,76.130435,89.260870
448,2,94.178571,92.750000
449,2,98.269231,89.076923
452,2,110.521739,89.652174
453,2,115.000000,89.250000
454,2,119.961538,92.153846
455,2,126.640000,93.880000
456,2,132.000000,91.760000
457,2,138.000000,91.500000
459,2,147.269231,92.576923
460,2,152.826087,91.434783
462,2,165.160000,95.200000
466,2,182.956522,88.956522
469,2,194.541667,90.541667
471,2,208.636364,92.136364
476,2,233.269231,90.346154
477,2,25.440000,98.000000
478,2,32.269231,97.269231
479,2,35.416667,95.208333
481,2,50.708333,95.958333
482,2,54.956522,96.608696
483,2,58.360000,101.760000
484,2,62.708333,98.458333
485,2,67.173913,99.956522
486,2,71.392857,97.035714
487,2,77.541667,93.458333
488,2,82.038462,97.115385
489,2,88.652174,92.086957
490,2,90.560000,96.360000
491,2,95.954545,97.727273
492,2,100.120000,96.200000
496,2,123.041667,95.541667
497,2,129.636364,96.954545
498,2,133.037037,96.962963
499,2,137.916667,97.083333
501,2,151.769231,95.807692
504,2,162.434783,98.956522
509,2,184.700000,98.450000
510,2,191.291667,97.708333
511,2,199.090909,94.318182
513,2,209.400000,97.240000
515,2,216.791667,99.958333
516,2,222.600000,97.240000
517,2,226.454545,94.454545
518,2,231.880000,95.400000
519,2,236.434783,96.826087
520,2,23.846154,106.346154
521,2,27.416667,102.166667
522,2,32.083333,101.916667
523,2,37.250000,102.250000
527,2,54.000000,101.181818
528,2,63.869565,103.173913
529,2,70.076923,102.884615
530,2,75.240000,102.040000
532,2,80.680000,102.240000
534,2,92.260870,101.130435
538,2,115.888889,105.037037
539,2,119.960000,103.360000
541,2,125.000000,100.360000
542,2,130.200000,103.160000
543,2,134.481481,103.185185
544,2,138.863636,101.454545
547,2,157.423077,102.846154
548,2,162.720000,103.800000
549,2,167.923077,99.538462
550,2,172.416667,102.833333
551,2,175.625000,108.083333
553,2,184.500000,102.000000
554,2,189.750000,102.791667
555,2,194.960000,95.520000
558,2,212.565217,100.260870
564,2,25.434783,111.739130
567,2,34.500000,106.708333
568,2,40.360000,106.760000
569,2,46.840000,106.320000
570,2,52.958333,111.500000
571,2,58.840000,105.440000
574,2,71.695652,107.521739
575,2,75.727273,106.863636
576,2,80.576923,107.846154
579,2,95.760000,104.000000
584,2,124.520000,105.760000
585,2,128.360000,107.240000
586,2,132.791667,109.333333
587,2,136.444444,112.185185
590,2,151.500000,105.192308
591,2,158.640000,107.160000
593,2,168.185185,104.703704
596,2,187.181818,107.000000
598,2,193.791667,104.666667
600,2,202.380952,109.619048
602,2,212.384615,107.730769
603,2,215.450000,105.300000
605,2,225.560000,105.120000
606,2,231.956522,106.565217
607,2,236.321429,106.678571
608,2,22.956522,116.217391
609,2,29.230769,117.153846
610,2,32.560000,113.160000
611,2,38.285714,111.000000
612,2,46.777778,110.888889
614,2,49.600000,117.560000
616,2,62.363636,117.681818
617,2,65.304348,113.000000
618,2,70.500000,112.500000
619,2,76.666667,111.166667
622,2,89.500000,113.500000
625,2,105.230769,111.269231
626,2,113.166667,113.416667
628,2,127.869565,112.173913
631,2,141.880000,111.280000
632,2,140.240000,116.240000
634,2,149.291667,110.375000
635,2,153.440000,109.720000
637,2,165.807692,108.961538
638,2,171.240000,109.240000
639,2,174.173913,113.652174
642,2,194.166667,113.416667
643,2,198.250000,109.458333
645,2,209.640000,110.640000
647,2,216.909091,111.227273
649,2,228.000000,108.115385
651,2,235.500000,112.863636
653,2,25.307692,120.807692
655,2,36.920000,115.920000
657,2,42.041667,113.083333
659,2,54.500000,116.500000
661,2,69.240000,117.240000
663,2,80.130435,114.043478
664,2,84.600000,117.440000
665,2,84.608696,112.478261
666,2,89.863636,117.954545
671,2,111.800000,118.600000
675,2,134.000000,115.454545
676,2,144.520000,116.360000
681,2,163.560000,115.720000
684,2,177.240000,117.680000
686,2,194.739130,118.391304
687,2,198.478261,116.086957
690,2,207.631579,115.263158
692,2,218.240000,116.760000
693,2,224.045455,117.545455
694,2,230.576923,112.500000
696,2,20.608696,122.391304
697,2,31.130435,126.391304
698,2,30.960000,121.720000
700,2,41.652174,119.347826
702,2,51.958333,124.541667
703,2,55.120000,121.000000
705,2,72.269231,120.153846
706,2,64.296296,120.148148
707,2,75.833333,123.041667
708,2,79.444444,119.333333
709,2,87.160000,121.840000
711,2,94.040000,120.640000
712,2,98.391304,124.521739
714,2,115.814815,123.037037
719,2,137.458333,120.083333
720,2,141.357143,122.821429
723,2,162.875000,121.166667
725,2,165.037037,126.740741
728,2,178.923077,123.384615
737,2,219.080000,121.320000
739,2,236.347826,118.434783
740,2,21.043478,128.086957
742,2,35.291667,127.041667
745,2,49.840000,128.360000
747,2,65.043478,127.782609
749,2,64.807692,123.807692
752,2,82.125000,123.166667
755,2,94.260870,126.956522
756,2,105.208333,129.625000
758,2,114.375000,128.333333
761,2,129.695652,130.521739
764,2,146.521739,130.695652
768,2,159.875000,126.416667
774,2,189.083333,131.583333
775,2,197.120000,127.520000
779,2,219.458333,126.666667
780,2,218.500000,130.636364
782,2,235.153846,131.307692
783,2,234.875000,127.250000
786,2,31.291667,131.166667
787,2,35.625000,132.666667
789,2,49.636364,136.318182
791,2,57.208333,132.708333
794,2,68.956522,135.043478
795,2,72.375000,130.625000
796,2,81.166667,133.250000
798,2,96.760000,131.760000
799,2,100.653846,128.961538
801,2,109.178571,130.571429
802,2,112.440000,133.400000
803,2,118.259259,131.444444
804,2,119.640000,135.920000
805,2,123.000000,132.523810
806,2,134.370370,131.925926
809,2,143.629630,134.629630
812,2,159.956522,131.913043
814,2,169.120000,131.760000
818,2,192.625000,129.291667
821,2,205.160000,132.200000
826,2,229.360000,129.920000
829,2,29.400000,137.560000
830,2,34.875000,136.583333
834,2,52.080000,131.760000
835,2,59.000000,137.846154
838,2,72.416667,135.750000
839,2,76.200000,135.480000
846,2,112.000000,137.826087
847,2,116.640000,138.960000
850,2,132.304348,136.304348
851,2,138.260870,134.782609
852,2,143.280000,139.440000
854,2,152.095238,139.000000
856,2,161.500000,136.500000
860,2,185.826087,132.130435
864,2,205.000000,137.240000
865,2,209.680000,136.280000
867,2,219.000000,136.095238
868,2,222.407407,136.037037
869,2,227.500000,135.000000
870,2,229.461538,138.576923
871,2,236.043478,139.260870
872,2,23.680000,144.320000
875,2,38.000000,141.653846
876,2,41.625000,140.625000
878,2,54.625000,136.875000
879,2,56.115385,142.192308
881,2,71.318182,142.454545
885,2,86.555556,145.518519
886,2,91.962963,139.777778
887,2,96.708333,141.500000
888,2,102.500000,142.961538
889,2,107.363636,146.545455
890,2,111.961538,143.538462
891,2,116.869565,144.565217
892,2,120.565217,141.521739
895,2,138.250000,138.791667
897,2,147.666667,141.458333
898,2,156.652174,136.043478
907,2,195.240000,144.800000
915,2,236.958333,144.291667
916,2,22.250000,149.600000
922,2,53.652174,146.478261
927,2,72.541667,152.041667
928,2,82.260870,147.521739
930,2,91.695652,144.434783
934,2,112.181818,148.227273
938,2,134.250000,149.833333
942,2,146.640000,146.400000
944,2,163.880000,149.160000
945,2,166.818182,144.045455
949,2,191.083333,147.708333
951,2,196.217391,149.130435
952,2,200.478261,146.869565
953,2,207.800000,143.080000
954,2,209.777778,150.777778
957,2,227.916667,146.750000
958,2,232.833333,143.333333
961,2,31.520000,152.040000
962,2,35.391304,148.304348
963,2,36.095238,152.333333
964,2,41.125000,153.500000
966,2,51.166667,152.916667
969,2,67.608696,154.608696
970,2,71.826087,157.782609
974,2,88.291667,153.916667
977,2,107.080000,150.800000
978,2,111.600000,153.960000
979,2,116.115385,149.961538
982,2,129.629630,153.370370
983,2,138.692308,153.961538
984,2,141.500000,156.250000
988,2,162.076923,155.115385
990,2,168.375000,147.375000
994,2,194.807692,153.230769
995,2,200.080000,152.880000
1004,2,22.304348,155.478261
1006,2,35.869565,157.130435
1008,2,42.772727,158.500000
1009,2,45.416667,154.166667
1010,2,48.500000,158.590909
1014,2,67.777778,160.370370
1016,2,83.523810,154.857143
1017,2,88.136364,158.045455
1020,2,105.708333,156.375000
1022,2,112.727273,158.863636
1023,2,117.307692,154.961538
1026,2,130.208333,159.125000
1027,2,134.384615,155.461538
1028,2,139.269231,160.307692
1029,2,145.608696,153.782609
1030,2,150.333333,154.500000
1032,2,161.884615,160.307692
1034,2,172.416667,160.083333
1035,2,177.120000,158.360000
1036,2,180.925926,159.074074
1037,2,184.961538,155.884615
1039,2,195.333333,157.555556
1041,2,206.681818,158.954545
1042,2,209.200000,156.160000
1048,2,23.960000,160.880000
1050,2,33.608696,162.565217
1053,2,52.600000,157.120000
1054,2,57.916667,158.916667
1059,2,82.760000,160.760000
1060,2,87.347826,162.000000
1062,2,99.760000,163.440000
1068,2,127.125000,167.500000
1069,2,130.160000,164.280000
1070,2,134.280000,161.640000
1075,2,162.625000,165.041667
1077,2,172.600000,163.880000
1078,2,179.640000,164.280000
1081,2,190.913043,163.086957
1082,2,195.148148,162.555556
1083,2,200.041667,159.500000
1084,2,204.615385,160.000000
1087,2,225.434783,164.782609
1091,2,28.333333,163.708333
1092,2,32.769231,166.846154
1093,2,38.041667,166.208333
1099,2,67.920000,164.760000
1101,2,78.000000,162.360000
1103,2,89.500000,167.541667
1105,2,96.952381,165.952381
1106,2,103.739130,164.565217
1107,2,108.958333,164.625000
1109,2,116.782609,166.391304
1110,2,122.333333,167.041667
1112,2,133.962963,167.518519
1118,2,162.280000,169.840000
1119,2,166.920000,164.400000
1121,2,175.375000,167.625000
1124,2,191.681818,167.363636
1125,2,197.280000,168.240000
1126,2,200.363636,164.090909
1127,2,203.961538,166.692308
1132,2,232.631579,165.947368
1135,2,37.240000,171.320000
1139,2,53.916667,172.708333
1140,2,58.913043,171.347826
1145,2,89.347826,174.739130
1146,2,93.000000,167.285714
1151,2,118.518519,170.962963
1153,2,124.458333,171.666667
1155,2,134.200000,171.240000
1157,2,149.560000,170.760000
1160,2,158.185185,173.185185
1164,2,180.391304,168.434783
1165,2,184.958333,177.958333
1168,2,201.560000,171.480000
1169,2,208.636364,169.863636
1170,2,205.409091,172.545455
1171,2,212.478261,171.347826
1174,2,230.666667,171.916667
1176,2,41.521739,173.521739
1178,2,49.625000,173.250000
1179,2,51.869565,179.173913
1180,2,56.791667,175.958333
1181,2,61.458333,176.708333
1183,2,69.840000,180.520000
1184,2,75.346154,179.846154
1185,2,79.920000,176.440000
1188,2,97.136364,180.227273
1191,2,111.076923,178.730769
1197,2,142.884615,174.730769
1198,2,148.760000,175.640000
1199,2,153.652174,174.217391
1200,2,154.120000,178.280000
1202,2,166.037037,179.444444
1204,2,176.076923,177.576923
1206,2,186.730769,182.653846
1210,2,207.333333,177.166667
1211,2,211.000000,176.409091
1216,2,35.000000,183.692308
1217,2,40.000000,182.846154
1220,2,56.136364,180.181818
1221,2,60.291667,182.625000
1222,2,64.240000,182.560000
1227,2,92.458333,178.666667
1230,2,106.956522,183.130435
1233,2,126.720000,184.760000
1235,2,135.458333,181.500000
1236,2,137.000000,186.666667
1238,2,145.625000,178.375000
1244,2,171.521739,179.304348
1245,2,179.074074,181.888889
1246,2,188.181818,187.363636
1249,2,201.875000,178.625000
1250,2,205.400000,181.560000
1256,2,43.136364,187.272727
1257,2,47.826087,186.130435
1258,2,51.200000,190.080000
1262,2,74.560000,186.600000
1263,2,78.692308,190.346154
1265,2,92.086957,183.782609
1266,2,93.608696,188.130435
1267,2,97.653846,185.461538
1268,2,101.884615,183.307692
1269,2,103.148148,187.962963
1272,2,122.772727,186.500000
1274,2,131.173913,182.869565
1275,2,137.440000,190.640000
1278,2,152.153846,187.653846
1279,2,155.208333,183.750000
1280,2,159.000000,180.440000
1284,2,182.320000,185.000000
1286,2,196.181818,187.409091
1287,2,199.400000,184.680000
1289,2,203.250000,187.291667
1290,2,207.833333,184.583333
1292,2,226.217391,182.652174
1295,2,48.454545,192.772727
1297,2,54.115385,193.000000
1298,2,63.800000,192.640000
1299,2,61.807692,188.000000
1301,2,73.800000,192.120000
1302,2,82.625000,191.541667
1309,2,119.884615,189.192308
1312,2,131.875000,188.000000
1314,2,142.760000,192.160000
1316,2,155.750000,190.041667
1322,2,183.136364,189.227273
1323,2,180.250000,193.125000
1325,2,198.560000,190.760000
1326,2,202.240000,193.800000
1330,2,222.461538,188.538462
1331,2,44.920000,197.960000
1335,2,59.115385,192.153846
1336,2,65.320000,197.640000
1338,2,76.320000,195.560000
1339,2,82.954545,196.772727
1340,2,86.625000,194.791667
1343,2,99.260870,200.478261
1345,2,107.826087,200.869565
1348,2,127.869565,198.521739
1349,2,131.160000,194.240000
1350,2,134.916667,194.458333
1351,2,140.130435,195.217391
1355,2,161.800000,200.960000
1357,2,176.727273,193.454545
1358,2,177.920000,198.440000
1362,2,196.478261,196.565217
1363,2,200.583333,197.750000
1366,2,213.565217,202.043478
1367,2,49.080000,198.760000
1368,2,49.884615,204.461538
1369,2,54.240000,204.520000
1371,2,68.071429,202.321429
1372,2,72.653846,199.307692
1373,2,78.000000,199.500000
1374,2,81.681818,201.818182
1375,2,87.040000,200.720000
1376,2,92.375000,202.583333
1377,2,96.347826,201.608696
1379,2,106.640000,204.520000
1382,2,124.040000,200.320000
1383,2,130.416667,202.166667
1388,2,151.875000,207.750000
1390,2,163.130435,205.782609
1393,2,179.760000,202.280000
1395,2,184.478261,203.391304
1396,2,192.807692,199.769231
1397,2,198.444444,201.888889
1399,2,206.296296,207.703704
1400,2,208.304348,203.304348
1401,2,58.333333,206.958333
1404,2,69.157895,207.157895
1405,2,72.952381,203.619048
1412,2,101.291667,205.666667
1416,2,125.956522,205.000000
1417,2,132.291667,207.208333
1421,2,156.125000,207.625000
1423,2,160.708333,210.458333
1425,2,168.458333,204.916667
1426,2,179.958333,207.333333
1428,2,184.384615,208.615385
1429,2,189.800000,203.120000
1435,2,64.115385,208.692308
1440,2,85.360000,204.960000
1442,2,106.960000,208.920000
1447,2,127.480000,208.920000
1448,2,130.413793,213.068966
1449,2,136.043478,212.869565
1451,2,146.535714,212.785714
1452,2,152.565217,214.347826
1453,2,156.625000,213.125000
1455,2,165.590909,214.909091
1459,2,188.769231,207.769231
1461,2,194.272727,215.545455
1462,2,200.192308,212.961538
1466,2,69.560000,219.320000
1470,2,97.407407,220.518519
1473,2,112.636364,219.227273
1474,2,118.173913,216.608696
1476,2,128.708333,216.791667
1479,2,141.652174,216.608696
1481,2,149.291667,215.750000
1482,2,159.304348,215.608696
1484,2,171.708333,219.958333
1485,2,170.560000,214.280000
1487,2,180.550000,218.000000
1488,2,184.826087,218.956522
1495,2,84.615385,224.115385
1499,2,107.458333,220.833333
1501,2,116.640000,221.680000
1504,2,132.520000,224.240000
1505,2,137.782609,225.826087
1506,2,136.666667,221.291667
1507,2,145.954545,219.727273
1508,2,149.600000,222.700000
1509,2,153.409091,218.863636
1514,2,178.730769,222.269231
1516,2,185.190476,223.476190
1517,2,76.565217,227.826087
1518,2,80.769231,226.307692
1519,2,86.880000,229.680000
1521,2,100.333333,225.500000
1522,2,103.826087,230.869565
1525,2,117.576923,225.461538
1528,2,127.458333,222.666667
1530,2,141.560000,221.400000
1533,2,159.086957,228.782609
1535,2,164.666667,230.541667
1537,2,175.777778,227.851852
1538,2,181.565217,225.608696
1539,2,92.080000,230.080000
1541,2,99.166667,231.208333
1543,2,105.923077,226.384615
1544,2,113.708333,231.333333
1549,2,134.545455,230.454545
1556,2,166.160000,234.480000
1558,2,99.214286,235.571429
1559,2,104.652174,236.782609
1565,2,133.961538,236.538462
1570,2,160.636364,235.136364
1,1,103.208333,30.541667
3,1,116.869565,21.304348
4,1,119.250000,27.833333
8,1,139.000000,23.142857
11,1,150.000000,27.458333
17,1,104.250000,26.916667
20,1,118.840000,25.680000
21,1,126.407407,26.370370
24,1,142.307692,28.846154
25,1,147.400000,27.400000
27,1,175.565217,35.347826
28,1,160.681818,29.181818
29,1,162.892857,34.535714
30,1,164.400000,26.440000
32,1,88.680000,43.800000
33,1,89.518519,35.037037
35,1,99.851852,34.777778
36,1,108.160000,28.960000
37,1,104.961538,38.038462
40,1,124.454545,29.590909
43,1,142.384615,32.076923
44,1,138.814815,30.555556
48,1,168.600000,30.240000
49,1,161.400000,42.120000
50,1,174.192308,38.346154
52,1,180.681818,34.636364
54,1,69.230769,43.461538
56,1,86.458333,37.125000
59,1,98.222222,38.851852
60,1,109.000000,39.269231
64,1,123.840000,35.920000
68,1,149.636364,37.454545
69,1,146.958333,38.000000
70,1,157.200000,36.920000
71,1,166.043478,27.956522
72,1,163.875000,41.541667
73,1,169.130435,41.913043
74,1,169.384615,34.461538
75,1,173.480000,39.080000
80,1,74.423077,41.346154
83,1,84.958333,49.083333
86,1,105.720000,33.920000
95,1,147.040000,43.320000
97,1,151.600000,45.080000
99,1,169.833333,39.375000
102,1,181.666667,39.083333
104,1,194.375000,45.166667
105,1,190.222222,42.777778
106,1,62.750000,47.416667
107,1,66.222222,44.444444
108,1,67.619048,48.428571
111,1,83.960000,44.560000
112,1,85.208333,40.458333
116,1,108.478261,48.130435
119,1,128.807692,47.807692
120,1,121.173913,51.869565
121,1,131.833333,45.666667
123,1,141.269231,50.961538
124,1,146.708333,47.666667
126,1,144.576923,45.346154
127,1,154.076923,50.615385
128,1,162.708333,51.250000
129,1,172.958333,54.500000
141,1,76.181818,58.045455
143,1,87.782609,52.304348
145,1,97.130435,52.043478
147,1,107.480000,57.960000
148,1,116.230769,53.730769
149,1,115.458333,54.125000
150,1,117.846154,48.307692
152,1,125.230769,45.923077
154,1,139.818182,46.545455
156,1,158.560000,51.360000
157,1,161.500000,58.500000
158,1,159.884615,47.307692
159,1,168.360000,46.640000
160,1,167.440000,52.440000
161,1,177.076923,51.115385
163,1,176.538462,59.769231
164,1,196.920000,56.080000
165,1,190.565217,51.956522
168,1,47.800000,59.520000
169,1,51.086957,57.260870
172,1,70.666667,58.083333
174,1,81.800000,65.680000
175,1,80.636364,62.045455
176,1,85.769231,54.538462
178,1,99.782609,55.782609
180,1,105.304348,63.478261
182,1,117.769231,64.846154
186,1,127.321429,51.964286
187,1,142.357143,57.892857
189,1,144.923077,55.000000
191,1,165.652174,53.217391
193,1,174.250000,56.750000
194,1,179.958333,65.000000
196,1,184.625000,51.208333
198,1,193.615385,55.653846
199,1,202.520000,59.000000
205,1,56.481481,66.629630
207,1,66.640000,69.840000
208,1,68.727273,63.181818
209,1,77.434783,63.260870
210,1,87.076923,58.923077
212,1,88.520000,57.760000
215,1,108.652174,65.782609
217,1,118.285714,60.857143
218,1,110.920000,71.680000
220,1,137.428571,71.928571
222,1,140.272727,53.863636
224,1,154.560000,55.600000
226,1,160.739130,69.695652
228,1,173.739130,64.478261
229,1,175.333333,51.185185
234,1,200.600000,53.680000
237,1,219.363636,67.454545
238,1,45.840000,71.720000
239,1,39.260870,68.478261
241,1,58.681818,69.181818
242,1,66.120000,61.400000
243,1,63.454545,69.181818
246,1,78.080000,71.120000
249,1,98.333333,69.458333
250,1,104.333333,67.291667
251,1,102.130435,69.260870
253,1,121.291667,60.000000
254,1,126.040000,62.640000
255,1,123.250000,65.916667
256,1,126.041667,70.166667
258,1,138.500000,68.692308
261,1,163.200000,62.360000
262,1,162.285714,69.000000
264,1,167.120000,74.720000
265,1,174.260870,63.782609
267,1,184.076923,67.307692
270,1,198.217391,68.913043
272,1,214.125000,66.500000
273,1,211.608696,70.391304
274,1,220.739130,70.782609
275,1,40.681818,74.227273
276,1,37.269231,73.500000
277,1,45.888889,67.629630
279,1,60.444444,74.111111
281,1,68.880000,68.920000
282,1,81.730769,68.846154
283,1,82.708333,73.041667
288,1,101.296296,74.370370
289,1,111.375000,73.083333
290,1,121.038462,79.576923
291,1,121.000000,71.444444
292,1,117.730769,71.807692
293,1,130.178571,67.964286
294,1,129.607143,73.857143
295,1,133.666667,65.875000
298,1,158.500000,64.708333
301,1,171.115385,77.730769
302,1,170.777778,68.000000
303,1,172.958333,73.541667
305,1,190.714286,72.357143
307,1,195.423077,72.153846
310,1,208.875000,71.625000
311,1,216.240000,72.880000
312,1,214.153846,78.423077
313,1,33.125000,84.708333
315,1,48.208333,72.791667
316,1,42.230769,77.115385
318,1,57.370370,78.222222
319,1,63.153846,79.346154
322,1,73.857143,73.071429
323,1,81.920000,76.960000
324,1,82.080000,80.520000
326,1,100.375000,81.916667
328,1,97.869565,68.695652
330,1,108.000000,74.458333
331,1,118.307692,75.192308
332,1,124.458333,75.875000
335,1,148.423077,76.961538
337,1,151.250000,77.500000
339,1,165.240000,72.400000
342,1,176.160000,71.160000
343,1,177.416667,77.208333
345,1,187.904762,73.714286
346,1,200.750000,79.916667
347,1,210.260870,85.956522
348,1,204.791667,76.625000
350,1,216.423077,80.000000
353,1,34.750000,86.916667
355,1,43.960000,81.800000
359,1,56.086957,91.739130
360,1,65.458333,81.708333
363,1,74.640000,77.080000
364,1,82.857143,82.392857
366,1,97.541667,83.250000
367,1,102.703704,91.259259
369,1,109.035714,82.250000
376,1,152.518519,79.592593
377,1,147.260870,78.695652
380,1,177.166667,79.291667
381,1,175.800000,85.760000
382,1,179.173913,84.521739
387,1,201.565217,85.956522
389,1,205.884615,82.576923
390,1,213.047619,86.476190
393,1,31.423077,81.153846
394,1,35.047619,82.714286
396,1,44.384615,89.384615
400,1,61.576923,91.384615
401,1,66.304348,87.782609
402,1,63.600000,83.840000
403,1,70.521739,86.304348
404,1,86.846154,100.730769
406,1,87.777778,87.148148
408,1,105.074074,91.111111
412,1,124.750000,88.625000
413,1,132.142857,86.214286
414,1,128.592593,85.888889
415,1,135.960000,87.200000
417,1,146.600000,85.080000
420,1,172.666667,88.962963
421,1,165.076923,88.730769
422,1,160.153846,86.076923
424,1,188.913043,92.434783
426,1,193.695652,85.391304
427,1,196.391304,76.304348
430,1,201.652174,85.652174
434,1,217.291667,90.083333
435,1,29.130435,86.913043
436,1,29.518519,91.185185
437,1,30.461538,93.000000
439,1,43.880000,98.080000
441,1,63.769231,89.423077
442,1,59.481481,94.481481
446,1,82.880000,87.560000
447,1,83.760000,92.000000
450,1,107.208333,95.791667
451,1,109.625000,99.666667
458,1,143.000000,97.173913
461,1,157.481481,95.888889
463,1,164.714286,91.000000
464,1,176.960000,97.120000
465,1,169.666667,85.958333
467,1,184.291667,91.250000
468,1,186.760000,95.120000
470,1,201.760000,97.040000
472,1,212.481481,90.333333
473,1,222.615385,91.769231
474,1,215.086957,94.956522
475,1,228.434783,90.260870
480,1,44.880000,96.080000
493,1,104.923077,99.269231
494,1,119.478261,97.782609
495,1,113.481481,93.814815
500,1,142.720000,92.640000
502,1,141.583333,107.250000
503,1,158.640000,91.480000
505,1,171.260870,96.478261
506,1,173.840000,93.080000
507,1,177.347826,101.478261
508,1,177.560000,95.200000
512,1,204.500000,103.269231
514,1,214.791667,90.625000
524,1,41.481481,101.370370
525,1,49.600000,100.280000
526,1,47.481481,101.888889
531,1,77.173913,97.826087
533,1,87.000000,100.291667
535,1,98.541667,107.916667
536,1,103.269231,103.384615
537,1,111.307692,102.884615
540,1,115.730769,99.038462
545,1,146.782609,97.695652
546,1,155.000000,99.560000
552,1,179.703704,111.555556
556,1,205.461538,98.807692
557,1,198.960000,102.160000
559,1,226.739130,99.695652
560,1,219.653846,106.538462
561,1,221.740741,111.814815
562,1,234.923077,101.769231
563,1,230.576923,100.384615
565,1,29.074074,107.259259
566,1,29.760000,111.480000
572,1,62.000000,110.173913
573,1,66.720000,108.040000
577,1,85.916667,104.958333
578,1,91.291667,106.541667
580,1,103.925926,107.148148
581,1,106.037037,104.222222
582,1,108.615385,113.500000
583,1,113.739130,109.521739
588,1,145.461538,103.692308
589,1,138.791667,105.500000
592,1,161.560000,110.840000
594,1,181.222222,105.111111
595,1,181.692308,107.192308
597,1,192.720000,109.240000
599,1,196.478261,102.130435
601,1,207.217391,104.956522
604,1,224.363636,112.090909
613,1,51.739130,108.695652
615,1,57.423077,109.961538
620,1,87.280000,109.080000
621,1,96.400000,112.560000
623,1,95.240000,113.360000
624,1,105.500000,118.615385
627,1,120.040000,108.960000
629,1,124.043478,114.826087
630,1,129.280000,118.320000
633,1,148.730769,102.153846
636,1,156.916667,112.458333
640,1,184.480000,111.640000
641,1,188.038462,114.461538
644,1,205.560000,107.160000
646,1,212.500000,119.625000
648,1,221.407407,102.185185
650,1,231.869565,117.347826
652,1,25.678571,125.928571
654,1,36.038462,119.692308
656,1,48.217391,118.913043
658,1,45.250000,118.000000
660,1,58.916667,113.333333
662,1,75.083333,116.000000
667,1,99.739130,114.043478
668,1,98.916667,118.583333
669,1,101.320000,114.560000
670,1,108.230769,123.269231
672,1,116.250000,117.083333
673,1,119.166667,113.333333
674,1,131.592593,120.407407
677,1,146.227273,111.636364
678,1,150.500000,117.125000
679,1,152.653846,122.384615
680,1,158.521739,116.956522
682,1,172.807692,131.923077
683,1,168.680000,114.800000
685,1,188.166667,116.000000
688,1,203.708333,125.208333
689,1,205.958333,118.750000
691,1,213.480000,114.840000
695,1,233.275862,123.793103
699,1,41.800000,129.600000
701,1,39.040000,123.360000
704,1,57.307692,123.000000
710,1,89.500000,125.038462
713,1,109.000000,123.541667
715,1,119.333333,125.833333
716,1,124.400000,122.000000
717,1,124.217391,116.521739
718,1,125.384615,125.884615
721,1,147.280000,125.160000
722,1,156.666667,122.962963
724,1,168.960000,121.840000
726,1,171.840000,117.880000
727,1,175.416667,125.500000
729,1,182.043478,117.347826
730,1,191.875000,123.583333
731,1,187.269231,119.269231
732,1,187.185185,123.518519
733,1,202.920000,113.880000
734,1,199.160000,123.640000
735,1,215.160000,125.360000
736,1,223.250000,123.666667
738,1,226.840000,118.200000
741,1,26.652174,132.347826
743,1,43.160000,136.560000
744,1,45.269231,124.730769
746,1,59.125000,129.250000
748,1,69.125000,125.875000
750,1,73.600000,126.350000
751,1,76.576923,128.576923
753,1,86.840000,132.440000
754,1,89.000000,131.086957
757,1,103.807692,124.653846
759,1,120.400000,119.520000
760,1,130.200000,124.480000
762,1,136.583333,127.708333
763,1,144.166667,125.416667
765,1,148.640000,121.760000
766,1,154.153846,116.461538
767,1,155.520000,126.480000
769,1,169.916667,119.791667
770,1,175.730769,131.730769
771,1,182.608696,123.521739
772,1,180.208333,128.750000
773,1,189.600000,125.720000
776,1,201.500000,120.038462
777,1,208.760000,125.160000
778,1,210.384615,121.500000
781,1,231.000000,121.807692
784,1,25.666667,136.851852
785,1,23.440000,131.320000
788,1,40.833333,126.708333
790,1,59.181818,124.772727
792,1,64.791667,131.958333
793,1,64.964286,137.964286
797,1,85.518519,129.888889
800,1,104.192308,135.461538
807,1,141.043478,129.869565
808,1,135.208333,124.166667
810,1,150.800000,132.480000
811,1,154.200000,131.480000
813,1,164.041667,141.291667
815,1,181.730769,135.269231
816,1,185.464286,148.000000
817,1,182.000000,138.346154
819,1,193.769231,137.000000
820,1,198.708333,130.791667
822,1,212.173913,128.347826
823,1,214.923077,134.076923
824,1,224.000000,130.160000
825,1,227.521739,125.304348
827,1,232.720000,134.600000
828,1,22.640000,138.320000
831,1,41.240000,135.120000
832,1,48.125000,142.458333
833,1,46.291667,132.000000
836,1,66.576923,141.576923
837,1,62.440000,138.680000
840,1,81.826087,128.782609
841,1,92.407407,133.185185
842,1,87.642857,138.678571
843,1,104.142857,138.380952
844,1,97.458333,136.583333
845,1,102.653846,137.230769
848,1,125.814815,131.333333
849,1,126.785714,142.678571
853,1,146.440000,139.880000
855,1,157.185185,141.740741
857,1,170.428571,125.285714
858,1,173.818182,139.500000
859,1,179.681818,136.045455
861,1,192.259259,140.518519
862,1,202.500000,138.833333
863,1,197.035714,134.107143
866,1,208.640000,130.760000
873,1,26.884615,149.115385
874,1,28.260870,144.043478
877,1,49.260870,141.130435
880,1,69.739130,146.304348
882,1,76.875000,148.166667
883,1,75.040000,142.840000
884,1,81.640000,142.520000
893,1,125.458333,141.958333
894,1,132.625000,140.625000
896,1,138.884615,143.038462
899,1,164.440000,131.440000
900,1,156.250000,141.375000
901,1,160.000000,144.481481
902,1,168.148148,137.000000
903,1,174.000000,138.440000
904,1,182.791667,143.416667
905,1,187.800000,143.040000
906,1,188.481481,138.592593
908,1,202.120000,142.120000
909,1,199.851852,137.518519
910,1,212.565217,142.130435
911,1,214.434783,138.695652
912,1,222.347826,146.304348
913,1,223.440000,141.440000
914,1,228.208333,142.916667
917,1,32.173913,141.913043
918,1,34.250000,144.458333
919,1,44.416667,147.791667
920,1,49.222222,149.148148
921,1,46.192308,144.692308
923,1,57.586207,148.068966
924,1,62.148148,147.148148
925,1,69.363636,149.318182
926,1,79.043478,140.782609
929,1,81.560000,137.240000
931,1,98.240000,149.440000
932,1,99.423077,146.115385
933,1,108.521739,140.347826
935,1,123.538462,153.769231
936,1,120.560000,155.440000
937,1,127.703704,147.740741
939,1,136.880000,146.760000
940,1,140.880000,147.080000
941,1,146.583333,150.291667
943,1,160.115385,147.192308
946,1,169.708333,152.250000
947,1,176.291667,143.208333
948,1,174.115385,146.769231
950,1,188.272727,152.272727
955,1,211.692308,146.961538
956,1,218.821429,142.464286
959,1,236.423077,149.230769
960,1,25.714286,153.904762
965,1,38.680000,147.440000
967,1,63.000000,149.640000
968,1,62.703704,151.703704
971,1,79.125000,151.250000
972,1,78.500000,154.730769
973,1,87.653846,149.500000
975,1,98.954545,153.136364
976,1,102.681818,150.272727
980,1,131.500000,145.653846
981,1,121.481481,148.333333
985,1,125.500000,137.750000
986,1,156.000000,148.666667
987,1,151.760000,144.920000
989,1,171.384615,156.461538
991,1,176.500000,153.192308
992,1,180.629630,150.259259
993,1,180.038462,149.923077
996,1,204.760000,148.400000
997,1,215.565217,152.086957
998,1,215.695652,167.565217
999,1,216.076923,146.576923
1000,1,220.120000,151.800000
1001,1,219.629630,157.333333
1002,1,225.920000,151.240000
1003,1,235.166667,155.000000
1005,1,29.240000,156.280000
1007,1,39.520000,161.040000
1011,1,56.692308,153.000000
1012,1,62.444444,161.740741
1013,1,63.956522,167.434783
1015,1,77.230769,157.807692
1018,1,93.208333,159.666667
1019,1,93.166667,149.333333
1021,1,109.454545,159.136364
1024,1,120.833333,162.291667
1025,1,124.538462,160.000000
1031,1,154.461538,153.730769
1033,1,169.653846,151.461538
1038,1,186.608696,160.391304
1040,1,205.440000,153.600000
1043,1,220.833333,161.125000
1044,1,224.760000,154.320000
1045,1,221.920000,159.680000
1046,1,232.259259,151.037037
1047,1,232.625000,161.166667
1049,1,30.666667,159.000000
1051,1,44.346154,163.038462
1052,1,51.320000,162.400000
1055,1,63.652174,156.652174
1056,1,63.583333,171.958333
1057,1,83.961538,169.269231
1058,1,70.259259,169.740741
1061,1,93.666667,154.500000
1063,1,102.678571,158.357143
1064,1,100.000000,158.173913
1065,1,116.518519,160.962963
1066,1,111.913043,166.347826
1067,1,126.347826,156.130435
1071,1,148.962963,161.925926
1072,1,154.875000,162.166667
1073,1,151.304348,158.217391
1074,1,158.962963,153.851852
1076,1,166.333333,158.666667
1079,1,189.884615,156.730769
1080,1,186.416667,168.875000
1085,1,208.538462,164.846154
1086,1,214.166667,156.583333
1088,1,219.800000,169.360000
1089,1,231.120000,152.840000
1090,1,229.083333,167.083333
1094,1,50.760000,167.880000
1095,1,45.185185,168.740741
1096,1,58.846154,163.692308
1097,1,54.240000,166.520000
1098,1,74.041667,170.708333
1100,1,76.166667,173.375000
1102,1,82.392857,170.607143
1104,1,94.560000,160.440000
1108,1,106.375000,169.166667
1111,1,138.640000,178.960000
1113,1,143.538462,164.500000
1114,1,139.730769,164.346154
1115,1,149.200000,162.200000
1116,1,144.500000,168.346154
1117,1,158.192308,163.115385
1120,1,171.521739,169.304348
1122,1,185.076923,164.038462
1123,1,185.551724,172.586207
1128,1,213.080000,161.520000
1129,1,218.730769,164.423077
1130,1,225.280000,169.800000
1131,1,220.391304,172.217391
1133,1,30.333333,170.925926
1134,1,35.875000,176.541667
1136,1,41.136364,178.363636
1137,1,45.208333,165.041667
1138,1,45.280000,175.200000
1141,1,69.481481,176.000000
1142,1,73.000000,163.862069
1143,1,84.153846,166.692308
1144,1,77.555556,168.814815
1147,1,101.909091,173.909091
1148,1,116.375000,178.958333
1149,1,103.148148,177.629630
1150,1,109.038462,169.769231
1152,1,121.708333,176.000000
1154,1,131.913043,177.826087
1156,1,142.458333,182.500000
1158,1,149.653846,166.846154
1159,1,156.400000,168.600000
1161,1,167.423077,170.307692
1162,1,174.148148,173.481481
1163,1,182.000000,174.750000
1166,1,194.086957,174.913043
1167,1,191.000000,177.538462
1172,1,216.120000,176.240000
1173,1,227.863636,158.409091
1175,1,32.961538,178.923077
1177,1,50.043478,166.913043
1182,1,65.541667,175.125000
1186,1,86.923077,186.346154
1187,1,93.640000,172.400000
1189,1,95.916667,174.958333
1190,1,108.791667,175.958333
1192,1,114.208333,174.416667
1193,1,118.200000,178.720000
1194,1,125.222222,178.740741
1195,1,129.708333,176.583333
1196,1,140.000000,170.200000
1201,1,162.080000,175.720000
1203,1,168.434783,174.782609
1205,1,180.458333,175.000000
1207,1,196.407407,179.555556
1208,1,198.407407,174.925926
1209,1,192.260870,171.130435
1212,1,215.480000,179.280000
1213,1,219.925926,184.111111
1214,1,226.615385,171.846154
1215,1,32.461538,173.576923
1218,1,48.291667,180.458333
1219,1,45.125000,181.958333
1223,1,78.080000,183.440000
1224,1,81.923077,184.038462
1225,1,87.782609,179.478261
1226,1,84.000000,179.360000
1228,1,105.625000,175.708333
1229,1,99.000000,171.153846
1231,1,120.086957,183.304348
1232,1,114.181818,186.954545
1234,1,129.000000,174.080000
1237,1,137.259259,176.777778
1239,1,150.250000,181.625000
1240,1,164.166667,179.833333
1241,1,173.818182,185.090909
1242,1,173.434783,198.391304
1243,1,170.346154,183.576923
1247,1,192.913043,185.826087
1248,1,191.652174,181.434783
1251,1,217.250000,175.125000
1252,1,216.600000,183.920000
1253,1,223.791667,179.083333
1254,1,226.695652,175.782609
1255,1,36.708333,191.791667
1259,1,56.208333,185.583333
1260,1,70.958333,181.875000
1261,1,68.280000,189.400000
1264,1,84.041667,182.416667
1270,1,115.130435,192.173913
1271,1,109.391304,186.608696
1273,1,127.782609,190.521739
1276,1,142.958333,187.541667
1277,1,146.875000,185.083333
1281,1,162.800000,193.960000
1282,1,166.434783,187.043478
1283,1,172.730769,187.884615
1285,1,188.521739,191.869565
1288,1,207.120000,193.960000
1291,1,214.370370,189.333333
1293,1,37.480000,188.080000
1294,1,41.958333,192.500000
1296,1,53.086957,185.652174
1300,1,69.040000,187.920000
1303,1,97.166667,192.041667
1304,1,90.038462,189.576923
1305,1,93.107143,193.964286
1306,1,105.434783,197.608696
1307,1,105.000000,191.272727
1308,1,112.625000,185.083333
1310,1,118.440000,196.080000
1311,1,125.347826,193.565217
1313,1,146.250000,195.041667
1315,1,148.160000,189.360000
1317,1,158.041667,204.208333
1318,1,160.240000,185.720000
1319,1,171.200000,193.040000
1320,1,168.360000,199.800000
1321,1,175.695652,189.521739
1324,1,193.434783,192.217391
1327,1,211.041667,191.666667
1328,1,213.037037,185.148148
1329,1,219.115385,191.961538
1332,1,43.625000,192.541667
1333,1,53.521739,199.695652
1334,1,57.518519,196.518519
1337,1,68.875000,194.875000
1341,1,90.892857,197.464286
1342,1,100.240000,194.120000
1344,1,110.875000,191.083333
1346,1,112.500000,202.090909
1347,1,122.956522,193.652174
1352,1,158.615385,196.115385
1353,1,151.333333,194.190476
1354,1,155.192308,199.000000
1356,1,161.423077,190.307692
1359,1,183.846154,197.961538
1360,1,189.115385,197.346154
1361,1,186.208333,193.333333
1364,1,210.185185,191.518519
1365,1,215.217391,196.608696
1370,1,61.481481,201.000000
1378,1,93.166667,209.875000
1380,1,111.208333,195.625000
1381,1,118.000000,200.869565
1384,1,135.307692,199.230769
1385,1,137.160000,208.120000
1386,1,136.304348,202.826087
1387,1,144.826087,203.434783
1389,1,152.545455,200.181818
1391,1,174.884615,206.000000
1392,1,165.370370,196.851852
1394,1,172.363636,202.681818
1398,1,211.250000,198.125000
1402,1,59.600000,201.960000
1403,1,61.916667,208.375000
1406,1,76.538462,207.846154
1407,1,94.500000,208.807692
1408,1,87.666667,219.500000
1409,1,91.000000,207.869565
1410,1,102.280000,198.200000
1411,1,104.000000,213.920000
1413,1,112.291667,207.333333
1414,1,113.769231,199.230769
1415,1,120.782609,204.173913
1418,1,143.769231,205.384615
1419,1,147.320000,198.480000
1420,1,140.571429,203.857143
1422,1,151.333333,199.958333
1424,1,166.625000,189.958333
1427,1,175.272727,210.863636
1430,1,198.960000,207.320000
1431,1,202.846154,204.153846
1432,1,205.920000,199.080000
1433,1,67.958333,212.458333
1434,1,62.181818,214.954545
1436,1,79.000000,212.655172
1437,1,69.750000,212.964286
1438,1,82.541667,210.416667
1439,1,86.208333,205.916667
1441,1,94.642857,216.321429
1443,1,114.666667,213.666667
1444,1,112.000000,211.576923
1445,1,118.000000,206.333333
1446,1,119.840000,211.520000
1450,1,148.086957,205.956522
1454,1,160.724138,224.206897
1456,1,171.041667,207.875000
1457,1,166.250000,210.208333
1458,1,188.250000,212.916667
1460,1,193.461538,207.846154
1463,1,71.458333,216.833333
1464,1,63.304348,218.347826
1465,1,78.217391,218.260870
1467,1,86.125000,214.041667
1468,1,87.250000,211.458333
1469,1,91.458333,218.750000
1471,1,96.833333,213.833333
1472,1,109.695652,215.869565
1475,1,123.500000,210.923077
1477,1,133.320000,218.800000
1478,1,137.625000,213.791667
1480,1,141.480000,211.160000
1483,1,161.080000,218.520000
1486,1,179.318182,213.681818
1489,1,197.038462,209.884615
1490,1,189.884615,214.576923
1491,1,75.583333,209.291667
1492,1,75.400000,222.360000
1493,1,82.541667,218.958333
1494,1,78.458333,217.833333
1496,1,89.708333,224.583333
1497,1,102.869565,211.913043
1498,1,102.846154,219.576923
1500,1,111.320000,229.440000
1502,1,123.818182,216.681818
1503,1,123.120000,219.720000
1510,1,165.695652,220.956522
1511,1,170.695652,221.826087
1512,1,174.518519,217.148148
1513,1,180.192308,215.000000
1515,1,189.809524,218.619048
1520,1,102.636364,219.090909
1523,1,110.760000,224.440000
1524,1,124.833333,236.458333
1526,1,123.090909,226.727273
1527,1,130.541667,232.291667
1529,1,143.666667,225.541667
1531,1,149.440000,227.320000
1532,1,153.481481,227.555556
1534,1,164.185185,225.407407
1536,1,169.640000,223.960000
1540,1,93.333333,224.625000
1542,1,107.740741,233.444444
1545,1,116.652174,232.782609
1546,1,119.160000,236.680000
1547,1,129.785714,227.642857
1548,1,138.625000,232.708333
1550,1,147.037037,230.814815
1551,1,155.772727,224.272727
1552,1,142.269231,232.423077
1553,1,151.772727,229.045455
1554,1,157.333333,232.416667
1555,1,169.560000,228.880000
1557,1,96.040000,228.840000
1560,1,113.347826,236.913043
1561,1,119.962963,230.111111
1562,1,122.320000,229.680000
1563,1,127.346154,233.307692
1564,1,126.560000,235.720000
1566,1,139.040000,236.480000
1567,1,144.884615,234.115385
1568,1,150.346154,234.923077
1569,1,154.500000,236.681818
