ID,type,x COM, y COM
2,2,111.608696,21.565217
5,2,121.826087,21.000000
6,2,127.695652,21.260870
7,2,132.680000,22.240000
9,2,138.875000,21.000000
10,2,150.680000,22.360000
12,2,156.826087,23.869565
13,2,87.000000,31.846154
14,2,91.760000,25.440000
15,2,95.520000,28.920000
16,2,98.384615,25.500000
18,2,111.478261,25.478261
19,2,112.960000,29.400000
22,2,131.565217,26.434783
23,2,136.090909,28.454545
26,2,152.666667,29.000000
31,2,77.636364,35.590909
34,2,91.375000,31.208333
38,2,111.416667,34.166667
39,2,116.500000,33.500000
41,2,128.320000,31.600000
42,2,132.846154,31.576923
45,2,148.730769,31.461538
46,2,154.296296,33.481481
47,2,157.772727,29.227273
51,2,174.956522,30.173913
53,2,72.884615,36.346154
55,2,82.833333,34.208333
57,2,93.560000,37.000000
58,2,97.695652,32.913043
61,2,116.384615,38.807692
62,2,120.250000,38.850000
63,2,121.840000,35.840000
65,2,129.409091,36.227273
66,2,134.136364,36.818182
67,2,140.227273,36.636364
76,2,189.125000,37.375000
77,2,196.400000,39.960000
78,2,61.500000,41.538462
79,2,67.692308,39.115385
81,2,78.230769,43.961538
82,2,79.076923,39.576923
84,2,95.571429,41.619048
85,2,101.391304,43.391304
87,2,107.346154,43.461538
88,2,112.380952,44.095238
89,2,116.307692,43.884615
90,2,121.083333,44.083333
91,2,126.083333,41.083333
92,2,130.961538,41.307692
93,2,137.730769,39.923077
94,2,137.727273,44.590909
96,2,153.259259,42.814815
98,2,157.760000,44.840000
100,2,176.250000,47.250000
101,2,178.120000,42.200000
103,2,185.458333,39.208333
109,2,74.740741,47.074074
110,2,80.200000,50.840000
113,2,93.125000,46.666667
114,2,98.423077,47.192308
115,2,103.708333,48.041667
117,2,107.923077,53.115385
118,2,113.708333,49.625000
122,2,134.833333,49.750000
125,2,149.708333,55.041667
130,2,179.916667,47.083333
131,2,183.920000,46.040000
132,2,188.173913,46.130435
133,2,192.954545,47.681818
134,2,196.478261,49.521739
135,2,198.772727,44.454545
136,2,56.346154,53.076923
137,2,60.190476,53.238095
138,2,63.272727,52.409091
139,2,68.523810,54.047619
140,2,71.909091,52.090909
142,2,80.045455,56.136364
144,2,91.153846,52.038462
146,2,102.000000,51.681818
151,2,124.083333,55.750000
153,2,131.826087,52.782609
155,2,151.880000,59.080000
162,2,181.320000,57.880000
166,2,202.160000,48.480000
167,2,206.500000,53.090909
170,2,57.307692,57.538462
171,2,64.041667,58.291667
173,2,76.640000,52.680000
177,2,91.923077,57.230769
179,2,106.652174,57.826087
181,2,113.000000,58.750000
183,2,127.480000,57.240000
184,2,130.954545,58.272727
185,2,135.200000,56.840000
188,2,146.846154,60.076923
190,2,157.391304,58.217391
192,2,167.875000,58.541667
195,2,179.958333,61.958333
197,2,185.884615,55.384615
200,2,202.960000,61.760000
201,2,206.416667,57.083333
202,2,41.541667,64.708333
203,2,47.695652,63.521739
204,2,54.375000,61.500000
206,2,59.444444,61.814815
211,2,87.954545,65.409091
213,2,95.480000,60.520000
214,2,101.086957,60.434783
216,2,113.565217,62.652174
219,2,134.192308,62.423077
221,2,143.083333,63.208333
223,2,149.782609,64.869565
225,2,153.680000,64.040000
227,2,167.904762,63.809524
230,2,185.888889,62.555556
231,2,188.681818,59.727273
232,2,196.041667,62.791667
233,2,198.423077,59.730769
235,2,208.636364,60.590909
236,2,215.653846,63.692308
240,2,52.541667,66.875000
244,2,72.916667,63.083333
245,2,73.833333,67.333333
247,2,93.230769,71.346154
248,2,90.791667,62.291667
252,2,111.739130,65.739130
257,2,138.592593,62.296296
259,2,145.961538,67.000000
260,2,154.600000,68.520000
263,2,166.480000,69.320000
266,2,182.880000,72.600000
268,2,191.375000,64.291667
269,2,199.560000,66.760000
271,2,210.392857,65.214286
278,2,52.666667,71.166667
280,2,66.041667,72.875000
284,2,87.208333,68.833333
285,2,88.040000,76.960000
286,2,88.708333,72.583333
287,2,97.307692,76.500000
296,2,144.360000,72.440000
297,2,149.875000,71.000000
299,2,155.769231,73.230769
300,2,162.541667,77.583333
304,2,181.818182,77.090909
306,2,193.192308,68.307692
308,2,202.115385,70.923077
309,2,205.000000,65.720000
314,2,37.217391,80.347826
317,2,53.818182,77.727273
320,2,66.730769,77.461538
321,2,73.238095,79.523810
325,2,93.090909,76.909091
327,2,105.678571,78.892857
329,2,110.833333,77.458333
333,2,135.760000,72.320000
334,2,138.565217,75.086957
336,2,142.416667,77.083333
338,2,156.125000,78.625000
340,2,165.480000,81.600000
341,2,170.333333,82.083333
344,2,186.880000,78.040000
349,2,210.280000,75.920000
351,2,221.307692,76.692308
352,2,224.818182,80.045455
354,2,39.909091,86.090909
356,2,47.583333,78.208333
357,2,47.360000,82.240000
358,2,54.600000,82.040000
361,2,78.125000,85.625000
362,2,73.750000,84.250000
365,2,93.434783,82.391304
368,2,104.391304,83.434783
370,2,118.769231,82.038462
371,2,124.160000,82.760000
372,2,127.720000,79.960000
373,2,133.880000,78.400000
374,2,135.640000,82.520000
375,2,141.192308,80.692308
378,2,156.869565,83.434783
379,2,160.952381,81.619048
383,2,181.952381,80.333333
384,2,185.200000,84.120000
385,2,190.884615,82.076923
386,2,195.652174,79.695652
388,2,209.615385,81.692308
391,2,219.590909,80.954545
392,2,230.666667,85.583333
395,2,40.750000,90.250000
397,2,47.920000,84.600000
398,2,52.739130,88.000000
399,2,56.272727,87.136364
405,2,89.320000,81.760000
407,2,95.200000,87.300000
409,2,105.000000,86.750000
410,2,114.409091,83.818182
411,2,119.629630,86.592593
416,2,141.000000,85.000000
418,2,147.583333,88.625000
419,2,153.608696,87.565217
423,2,180.080000,92.600000
425,2,188.360000,87.080000
428,2,197.291667,87.125000
429,2,201.720000,91.520000
431,2,220.720000,88.280000
432,2,221.347826,84.608696
433,2,226.681818,84.500000
438,2,38.954545,95.909091
440,2,49.346154,89.846154
443,2,68.538462,92.153846
444,2,72.000000,92.000000
445,2,75.538462,91.346154
448,2,95.608696,93.695652
449,2,98.291667,90.583333
452,2,110.095238,88.238095
453,2,114.307692,89.000000
454,2,119.958333,92.208333
455,2,125.920000,92.960000
456,2,130.846154,91.038462
457,2,136.083333,91.750000
459,2,146.125000,92.708333
460,2,153.115385,92.076923
462,2,163.434783,94.956522
466,2,182.863636,89.000000
469,2,192.040000,91.320000
471,2,206.208333,92.791667
476,2,231.727273,90.909091
477,2,26.653846,99.384615
478,2,30.680000,97.560000
479,2,34.520000,95.760000
481,2,49.592593,96.037037
482,2,56.347826,98.347826
483,2,60.692308,101.730769
484,2,60.826087,97.217391
485,2,65.791667,99.791667
486,2,70.181818,97.727273
487,2,79.214286,93.821429
488,2,82.160000,97.920000
489,2,91.208333,90.958333
490,2,89.285714,95.142857
491,2,94.800000,97.960000
492,2,99.625000,97.125000
496,2,122.407407,97.074074
497,2,130.846154,97.000000
498,2,134.208333,97.666667
499,2,138.040000,96.400000
501,2,150.083333,95.083333
504,2,162.043478,99.782609
509,2,186.666667,99.291667
510,2,192.173913,99.130435
511,2,198.521739,92.782609
513,2,208.640000,97.680000
515,2,216.440000,100.800000
516,2,221.608696,98.695652
517,2,225.920000,95.840000
518,2,230.772727,95.636364
519,2,235.346154,95.615385
520,2,23.560000,106.960000
521,2,27.454545,104.363636
522,2,32.047619,102.714286
523,2,35.913043,100.826087
527,2,53.440000,100.760000
528,2,62.541667,105.458333
529,2,71.400000,102.280000
530,2,76.240000,101.320000
532,2,81.304348,103.956522
534,2,91.370370,101.185185
538,2,115.840000,105.480000
539,2,120.217391,104.695652
541,2,126.800000,99.040000
542,2,130.208333,102.500000
543,2,134.760000,106.280000
544,2,137.130435,102.260870
547,2,156.826087,102.304348
548,2,161.884615,104.807692
549,2,166.681818,100.454545
550,2,172.000000,104.538462
551,2,175.800000,108.960000
553,2,184.800000,103.360000
554,2,190.391304,104.478261
555,2,194.791667,94.375000
558,2,212.840000,97.920000
564,2,23.869565,113.173913
567,2,36.045455,107.136364
568,2,39.625000,105.083333
569,2,44.521739,107.217391
570,2,54.173913,111.826087
571,2,55.791667,105.333333
574,2,71.769231,107.846154
575,2,76.846154,106.192308
576,2,81.166667,109.083333
579,2,96.304348,102.695652
584,2,124.476190,105.142857
585,2,129.357143,106.678571
586,2,132.185185,111.555556
587,2,136.880000,112.120000
590,2,151.440000,103.600000
591,2,158.619048,107.047619
593,2,167.115385,105.076923
596,2,186.259259,107.555556
598,2,195.000000,106.333333
600,2,201.565217,108.217391
602,2,211.782609,104.000000
603,2,216.833333,105.666667
605,2,227.913043,104.695652
606,2,233.416667,107.083333
607,2,237.000000,106.954545
608,2,23.782609,118.173913
609,2,30.869565,116.391304
610,2,32.200000,110.880000
611,2,38.913043,110.826087
612,2,47.240000,111.640000
614,2,49.333333,115.791667
616,2,64.600000,115.480000
617,2,66.833333,110.833333
618,2,71.000000,112.800000
619,2,75.434783,111.434783
622,2,90.391304,112.695652
625,2,105.400000,110.600000
626,2,114.125000,112.416667
628,2,127.115385,111.423077
631,2,141.200000,112.400000
632,2,141.518519,116.740741
634,2,149.826087,109.652174
635,2,153.625000,107.625000
637,2,165.391304,109.217391
638,2,171.000000,110.000000
639,2,174.080000,114.400000
642,2,194.964286,112.428571
643,2,199.461538,110.961538
645,2,209.777778,111.037037
647,2,214.807692,110.076923
649,2,227.541667,108.583333
651,2,235.000000,112.615385
653,2,27.600000,120.320000
655,2,36.208333,115.333333
657,2,42.208333,112.250000
659,2,53.680000,117.000000
661,2,69.240000,117.640000
663,2,80.560000,114.120000
664,2,84.846154,117.730769
665,2,84.800000,113.050000
666,2,91.083333,116.833333
671,2,111.090909,118.181818
675,2,133.625000,116.375000
676,2,144.720000,119.960000
681,2,161.807692,116.653846
684,2,178.272727,117.772727
686,2,193.826087,117.304348
687,2,199.608696,116.043478
690,2,209.727273,115.863636
692,2,217.208333,118.541667
693,2,221.333333,115.916667
694,2,230.250000,111.666667
696,2,23.708333,123.291667
697,2,28.920000,125.880000
698,2,32.375000,121.416667
700,2,40.307692,118.192308
702,2,52.250000,126.250000
703,2,53.416667,121.833333
705,2,72.535714,120.285714
706,2,62.920000,121.200000
707,2,78.200000,123.080000
708,2,79.714286,119.190476
709,2,88.956522,121.086957
711,2,94.037037,120.666667
712,2,97.458333,123.416667
714,2,114.958333,126.000000
719,2,137.666667,120.083333
720,2,141.041667,123.458333
723,2,162.166667,121.416667
725,2,165.791667,125.958333
728,2,179.833333,122.291667
737,2,220.520000,121.760000
739,2,235.346154,117.461538
740,2,20.166667,128.333333
742,2,35.375000,126.375000
745,2,48.130435,128.695652
747,2,64.640000,128.480000
749,2,66.000000,123.125000
752,2,83.480000,123.280000
755,2,94.166667,127.916667
756,2,105.807692,128.692308
758,2,111.833333,128.750000
761,2,129.461538,130.500000
764,2,146.565217,129.478261
768,2,161.040000,125.560000
774,2,188.920000,133.440000
775,2,198.000000,128.130435
779,2,219.260870,127.217391
780,2,218.826087,132.086957
782,2,234.640000,131.360000
783,2,234.480000,126.920000
786,2,31.160000,129.800000
787,2,35.777778,131.407407
789,2,50.076923,137.076923
791,2,58.043478,131.478261
794,2,68.869565,134.173913
795,2,70.720000,130.080000
796,2,81.840000,132.800000
798,2,97.400000,131.000000
799,2,101.115385,127.384615
801,2,108.642857,132.535714
802,2,113.333333,133.750000
803,2,118.576923,131.846154
804,2,119.857143,136.238095
805,2,124.777778,133.000000
806,2,133.440000,130.040000
809,2,144.200000,132.800000
812,2,159.423077,130.423077
814,2,168.793103,131.586207
818,2,193.291667,130.416667
821,2,205.250000,132.208333
826,2,229.440000,129.360000
829,2,30.500000,135.875000
830,2,35.125000,136.333333
834,2,52.600000,131.600000
835,2,59.480000,135.960000
838,2,73.692308,135.653846
839,2,77.680000,136.600000
846,2,113.608696,137.869565
847,2,116.720000,141.160000
850,2,131.692308,135.538462
851,2,138.000000,134.777778
852,2,143.480000,137.680000
854,2,153.440000,137.960000
856,2,160.500000,136.250000
860,2,185.434783,132.173913
864,2,205.166667,137.333333
865,2,209.130435,136.826087
867,2,218.333333,136.000000
868,2,223.250000,136.041667
869,2,227.739130,134.304348
870,2,230.160000,138.680000
871,2,235.347826,139.521739
872,2,23.440000,146.040000
875,2,37.000000,141.173913
876,2,40.666667,141.708333
878,2,55.458333,136.625000
879,2,58.280000,142.320000
881,2,70.642857,145.214286
885,2,86.440000,146.720000
886,2,92.857143,139.107143
887,2,98.000000,140.440000
888,2,99.840000,143.760000
889,2,108.120000,146.920000
890,2,112.391304,143.304348
891,2,117.625000,146.291667
892,2,120.375000,141.500000
895,2,138.260870,138.913043
897,2,147.565217,140.695652
898,2,157.080000,137.600000
907,2,193.750000,144.916667
915,2,237.750000,144.666667
916,2,22.080000,151.240000
922,2,53.520000,144.200000
927,2,72.125000,151.333333
928,2,82.761905,147.619048
930,2,91.160000,143.240000
934,2,112.541667,148.750000
938,2,134.000000,150.560000
942,2,145.695652,148.086957
944,2,163.880000,149.600000
945,2,165.038462,144.230769
949,2,190.440000,151.680000
951,2,195.481481,148.259259
952,2,198.958333,143.708333
953,2,208.952381,142.285714
954,2,209.636364,150.681818
957,2,228.956522,146.217391
958,2,232.208333,143.458333
961,2,31.880000,150.280000
962,2,36.541667,147.250000
963,2,36.130435,152.173913
964,2,40.608696,155.130435
966,2,49.227273,151.772727
969,2,67.160000,154.280000
970,2,70.869565,158.869565
974,2,87.958333,153.125000
977,2,106.772727,151.954545
978,2,112.037037,153.851852
979,2,116.400000,151.250000
982,2,128.833333,151.166667
983,2,139.708333,153.208333
984,2,138.280000,156.640000
988,2,161.260870,154.565217
990,2,168.520000,147.440000
994,2,195.592593,153.074074
995,2,199.692308,150.884615
1004,2,21.545455,156.136364
1006,2,35.000000,156.000000
1008,2,43.480000,158.600000
1009,2,45.080000,153.000000
1010,2,48.260870,157.217391
1014,2,66.916667,158.916667
1016,2,83.136364,153.636364
1017,2,87.043478,157.173913
1020,2,105.760000,155.720000
1022,2,112.625000,158.000000
1023,2,119.565217,153.608696
1026,2,130.800000,159.040000
1027,2,133.045455,154.272727
1028,2,138.260870,160.478261
1029,2,144.880000,153.840000
1030,2,149.148148,153.111111
1032,2,160.214286,158.892857
1034,2,171.608696,160.434783
1035,2,177.000000,159.956522
1036,2,181.666667,157.190476
1037,2,185.636364,154.636364
1039,2,195.500000,157.363636
1041,2,201.807692,154.769231
1042,2,209.400000,156.600000
1048,2,23.434783,160.608696
1050,2,33.782609,162.782609
1053,2,52.521739,156.695652
1054,2,56.285714,159.714286
1059,2,83.384615,160.500000
1060,2,88.000000,161.600000
1062,2,100.291667,161.958333
1068,2,128.958333,169.458333
1069,2,128.826087,164.739130
1070,2,133.960000,161.720000
1075,2,163.440000,163.720000
1077,2,171.916667,164.916667
1078,2,180.080000,162.560000
1081,2,190.875000,162.541667
1082,2,195.346154,161.615385
1083,2,201.043478,160.217391
1084,2,205.291667,157.875000
1087,2,226.600000,164.760000
1091,2,28.190476,164.238095
1092,2,32.400000,166.880000
1093,2,37.920000,166.200000
1099,2,69.653846,165.000000
1101,2,79.909091,162.409091
1103,2,88.680000,167.880000
1105,2,96.434783,164.652174
1106,2,103.652174,164.086957
1107,2,108.269231,165.769231
1109,2,117.173913,166.086957
1110,2,123.130435,167.173913
1112,2,133.541667,166.416667
1118,2,161.777778,168.555556
1119,2,167.500000,164.884615
1121,2,175.680000,166.680000
1124,2,191.391304,167.478261
1125,2,197.040000,167.720000
1126,2,199.423077,164.307692
1127,2,203.791667,165.416667
1132,2,231.217391,167.391304
1135,2,38.190476,171.142857
1139,2,53.304348,173.869565
1140,2,56.909091,172.045455
1145,2,89.826087,174.000000
1146,2,93.120000,167.720000
1151,2,118.360000,170.160000
1153,2,123.115385,171.923077
1155,2,134.130435,170.869565
1157,2,147.821429,171.892857
1160,2,158.565217,172.521739
1164,2,179.500000,168.727273
1165,2,184.291667,180.041667
1168,2,200.600000,172.960000
1169,2,207.800000,170.680000
1170,2,203.960000,171.840000
1171,2,212.520000,170.440000
1174,2,230.333333,172.000000
1176,2,43.318182,172.363636
1178,2,48.761905,171.761905
1179,2,51.000000,178.428571
1180,2,57.000000,176.909091
1181,2,63.000000,177.173913
1183,2,70.461538,180.153846
1184,2,75.608696,179.086957
1185,2,79.478261,176.304348
1188,2,96.227273,180.272727
1191,2,110.392857,182.000000
1197,2,142.391304,174.565217
1198,2,148.640000,176.120000
1199,2,153.720000,173.320000
1200,2,154.040000,178.080000
1202,2,166.304348,179.478261
1204,2,176.640000,175.720000
1206,2,188.800000,181.280000
1210,2,206.769231,177.076923
1211,2,210.916667,175.041667
1216,2,34.285714,183.035714
1217,2,40.086957,182.304348
1220,2,55.750000,180.500000
1221,2,60.961538,181.884615
1222,2,65.880000,182.600000
1227,2,91.760000,179.560000
1230,2,105.380952,182.666667
1233,2,127.230769,185.923077
1235,2,134.520000,182.200000
1236,2,137.260870,186.478261
1238,2,145.347826,179.000000
1244,2,171.653846,177.538462
1245,2,178.500000,180.307692
1246,2,187.160000,187.200000
1249,2,201.043478,180.434783
1250,2,204.080000,181.160000
1256,2,43.041667,185.541667
1257,2,48.523810,186.333333
1258,2,50.583333,190.083333
1262,2,74.208333,187.000000
1263,2,78.857143,189.857143
1265,2,93.080000,184.560000
1266,2,96.173913,188.782609
1267,2,98.560000,184.840000
1268,2,101.727273,182.409091
1269,2,102.181818,188.272727
1272,2,122.888889,186.148148
1274,2,130.250000,184.583333
1275,2,137.086957,190.739130
1278,2,151.074074,186.592593
1279,2,155.538462,183.500000
1280,2,159.320000,180.680000
1284,2,183.130435,184.521739
1286,2,196.576923,186.923077
1287,2,200.434783,187.608696
1289,2,204.520000,188.360000
1290,2,207.080000,186.480000
1292,2,224.875000,184.208333
1295,2,47.615385,193.923077
1297,2,54.555556,192.333333
1298,2,62.652174,192.304348
1299,2,64.111111,187.222222
1301,2,73.923077,191.884615
1302,2,82.173913,192.086957
1309,2,117.954545,187.318182
1312,2,132.600000,190.440000
1314,2,143.909091,192.227273
1316,2,155.360000,188.680000
1322,2,182.958333,189.208333
1323,2,178.863636,193.272727
1325,2,199.333333,192.583333
1326,2,203.840000,194.200000
1330,2,221.625000,187.791667
1331,2,44.291667,197.333333
1335,2,58.956522,190.782609
1336,2,65.703704,197.333333
1338,2,75.480000,195.560000
1339,2,82.083333,196.916667
1340,2,86.600000,194.800000
1343,2,98.720000,200.840000
1345,2,106.714286,200.809524
1348,2,127.653846,199.807692
1349,2,129.833333,194.583333
1350,2,135.190476,195.428571
1351,2,140.307692,192.769231
1355,2,162.000000,200.000000
1357,2,173.391304,193.913043
1358,2,178.629630,197.370370
1362,2,197.708333,196.333333
1363,2,202.173913,199.043478
1366,2,213.409091,201.909091
1367,2,50.576923,197.384615
1368,2,49.840000,203.800000
1369,2,54.608696,203.695652
1371,2,67.600000,202.880000
1372,2,71.125000,200.458333
1373,2,76.653846,199.115385
1374,2,83.565217,201.652174
1375,2,87.461538,199.653846
1376,2,91.695652,204.130435
1377,2,94.761905,200.142857
1379,2,103.565217,204.434783
1382,2,122.720000,200.480000
1383,2,130.960000,203.720000
1388,2,150.222222,208.222222
1390,2,162.807692,204.769231
1393,2,180.961538,202.307692
1395,2,186.250000,203.375000
1396,2,192.863636,200.272727
1397,2,197.476190,201.142857
1399,2,205.521739,208.434783
1400,2,208.153846,204.423077
1401,2,58.200000,206.880000
1404,2,70.565217,206.652174
1405,2,74.703704,205.148148
1412,2,98.192308,206.230769
1416,2,125.304348,204.739130
1417,2,131.869565,209.434783
1421,2,155.680000,207.840000
1423,2,159.772727,208.727273
1425,2,168.392857,205.535714
1426,2,180.208333,207.541667
1428,2,183.909091,208.000000
1429,2,190.086957,202.565217
1435,2,64.346154,207.384615
1440,2,85.695652,204.782609
1442,2,107.304348,207.000000
1447,2,126.583333,208.666667
1448,2,128.680000,213.240000
1449,2,137.750000,212.950000
1451,2,145.869565,213.086957
1452,2,153.384615,216.653846
1453,2,155.333333,212.750000
1455,2,164.043478,214.565217
1459,2,190.458333,207.541667
1461,2,193.791667,215.666667
1462,2,198.826087,214.043478
1466,2,68.750000,220.600000
1470,2,97.666667,220.875000
1473,2,113.583333,217.791667
1474,2,118.346154,217.846154
1476,2,128.560000,217.320000
1479,2,141.739130,216.565217
1481,2,149.576923,214.230769
1482,2,159.960000,213.560000
1484,2,171.269231,219.038462
1485,2,167.680000,214.560000
1487,2,180.541667,216.541667
1488,2,184.500000,217.791667
1495,2,85.125000,225.625000
1499,2,108.807692,221.153846
1501,2,114.291667,222.291667
1504,2,133.208333,224.625000
1505,2,138.130435,226.478261
1506,2,136.869565,221.565217
1507,2,145.904762,218.571429
1508,2,148.090909,222.818182
1509,2,151.440000,220.680000
1514,2,180.041667,221.458333
1516,2,184.888889,224.000000
1517,2,77.291667,227.375000
1518,2,81.640000,228.080000
1519,2,88.782609,229.608696
1521,2,100.545455,224.409091
1522,2,103.619048,231.380952
1525,2,118.680000,225.120000
1528,2,129.680000,221.320000
1530,2,141.666667,222.166667
1533,2,161.041667,229.208333
1535,2,163.409091,232.636364
1537,2,174.840000,227.240000
1538,2,180.000000,226.181818
1539,2,92.600000,230.440000
1541,2,100.909091,228.863636
1543,2,106.250000,225.000000
1544,2,113.600000,231.600000
1549,2,134.846154,230.423077
1556,2,169.153846,232.615385
1558,2,99.880000,235.560000
1559,2,104.869565,237.000000
1565,2,133.695652,236.478261
1570,2,160.318182,236.909091
1,1,102.160000,29.800000
3,1,117.384615,22.230769
4,1,123.125000,29.208333
8,1,139.185185,25.333333
11,1,150.227273,25.727273
17,1,105.320000,26.360000
20,1,116.961538,27.615385
21,1,126.136364,26.045455
24,1,144.230769,23.961538
25,1,144.785714,27.714286
27,1,175.920000,36.720000
28,1,163.173913,32.086957
29,1,161.346154,34.730769
30,1,161.517241,25.862069
32,1,88.615385,43.461538
33,1,89.272727,40.454545
35,1,102.227273,37.318182
36,1,106.869565,31.130435
37,1,106.291667,37.416667
40,1,121.478261,26.217391
43,1,142.652174,32.478261
44,1,138.500000,31.750000
48,1,169.960000,30.720000
49,1,158.750000,38.750000
50,1,163.535714,40.428571
52,1,177.125000,34.708333
54,1,68.960000,46.000000
56,1,88.120000,37.800000
59,1,99.000000,38.827586
60,1,110.782609,39.739130
64,1,124.730769,33.500000
68,1,147.160000,36.400000
69,1,150.846154,38.346154
70,1,156.350000,37.050000
71,1,166.653846,28.153846
72,1,162.961538,44.307692
73,1,172.285714,43.238095
74,1,168.652174,34.739130
75,1,172.875000,42.166667
80,1,73.782609,41.173913
83,1,87.807692,47.038462
86,1,105.576923,33.923077
95,1,147.958333,43.708333
97,1,145.400000,43.600000
99,1,169.720000,37.040000
102,1,181.444444,38.259259
104,1,193.000000,43.260870
105,1,188.608696,41.521739
106,1,63.166667,46.750000
107,1,66.960000,44.000000
108,1,67.480000,48.120000
111,1,82.538462,45.500000
112,1,84.923077,38.423077
116,1,108.640000,48.040000
119,1,127.269231,49.076923
120,1,120.173913,52.130435
121,1,130.692308,46.846154
123,1,140.800000,52.320000
124,1,149.500000,49.208333
126,1,142.956522,39.913043
127,1,153.347826,47.826087
128,1,161.000000,53.240000
129,1,173.291667,53.208333
141,1,78.259259,59.074074
143,1,86.680000,56.520000
145,1,96.230769,51.538462
147,1,107.130435,60.869565
148,1,114.875000,55.541667
149,1,115.136364,55.136364
150,1,118.200000,49.280000
152,1,126.560000,47.880000
154,1,141.740741,46.555556
156,1,158.230769,50.307692
157,1,162.880000,57.200000
158,1,163.375000,48.000000
159,1,168.680000,43.160000
160,1,165.909091,54.318182
161,1,174.347826,50.260870
163,1,176.041667,56.875000
164,1,194.206897,55.448276
165,1,189.208333,51.083333
168,1,47.125000,58.666667
169,1,50.960000,57.960000
172,1,70.416667,57.416667
174,1,80.480000,69.040000
175,1,82.333333,64.333333
176,1,85.444444,51.592593
178,1,102.090909,55.863636
180,1,106.166667,65.458333
182,1,122.384615,65.461538
186,1,128.782609,46.260870
187,1,142.076923,55.038462
189,1,145.961538,54.153846
191,1,168.347826,49.826087
193,1,172.772727,59.636364
194,1,179.500000,66.708333
196,1,183.192308,51.307692
198,1,192.000000,56.392857
199,1,199.833333,55.125000
205,1,56.760000,66.480000
207,1,73.833333,69.208333
208,1,66.888889,62.000000
209,1,77.625000,62.000000
210,1,85.200000,59.800000
212,1,95.653846,55.384615
215,1,106.730769,69.423077
217,1,119.000000,60.440000
218,1,110.038462,71.307692
220,1,140.888889,68.851852
222,1,140.000000,54.000000
224,1,154.120000,54.080000
226,1,159.192308,62.615385
228,1,176.521739,66.391304
229,1,174.846154,53.307692
234,1,200.960000,52.760000
237,1,221.375000,71.625000
238,1,46.041667,75.458333
239,1,43.576923,69.269231
241,1,62.100000,69.650000
242,1,68.037037,62.222222
243,1,59.500000,68.846154
246,1,76.478261,73.130435
249,1,95.666667,67.481481
250,1,100.560000,65.440000
251,1,100.807692,67.769231
253,1,122.384615,61.000000
254,1,127.523810,62.571429
255,1,118.111111,68.000000
256,1,127.440000,70.760000
258,1,135.840000,67.280000
261,1,163.600000,63.160000
262,1,163.230769,69.346154
264,1,165.291667,75.041667
265,1,172.423077,62.307692
267,1,184.777778,67.296296
270,1,195.884615,71.615385
272,1,216.222222,68.074074
273,1,210.000000,69.800000
274,1,221.576923,67.153846
275,1,40.076923,70.269231
276,1,35.777778,72.851852
277,1,47.913043,67.956522
279,1,60.518519,74.629630
281,1,68.120000,66.200000
282,1,80.458333,72.333333
283,1,82.434783,74.565217
288,1,102.076923,77.500000
289,1,114.640000,72.920000
290,1,119.800000,76.640000
291,1,121.125000,74.458333
292,1,119.960000,68.440000
293,1,126.560000,70.360000
294,1,131.076923,73.500000
295,1,130.304348,66.391304
298,1,159.230769,68.192308
301,1,170.708333,75.500000
302,1,172.074074,68.296296
303,1,170.916667,74.958333
305,1,191.916667,76.458333
307,1,187.708333,71.291667
310,1,210.038462,71.730769
311,1,216.666667,74.083333
312,1,215.041667,81.875000
313,1,33.538462,84.807692
315,1,50.291667,74.291667
316,1,41.833333,76.875000
318,1,58.500000,78.730769
319,1,63.347826,79.130435
322,1,70.136364,72.772727
323,1,80.346154,79.115385
324,1,79.727273,81.318182
326,1,100.923077,86.538462
328,1,99.115385,70.346154
330,1,102.000000,73.880000
331,1,115.869565,78.347826
332,1,125.583333,76.250000
335,1,151.545455,78.090909
337,1,149.920000,80.640000
339,1,164.772727,72.772727
342,1,178.285714,71.785714
343,1,177.960000,78.280000
345,1,191.280000,72.760000
346,1,201.120000,79.600000
347,1,214.000000,87.142857
348,1,203.807692,75.115385
350,1,214.739130,76.000000
353,1,30.280000,87.240000
355,1,42.423077,78.538462
359,1,55.480000,92.880000
360,1,66.363636,83.227273
363,1,73.913043,76.043478
364,1,83.708333,83.041667
366,1,97.347826,83.391304
367,1,104.440000,92.680000
369,1,109.884615,83.192308
376,1,151.360000,78.920000
377,1,146.583333,79.000000
380,1,174.846154,79.769231
381,1,179.640000,86.440000
382,1,175.560000,84.640000
387,1,203.782609,86.869565
389,1,205.769231,80.000000
390,1,210.538462,92.000000
393,1,35.954545,77.045455
394,1,36.440000,87.480000
396,1,44.840000,89.600000
400,1,62.925926,93.740741
401,1,63.518519,88.555556
402,1,65.500000,85.125000
403,1,68.192308,84.192308
404,1,87.304348,100.826087
406,1,88.708333,86.250000
408,1,109.083333,93.250000
412,1,124.153846,88.730769
413,1,131.416667,85.541667
414,1,128.640000,84.760000
415,1,136.200000,87.040000
417,1,146.500000,84.416667
420,1,169.592593,90.111111
421,1,164.840000,86.840000
422,1,159.720000,87.240000
424,1,186.800000,92.040000
426,1,193.961538,85.384615
427,1,199.318182,74.818182
430,1,200.840000,83.080000
434,1,221.280000,91.080000
435,1,29.125000,84.833333
436,1,32.000000,89.407407
437,1,28.592593,92.407407
439,1,45.826087,96.739130
441,1,60.086957,85.608696
442,1,58.760000,93.280000
446,1,80.807692,89.192308
447,1,85.750000,87.833333
450,1,105.333333,99.333333
451,1,110.666667,101.166667
458,1,142.960000,95.880000
461,1,159.260870,95.434783
463,1,165.958333,91.583333
464,1,174.884615,95.038462
465,1,169.291667,87.083333
467,1,181.040000,97.560000
468,1,187.346154,95.653846
470,1,197.818182,98.363636
472,1,209.000000,87.038462
473,1,219.375000,93.041667
474,1,217.772727,94.636364
475,1,226.680000,89.680000
480,1,43.080000,95.360000
493,1,104.833333,95.791667
494,1,120.428571,99.678571
495,1,114.833333,93.000000
500,1,141.592593,90.333333
502,1,142.423077,107.884615
503,1,157.680000,92.800000
505,1,170.928571,96.321429
506,1,173.923077,90.269231
507,1,173.000000,100.777778
508,1,176.074074,99.444444
512,1,205.040000,102.480000
514,1,212.560000,89.680000
524,1,41.869565,100.739130
525,1,50.800000,107.240000
526,1,46.130435,102.130435
531,1,76.750000,97.666667
533,1,85.296296,93.925926
535,1,100.720000,105.480000
536,1,105.576923,102.307692
537,1,112.909091,100.181818
540,1,115.291667,97.708333
545,1,148.307692,99.000000
546,1,154.500000,98.045455
552,1,179.375000,112.458333
556,1,203.520000,97.440000
557,1,199.423077,101.884615
559,1,227.750000,100.125000
560,1,220.269231,107.076923
561,1,222.192308,112.384615
562,1,236.666667,100.875000
563,1,232.416667,101.208333
565,1,30.541667,107.125000
566,1,27.571429,112.214286
572,1,62.125000,111.833333
573,1,67.600000,105.000000
577,1,86.750000,103.708333
578,1,89.727273,109.500000
580,1,99.500000,105.916667
581,1,108.615385,106.153846
582,1,110.120000,113.200000
583,1,111.238095,108.000000
588,1,145.440000,104.680000
589,1,140.652174,102.173913
592,1,162.520000,112.120000
594,1,180.833333,102.666667
595,1,179.608696,107.217391
597,1,191.120000,111.360000
599,1,197.461538,103.500000
601,1,208.869565,105.391304
604,1,223.173913,110.260870
613,1,49.384615,105.346154
615,1,58.958333,108.958333
620,1,87.259259,107.629630
621,1,100.434783,113.130435
623,1,95.208333,112.208333
624,1,102.320000,119.200000
627,1,121.250000,109.375000
629,1,124.080000,118.560000
630,1,128.240000,116.320000
633,1,145.916667,101.416667
636,1,153.500000,111.730769
640,1,184.920000,112.000000
641,1,188.041667,116.833333
644,1,205.321429,109.392857
646,1,208.600000,120.800000
648,1,222.833333,103.541667
650,1,227.384615,117.192308
652,1,24.560000,129.040000
654,1,35.708333,119.416667
656,1,44.590909,117.318182
658,1,47.291667,120.291667
660,1,58.692308,113.538462
662,1,75.652174,116.000000
667,1,99.083333,111.916667
668,1,99.925926,113.370370
669,1,104.565217,115.782609
670,1,105.600000,123.160000
672,1,116.130435,119.260870
673,1,118.428571,112.333333
674,1,131.583333,122.750000
677,1,143.260870,109.521739
678,1,151.760000,117.680000
679,1,152.708333,122.916667
680,1,156.571429,118.666667
682,1,173.333333,134.208333
683,1,167.961538,114.346154
685,1,187.954545,117.227273
688,1,203.538462,127.576923
689,1,204.000000,120.347826
691,1,214.222222,115.888889
695,1,234.333333,122.875000
699,1,43.250000,130.791667
701,1,39.520000,123.160000
704,1,58.037037,118.370370
710,1,91.172414,127.655172
713,1,110.680000,123.040000
715,1,119.148148,124.222222
716,1,123.625000,123.125000
717,1,119.925926,113.370370
718,1,125.111111,128.222222
721,1,147.222222,115.148148
722,1,154.833333,125.458333
724,1,167.958333,118.041667
726,1,168.720000,121.520000
727,1,173.954545,123.227273
729,1,182.833333,117.000000
730,1,192.480000,121.160000
731,1,185.480000,121.400000
732,1,189.615385,124.769231
733,1,205.500000,115.083333
734,1,197.428571,124.392857
735,1,214.576923,127.730769
736,1,224.333333,126.166667
738,1,227.333333,119.523810
741,1,26.826087,133.260870
743,1,39.590909,133.181818
744,1,47.000000,124.727273
746,1,56.875000,125.375000
748,1,69.629630,125.703704
750,1,74.320000,125.240000
751,1,75.846154,130.192308
753,1,86.115385,134.038462
754,1,88.615385,129.500000
757,1,102.458333,122.250000
759,1,120.615385,118.153846
760,1,129.346154,121.423077
762,1,136.037037,127.481481
763,1,146.200000,125.320000
765,1,149.833333,121.250000
766,1,157.086957,113.565217
767,1,155.625000,123.791667
769,1,174.681818,120.227273
770,1,174.160000,130.080000
771,1,181.904762,126.904762
772,1,179.750000,128.583333
773,1,187.724138,127.275862
776,1,199.185185,120.481481
777,1,207.136364,125.318182
778,1,210.444444,124.148148
781,1,230.392857,119.964286
784,1,26.880000,139.040000
785,1,22.571429,132.619048
788,1,42.392857,125.750000
790,1,60.037037,126.777778
792,1,64.076923,135.846154
793,1,68.680000,140.160000
797,1,86.041667,128.166667
800,1,102.080000,133.120000
807,1,140.320000,130.320000
808,1,136.571429,124.476190
810,1,151.615385,131.576923
811,1,155.000000,132.045455
813,1,162.200000,140.360000
815,1,179.000000,132.461538
816,1,186.125000,148.458333
817,1,181.480000,139.400000
819,1,196.480000,136.040000
820,1,192.960000,136.160000
822,1,214.384615,125.653846
823,1,214.500000,134.625000
824,1,224.480000,130.160000
825,1,227.600000,123.640000
827,1,232.863636,135.000000
828,1,22.153846,137.846154
831,1,42.120000,136.200000
832,1,50.629630,141.703704
833,1,47.407407,133.962963
836,1,65.250000,139.458333
837,1,62.758621,139.137931
840,1,80.925926,127.888889
841,1,90.400000,135.840000
842,1,85.208333,140.833333
843,1,106.692308,141.576923
844,1,96.680000,135.520000
845,1,103.360000,137.240000
848,1,120.208333,126.375000
849,1,125.760000,142.440000
853,1,148.791667,136.000000
855,1,155.333333,144.333333
857,1,171.428571,126.785714
858,1,178.400000,140.720000
859,1,182.173913,137.217391
861,1,189.583333,141.916667
862,1,200.333333,136.583333
863,1,200.272727,132.500000
866,1,209.615385,130.115385
873,1,27.250000,152.821429
874,1,27.296296,143.629630
877,1,47.913043,144.565217
880,1,70.173913,146.130435
882,1,77.800000,147.160000
883,1,74.178571,142.107143
884,1,82.200000,142.720000
893,1,125.000000,142.851852
894,1,134.714286,141.321429
896,1,142.851852,142.629630
899,1,164.461538,131.807692
900,1,153.520000,142.920000
901,1,168.074074,139.814815
902,1,165.583333,135.791667
903,1,174.240000,138.320000
904,1,179.916667,145.416667
905,1,188.166667,145.166667
906,1,187.884615,138.846154
908,1,203.791667,143.916667
909,1,198.240000,140.160000
910,1,214.960000,141.760000
911,1,213.750000,140.916667
912,1,219.851852,147.370370
913,1,225.291667,140.416667
914,1,224.750000,145.375000
917,1,33.307692,142.346154
918,1,32.440000,144.520000
919,1,43.782609,148.478261
920,1,50.666667,150.583333
921,1,45.160000,142.760000
923,1,58.038462,148.076923
924,1,58.782609,147.043478
925,1,68.333333,148.962963
926,1,79.333333,147.791667
929,1,81.958333,137.541667
931,1,100.000000,150.160000
932,1,96.250000,146.416667
933,1,109.125000,138.125000
935,1,126.080000,154.880000
936,1,121.500000,156.083333
937,1,127.000000,146.782609
939,1,136.769231,145.807692
940,1,137.920000,146.480000
941,1,146.814815,150.074074
943,1,159.758621,148.517241
946,1,172.208333,152.000000
947,1,173.615385,142.192308
948,1,173.043478,147.260870
950,1,183.708333,149.833333
955,1,213.500000,145.461538
956,1,220.880000,141.480000
959,1,234.115385,148.461538
960,1,27.888889,151.814815
965,1,42.130435,146.347826
967,1,58.269231,152.500000
968,1,62.913043,156.478261
971,1,76.115385,153.423077
972,1,78.760000,157.360000
973,1,90.851852,148.444444
975,1,101.782609,150.956522
976,1,103.791667,145.500000
980,1,131.592593,143.111111
981,1,122.375000,149.833333
985,1,126.148148,137.407407
986,1,155.541667,148.208333
987,1,149.600000,146.966667
989,1,173.173913,156.739130
991,1,171.782609,155.086957
992,1,176.461538,148.692308
993,1,179.888889,151.703704
996,1,206.000000,146.320000
997,1,218.678571,152.892857
998,1,216.416667,167.291667
999,1,214.416667,149.250000
1000,1,220.782609,153.913043
1001,1,219.629630,156.814815
1002,1,226.310345,151.275862
1003,1,235.640000,153.640000
1005,1,27.045455,159.090909
1007,1,37.791667,160.500000
1011,1,58.592593,154.888889
1012,1,63.826087,162.869565
1013,1,61.545455,169.227273
1015,1,74.851852,158.666667
1018,1,91.592593,161.333333
1019,1,94.518519,150.518519
1021,1,111.666667,162.814815
1024,1,124.625000,161.250000
1025,1,122.083333,162.583333
1031,1,155.318182,153.818182
1033,1,166.538462,153.846154
1038,1,188.840000,157.400000
1040,1,205.192308,151.423077
1043,1,219.125000,161.958333
1044,1,224.250000,161.150000
1045,1,220.720000,154.840000
1046,1,233.000000,151.608696
1047,1,233.916667,159.208333
1049,1,31.363636,159.136364
1051,1,48.160000,163.440000
1052,1,53.833333,163.625000
1055,1,62.440000,153.280000
1056,1,62.833333,172.833333
1057,1,83.818182,173.454545
1058,1,72.115385,172.230769
1061,1,93.782609,155.913043
1063,1,106.160000,159.280000
1064,1,100.296296,155.666667
1065,1,116.000000,159.416667
1066,1,109.000000,170.500000
1067,1,123.458333,158.833333
1071,1,150.956522,167.304348
1072,1,154.120000,162.200000
1073,1,148.791667,157.833333
1074,1,156.565217,158.347826
1076,1,166.652174,158.695652
1079,1,188.043478,159.869565
1080,1,184.086957,165.130435
1085,1,207.925926,163.333333
1086,1,215.000000,157.826087
1088,1,213.111111,165.407407
1089,1,231.115385,156.846154
1090,1,228.500000,167.346154
1094,1,51.291667,168.375000
1095,1,43.192308,167.961538
1096,1,59.040000,166.640000
1097,1,58.136364,164.727273
1098,1,69.720000,170.520000
1100,1,77.291667,173.083333
1102,1,75.440000,164.320000
1104,1,96.148148,159.111111
1108,1,103.538462,170.615385
1111,1,141.037037,179.333333
1113,1,143.880000,160.040000
1114,1,139.640000,165.480000
1115,1,145.666667,166.259259
1116,1,144.560000,165.040000
1117,1,156.833333,164.416667
1120,1,169.916667,170.291667
1122,1,185.000000,164.958333
1123,1,184.652174,169.739130
1128,1,213.653846,161.038462
1129,1,217.320000,168.080000
1130,1,224.703704,171.296296
1131,1,219.304348,171.130435
1133,1,32.560000,171.880000
1134,1,31.681818,178.318182
1136,1,38.333333,175.777778
1137,1,48.000000,164.320000
1138,1,46.481481,176.518519
1141,1,67.400000,174.200000
1142,1,77.083333,167.416667
1143,1,85.000000,167.750000
1144,1,80.086957,169.739130
1147,1,101.240000,174.320000
1148,1,117.208333,176.750000
1149,1,99.360000,176.720000
1150,1,113.480000,169.600000
1152,1,120.833333,175.375000
1154,1,135.291667,177.208333
1156,1,140.040000,182.920000
1158,1,150.083333,161.333333
1159,1,155.440000,168.360000
1161,1,164.076923,173.153846
1162,1,175.320000,171.760000
1163,1,185.440000,175.280000
1166,1,195.291667,172.708333
1167,1,189.576923,174.769231
1172,1,218.680000,182.400000
1173,1,228.360000,158.040000
1175,1,37.307692,178.384615
1177,1,42.923077,163.538462
1182,1,66.360000,168.960000
1186,1,87.307692,183.923077
1187,1,90.769231,170.346154
1189,1,95.916667,174.291667
1190,1,109.291667,178.416667
1192,1,111.800000,174.160000
1193,1,120.166667,179.125000
1194,1,127.884615,179.730769
1195,1,131.000000,176.461538
1196,1,139.782609,169.521739
1201,1,162.750000,175.125000
1203,1,168.280000,172.920000
1205,1,181.208333,175.708333
1207,1,196.208333,182.375000
1208,1,197.384615,177.384615
1209,1,192.166667,171.583333
1212,1,214.666667,177.962963
1213,1,223.625000,180.458333
1214,1,227.086957,173.826087
1215,1,31.565217,172.869565
1218,1,49.583333,182.416667
1219,1,43.833333,179.041667
1223,1,78.458333,183.166667
1224,1,82.000000,186.040000
1225,1,87.750000,178.678571
1226,1,83.782609,178.869565
1228,1,107.538462,173.884615
1229,1,101.074074,169.888889
1231,1,115.521739,184.347826
1232,1,117.260870,184.043478
1234,1,128.076923,173.538462
1237,1,137.750000,174.000000
1239,1,149.892857,182.178571
1240,1,163.120000,180.720000
1241,1,173.892857,185.250000
1242,1,171.653846,195.730769
1243,1,170.307692,183.307692
1247,1,191.818182,186.000000
1248,1,192.538462,178.038462
1251,1,216.583333,177.958333
1252,1,210.958333,181.916667
1253,1,221.333333,175.222222
1254,1,228.960000,177.920000
1255,1,35.666667,189.518519
1259,1,57.333333,186.625000
1260,1,73.125000,180.250000
1261,1,68.478261,190.608696
1264,1,83.346154,185.115385
1270,1,118.269231,191.576923
1271,1,108.384615,190.500000
1273,1,126.500000,191.083333
1276,1,143.956522,187.739130
1277,1,146.000000,185.142857
1281,1,164.541667,193.833333
1282,1,165.913043,185.652174
1283,1,175.160000,186.680000
1285,1,187.961538,192.423077
1288,1,208.681818,193.409091
1291,1,215.416667,188.500000
1293,1,38.535714,188.178571
1294,1,41.769231,193.269231
1296,1,54.740741,184.629630
1300,1,69.333333,186.208333
1303,1,96.840000,193.880000
1304,1,87.818182,190.227273
1305,1,92.640000,191.080000
1306,1,106.240000,196.400000
1307,1,105.500000,189.791667
1308,1,115.541667,182.375000
1310,1,118.347826,196.739130
1311,1,123.625000,191.750000
1313,1,145.956522,197.869565
1315,1,152.720000,192.320000
1317,1,156.964286,202.428571
1318,1,160.923077,186.769231
1319,1,171.136364,186.681818
1320,1,172.192308,200.269231
1321,1,177.259259,189.666667
1324,1,192.750000,194.357143
1327,1,213.086957,193.956522
1328,1,212.760000,184.800000
1329,1,217.958333,190.541667
1332,1,43.583333,189.208333
1333,1,55.291667,197.916667
1334,1,56.384615,197.884615
1337,1,69.320000,194.720000
1341,1,91.259259,196.037037
1342,1,99.153846,195.192308
1344,1,112.370370,190.962963
1346,1,112.586207,202.344828
1347,1,123.608696,195.956522
1352,1,160.653846,194.769231
1353,1,148.333333,194.208333
1354,1,151.565217,196.173913
1356,1,160.045455,190.727273
1359,1,184.160000,196.800000
1360,1,188.280000,197.560000
1361,1,190.240000,191.040000
1364,1,211.500000,190.291667
1365,1,217.619048,195.904762
1370,1,60.416667,201.250000
1378,1,90.833333,210.166667
1380,1,111.166667,195.291667
1381,1,115.956522,199.956522
1384,1,133.434783,199.521739
1385,1,135.692308,207.230769
1386,1,137.730769,202.846154
1387,1,145.846154,206.653846
1389,1,155.000000,201.500000
1391,1,176.423077,204.923077
1392,1,166.478261,199.043478
1394,1,172.863636,203.181818
1398,1,210.880000,198.880000
1402,1,60.560000,199.960000
1403,1,62.440000,208.200000
1406,1,75.869565,207.347826
1407,1,96.740741,210.370370
1408,1,87.269231,218.653846
1409,1,95.360000,211.240000
1410,1,103.200000,196.400000
1411,1,104.916667,213.541667
1413,1,112.750000,207.500000
1414,1,111.739130,200.173913
1415,1,119.440000,204.080000
1418,1,140.259259,205.333333
1419,1,143.782609,198.739130
1420,1,140.571429,201.250000
1422,1,154.074074,197.555556
1424,1,168.629630,190.814815
1427,1,177.653846,212.153846
1430,1,199.880000,209.880000
1431,1,202.608696,203.826087
1432,1,206.545455,198.727273
1433,1,67.423077,210.961538
1434,1,66.478261,215.695652
1436,1,79.260870,212.608696
1437,1,69.583333,214.333333
1438,1,83.740741,210.407407
1439,1,79.428571,205.047619
1441,1,94.083333,219.583333
1443,1,113.833333,212.708333
1444,1,110.833333,212.500000
1445,1,119.416667,208.083333
1446,1,119.192308,212.846154
1450,1,148.000000,203.280000
1454,1,162.250000,225.333333
1456,1,172.826087,208.304348
1457,1,166.148148,209.851852
1458,1,190.185185,212.740741
1460,1,197.125000,206.416667
1463,1,74.739130,215.260870
1464,1,64.720000,216.840000
1465,1,80.666667,219.037037
1467,1,87.560000,216.120000
1468,1,87.083333,211.375000
1469,1,92.434783,220.956522
1471,1,94.520000,215.840000
1472,1,106.434783,215.478261
1475,1,123.818182,212.590909
1477,1,133.434783,215.826087
1478,1,136.708333,217.000000
1480,1,140.240000,209.960000
1483,1,160.130435,220.217391
1486,1,184.761905,213.619048
1489,1,196.916667,207.708333
1490,1,188.800000,209.600000
1491,1,77.880000,210.680000
1492,1,75.250000,221.928571
1493,1,81.400000,220.760000
1494,1,79.260870,213.869565
1496,1,88.125000,223.750000
1497,1,101.920000,209.400000
1498,1,102.708333,219.875000
1500,1,110.214286,229.785714
1502,1,122.500000,216.958333
1503,1,123.791667,221.291667
1510,1,164.916667,218.583333
1511,1,175.269231,223.000000
1512,1,172.666667,212.875000
1513,1,175.333333,217.083333
1515,1,188.956522,218.391304
1520,1,105.500000,215.035714
1523,1,112.076923,226.307692
1524,1,123.846154,232.846154
1526,1,126.920000,225.640000
1527,1,130.440000,232.560000
1529,1,143.920000,226.360000
1531,1,147.083333,228.250000
1532,1,155.703704,224.629630
1534,1,165.560000,223.000000
1536,1,170.076923,225.461538
1540,1,95.478261,224.956522
1542,1,107.769231,233.038462
1545,1,115.291667,237.166667
1546,1,119.400000,235.920000
1547,1,127.833333,227.750000
1548,1,141.962963,230.444444
1550,1,148.571429,234.142857
1551,1,157.920000,221.760000
1552,1,141.875000,234.875000
1553,1,152.703704,227.777778
1554,1,157.086957,232.826087
1555,1,168.269231,228.653846
1557,1,96.875000,230.791667
1560,1,111.375000,236.541667
1561,1,118.551724,229.448276
1562,1,122.625000,232.583333
1563,1,128.090909,236.000000
1564,1,124.818182,231.318182
1566,1,138.160000,235.240000
1567,1,151.115385,233.076923
1568,1,146.538462,236.384615
1569,1,154.960000,236.160000
