ID,type,x COM, y COM
1,2,102.000000,22.000000
2,2,106.916667,21.916667
3,2,111.884615,22.076923
4,2,117.000000,22.000000
5,2,122.083333,22.083333
6,2,127.000000,22.000000
8,2,136.846154,21.807692
9,2,142.000000,22.000000
10,2,146.958333,22.083333
12,2,157.000000,21.916667
18,2,111.916667,27.083333
19,2,116.800000,26.840000
20,2,121.800000,27.160000
27,2,157.037037,27.185185
31,2,77.166667,32.250000
34,2,92.083333,32.083333
35,2,96.923077,32.115385
37,2,107.040000,31.960000
39,2,116.962963,32.148148
41,2,127.000000,32.000000
42,2,131.916667,32.041667
43,2,137.000000,31.750000
45,2,147.083333,32.083333
47,2,156.958333,32.291667
48,2,162.120000,31.960000
50,2,171.923077,32.115385
51,2,177.000000,32.000000
53,2,71.826087,37.043478
58,2,97.083333,37.083333
60,2,107.160000,36.920000
61,2,112.000000,37.000000
62,2,116.916667,37.083333
69,2,152.083333,37.083333
70,2,156.916667,37.083333
71,2,162.000000,37.000000
72,2,167.000000,37.000000
73,2,172.083333,37.083333
81,2,77.173913,42.000000
82,2,82.000000,42.000000
83,2,86.958333,42.083333
85,2,97.000000,42.000000
86,2,102.000000,42.000000
89,2,117.000000,42.000000
91,2,127.000000,42.000000
92,2,131.800000,42.160000
93,2,136.800000,42.000000
94,2,141.884615,41.923077
98,2,162.083333,42.083333
99,2,167.000000,42.000000
101,2,177.083333,41.916667
103,2,187.000000,42.000000
105,2,197.000000,42.000000
107,2,62.000000,47.083333
113,2,91.875000,47.250000
115,2,102.000000,47.000000
116,2,107.115385,46.961538
117,2,112.000000,47.160000
118,2,116.826087,46.869565
120,2,127.000000,47.000000
121,2,132.000000,47.000000
125,2,151.916667,47.083333
127,2,162.000000,47.000000
128,2,167.040000,47.080000
131,2,182.120000,47.320000
132,2,187.000000,47.000000
133,2,192.000000,47.000000
134,2,197.000000,47.000000
135,2,202.000000,47.000000
137,2,57.000000,52.000000
138,2,62.000000,52.000000
139,2,67.000000,52.000000
140,2,71.923077,51.884615
141,2,77.000000,52.000000
142,2,82.083333,51.916667
143,2,87.000000,52.000000
146,2,102.000000,52.000000
148,2,112.083333,52.083333
149,2,117.000000,52.000000
152,2,132.000000,52.000000
153,2,136.869565,51.913043
154,2,141.884615,52.000000
155,2,146.750000,52.000000
157,2,157.000000,52.000000
158,2,162.040000,51.840000
160,2,172.083333,52.083333
163,2,187.000000,52.000000
164,2,192.000000,52.000000
166,2,202.115385,51.923077
168,2,46.962963,57.222222
169,2,52.076923,56.884615
171,2,62.120000,57.200000
173,2,72.125000,56.916667
174,2,77.200000,57.000000
177,2,92.115385,56.923077
178,2,97.000000,57.173913
180,2,107.120000,56.880000
181,2,112.000000,57.000000
184,2,127.076923,56.884615
185,2,132.000000,57.000000
186,2,136.916667,56.708333
188,2,147.000000,57.000000
191,2,162.000000,57.000000
193,2,172.000000,57.000000
194,2,177.000000,56.884615
195,2,181.916667,56.916667
196,2,187.000000,57.000000
197,2,192.080000,57.040000
199,2,201.916667,57.083333
200,2,206.884615,56.923077
201,2,212.000000,57.000000
202,2,41.692308,62.153846
204,2,52.083333,62.083333
205,2,56.888889,62.222222
209,2,77.043478,61.826087
210,2,82.000000,62.000000
212,2,92.115385,62.076923
213,2,97.083333,61.916667
214,2,101.920000,61.800000
215,2,107.000000,62.000000
219,2,127.000000,62.000000
220,2,132.000000,62.000000
221,2,137.148148,61.962963
223,2,147.083333,61.916667
224,2,152.000000,62.083333
226,2,161.916667,61.916667
227,2,166.884615,62.076923
228,2,172.000000,62.000000
232,2,191.875000,61.916667
233,2,196.884615,62.076923
235,2,206.923077,62.115385
236,2,212.000000,62.000000
238,2,42.000000,67.000000
239,2,47.038462,66.692308
240,2,52.000000,67.000000
241,2,57.083333,67.291667
242,2,62.000000,67.000000
243,2,67.000000,67.000000
244,2,71.916667,66.916667
246,2,82.000000,67.000000
252,2,112.200000,67.040000
253,2,117.083333,67.041667
254,2,122.083333,67.083333
255,2,127.000000,67.000000
256,2,132.000000,67.000000
257,2,137.115385,67.038462
258,2,142.360000,66.840000
260,2,152.083333,66.916667
261,2,157.000000,67.000000
262,2,162.000000,67.000000
267,2,187.200000,67.160000
270,2,201.814815,67.185185
274,2,222.000000,67.000000
275,2,37.083333,72.083333
277,2,47.148148,72.000000
278,2,51.916667,72.083333
280,2,62.173913,72.130435
282,2,72.083333,72.083333
283,2,76.814815,72.222222
284,2,82.000000,72.000000
286,2,92.000000,72.000000
287,2,97.038462,72.115385
288,2,101.916667,71.916667
295,2,137.173913,72.130435
297,2,146.692308,72.192308
299,2,156.916667,71.916667
303,2,176.916667,72.083333
308,2,202.083333,72.083333
309,2,207.000000,72.000000
310,2,211.916667,71.916667
313,2,31.916667,77.083333
316,2,47.000000,77.000000
317,2,52.000000,77.000000
319,2,61.958333,76.916667
320,2,66.916667,76.916667
321,2,71.884615,77.269231
322,2,77.083333,77.083333
325,2,92.083333,77.083333
326,2,96.958333,77.083333
328,2,107.240000,76.920000
329,2,111.916667,77.083333
330,2,116.653846,76.538462
331,2,121.916667,77.000000
332,2,126.884615,76.961538
336,2,146.916667,76.916667
340,2,167.000000,77.000000
342,2,177.160000,77.200000
346,2,197.000000,77.000000
347,2,202.000000,77.000000
348,2,207.000000,77.000000
350,2,217.125000,76.875000
352,2,227.000000,77.000000
357,2,51.800000,82.000000
361,2,71.916667,82.083333
362,2,77.000000,82.000000
365,2,92.000000,82.000000
366,2,97.000000,82.000000
368,2,107.000000,82.000000
370,2,117.192308,81.846154
371,2,122.041667,81.916667
372,2,127.192308,82.153846
373,2,131.920000,82.040000
374,2,136.800000,82.000000
375,2,141.814815,82.185185
379,2,162.000000,82.000000
380,2,167.000000,82.000000
382,2,176.916667,82.083333
383,2,182.000000,82.000000
384,2,187.000000,82.000000
385,2,192.000000,82.000000
386,2,197.000000,82.000000
389,2,212.083333,82.083333
390,2,217.000000,82.000000
391,2,222.115385,81.923077
392,2,227.083333,82.083333
394,2,32.045455,87.090909
395,2,36.620690,87.413793
396,2,41.884615,87.076923
397,2,47.000000,87.000000
401,2,67.083333,86.916667
402,2,72.000000,87.000000
403,2,77.000000,87.000000
404,2,82.000000,87.000000
405,2,87.083333,87.083333
408,2,102.000000,87.000000
409,2,107.000000,87.000000
411,2,116.916667,86.916667
413,2,126.791667,87.041667
415,2,136.916667,86.916667
417,2,147.000000,87.000000
418,2,151.916667,86.916667
421,2,167.000000,87.000000
422,2,172.000000,87.200000
424,2,182.037037,86.814815
426,2,192.083333,87.083333
427,2,196.916667,86.916667
430,2,211.692308,86.961538
431,2,216.884615,87.076923
434,2,231.833333,86.708333
435,2,27.000000,92.000000
436,2,31.916667,92.083333
442,2,62.000000,92.000000
444,2,72.000000,92.200000
445,2,77.000000,92.000000
446,2,82.000000,92.000000
449,2,96.960000,92.120000
450,2,102.000000,92.000000
451,2,107.000000,92.000000
459,2,147.222222,91.962963
462,2,162.000000,92.000000
463,2,166.869565,91.826087
470,2,201.777778,92.074074
472,2,212.000000,92.000000
473,2,217.000000,92.000000
474,2,222.000000,92.000000
476,2,232.111111,91.777778
477,2,27.000000,97.000000
479,2,37.083333,97.083333
480,2,42.000000,97.000000
481,2,47.083333,97.083333
482,2,52.115385,96.923077
483,2,57.200000,97.040000
485,2,67.083333,97.083333
490,2,92.076923,97.115385
492,2,102.000000,97.000000
493,2,106.961538,97.115385
497,2,126.916667,97.083333
498,2,131.833333,96.708333
501,2,147.000000,97.000000
504,2,162.090909,97.227273
507,2,176.958333,97.083333
508,2,182.000000,97.000000
509,2,187.000000,97.000000
511,2,197.038462,96.884615
513,2,207.000000,97.000000
515,2,217.000000,97.000000
517,2,227.080000,97.200000
518,2,232.115385,97.076923
519,2,237.083333,96.916667
520,2,22.000000,102.000000
522,2,32.000000,102.000000
523,2,37.000000,102.000000
525,2,47.000000,102.000000
526,2,52.000000,102.000000
528,2,62.000000,102.000000
532,2,82.130435,102.173913
534,2,92.000000,102.200000
535,2,97.000000,102.000000
537,2,107.041667,102.083333
540,2,122.083333,101.916667
542,2,132.192308,101.692308
543,2,136.869565,102.173913
546,2,151.807692,101.692308
548,2,161.846154,102.115385
550,2,172.000000,102.000000
551,2,177.000000,102.000000
552,2,182.115385,101.923077
556,2,201.777778,101.962963
557,2,207.000000,102.000000
558,2,212.000000,102.000000
560,2,222.000000,102.000000
561,2,227.000000,102.083333
563,2,236.960000,102.360000
565,2,27.000000,107.000000
567,2,37.000000,106.826087
571,2,56.875000,107.000000
576,2,82.000000,107.000000
578,2,91.916667,107.083333
582,2,111.916667,106.916667
583,2,116.800000,107.000000
585,2,126.960000,106.840000
586,2,132.000000,107.000000
589,2,147.000000,107.000000
590,2,152.160000,106.800000
591,2,157.111111,107.222222
594,2,172.280000,107.360000
595,2,177.000000,107.000000
597,2,186.884615,106.923077
600,2,202.000000,107.000000
602,2,212.083333,106.916667
605,2,227.000000,107.000000
608,2,22.000000,112.000000
609,2,27.000000,112.000000
611,2,36.923077,111.884615
612,2,42.000000,112.000000
614,2,52.083333,112.041667
618,2,71.956522,112.304348
619,2,77.000000,112.000000
620,2,81.826087,111.869565
624,2,102.083333,111.916667
627,2,117.115385,111.923077
628,2,122.041667,112.041667
629,2,126.916667,111.958333
630,2,131.750000,111.875000
632,2,142.083333,111.916667
633,2,147.222222,111.814815
641,2,187.173913,112.130435
643,2,196.960000,112.160000
644,2,202.000000,112.000000
646,2,212.000000,112.000000
648,2,222.083333,112.083333
649,2,227.000000,112.000000
653,2,27.000000,117.000000
656,2,41.692308,117.038462
657,2,46.846154,116.884615
661,2,67.000000,117.000000
670,2,112.000000,117.000000
672,2,122.000000,117.000000
673,2,127.000000,117.000000
675,2,136.625000,116.875000
678,2,151.958333,117.125000
680,2,162.083333,117.083333
681,2,166.923077,117.115385
682,2,172.000000,117.000000
683,2,177.227273,116.909091
689,2,206.923077,116.884615
693,2,227.000000,117.000000
694,2,232.000000,116.800000
697,2,26.884615,121.923077
702,2,52.000000,122.000000
705,2,67.000000,122.000000
706,2,72.000000,122.000000
714,2,112.000000,122.000000
716,2,122.000000,122.000000
718,2,132.000000,122.000000
720,2,142.038462,121.884615
721,2,147.000000,122.000000
722,2,151.760000,121.840000
723,2,156.960000,121.920000
726,2,172.041667,121.958333
728,2,182.083333,122.083333
730,2,192.000000,122.000000
731,2,197.083333,122.083333
732,2,202.000000,122.000000
738,2,231.962963,121.925926
741,2,27.000000,127.000000
742,2,32.000000,127.000000
743,2,37.000000,127.000000
745,2,47.000000,127.000000
749,2,67.000000,127.000000
752,2,82.115385,127.076923
753,2,87.083333,126.916667
758,2,112.083333,126.916667
762,2,131.916667,127.083333
764,2,142.000000,127.000000
766,2,152.111111,127.222222
770,2,172.000000,127.038462
773,2,187.000000,127.000000
774,2,191.923077,126.884615
775,2,197.000000,127.000000
776,2,202.000000,127.000000
777,2,207.000000,127.000000
778,2,212.083333,126.916667
785,2,27.000000,132.000000
787,2,37.000000,132.000000
788,2,42.000000,132.000000
789,2,46.916667,131.916667
794,2,72.000000,132.000000
796,2,82.115385,131.923077
797,2,87.000000,132.200000
801,2,107.000000,132.173913
804,2,122.000000,132.000000
806,2,132.083333,131.916667
807,2,137.000000,132.000000
808,2,142.083333,131.916667
811,2,157.083333,132.083333
812,2,162.000000,132.000000
814,2,172.000000,132.000000
816,2,182.000000,132.000000
818,2,192.000000,132.000000
819,2,197.000000,132.000000
820,2,202.000000,132.000000
823,2,216.750000,132.250000
826,2,232.000000,132.000000
827,2,237.000000,132.000000
829,2,27.083333,136.916667
830,2,32.083333,136.916667
834,2,51.916667,137.083333
836,2,62.000000,137.000000
838,2,71.923077,137.115385
840,2,81.916667,136.916667
841,2,87.083333,137.083333
842,2,92.000000,137.000000
843,2,97.083333,136.916667
846,2,112.120000,136.960000
851,2,137.083333,136.916667
855,2,157.083333,136.916667
856,2,162.000000,137.000000
860,2,182.000000,137.000000
861,2,186.916667,137.083333
862,2,192.000000,137.000000
863,2,196.916667,136.916667
864,2,202.000000,137.000000
866,2,212.000000,137.000000
867,2,216.826087,137.130435
868,2,221.703704,136.851852
869,2,227.185185,137.185185
871,2,237.000000,137.000000
874,2,32.040000,141.640000
875,2,37.000000,142.173913
876,2,42.000000,142.000000
877,2,46.880000,141.960000
878,2,52.115385,142.000000
880,2,62.000000,142.000000
881,2,67.000000,142.000000
882,2,72.000000,142.000000
887,2,97.120000,141.640000
888,2,102.083333,142.083333
889,2,107.000000,142.000000
890,2,112.000000,142.000000
891,2,116.958333,142.041667
894,2,132.000000,142.000000
896,2,142.000000,142.000000
897,2,147.000000,142.000000
901,2,167.000000,142.000000
903,2,177.250000,142.083333
904,2,181.961538,142.307692
907,2,197.000000,141.800000
908,2,202.083333,141.916667
909,2,207.115385,142.076923
910,2,212.083333,141.916667
911,2,217.000000,142.000000
912,2,222.000000,142.000000
913,2,226.916667,142.083333
915,2,237.000000,142.000000
917,2,27.000000,147.000000
918,2,32.076923,146.884615
920,2,42.000000,147.000000
922,2,51.916667,146.916667
923,2,56.884615,146.884615
930,2,92.000000,147.000000
932,2,102.000000,147.000000
933,2,107.038462,147.115385
934,2,112.000000,147.000000
935,2,117.000000,147.000000
938,2,132.000000,147.000000
941,2,147.000000,147.000000
942,2,152.083333,147.083333
946,2,171.916667,146.916667
947,2,176.800000,147.120000
948,2,182.000000,147.125000
949,2,187.000000,147.000000
950,2,192.083333,147.083333
951,2,197.040000,146.840000
953,2,206.923077,147.115385
956,2,222.000000,147.000000
957,2,227.000000,147.000000
961,2,26.923077,152.115385
962,2,32.000000,152.000000
963,2,37.000000,152.000000
964,2,42.000000,152.000000
969,2,67.000000,152.000000
972,2,82.083333,152.083333
973,2,87.000000,152.035714
974,2,91.800000,151.920000
975,2,96.884615,152.038462
979,2,117.083333,152.083333
981,2,127.000000,152.000000
982,2,132.000000,152.000000
990,2,171.920000,152.120000
991,2,176.916667,151.916667
992,2,182.000000,152.000000
993,2,187.083333,151.916667
995,2,197.250000,152.000000
996,2,202.000000,152.000000
998,2,211.750000,152.000000
1004,2,21.920000,156.840000
1006,2,32.000000,157.000000
1008,2,42.000000,157.000000
1011,2,57.000000,157.000000
1013,2,66.960000,157.040000
1014,2,72.083333,156.916667
1015,2,76.960000,156.640000
1019,2,97.000000,157.000000
1021,2,107.000000,157.000000
1022,2,112.000000,157.000000
1024,2,122.041667,156.708333
1025,2,127.076923,157.115385
1026,2,131.916667,156.916667
1027,2,136.708333,157.208333
1032,2,161.916667,157.041667
1034,2,172.000000,157.000000
1035,2,177.076923,156.884615
1040,2,202.000000,157.000000
1045,2,227.043478,157.000000
1046,2,232.000000,157.000000
1047,2,236.916667,157.083333
1050,2,36.846154,161.807692
1052,2,47.000000,162.000000
1054,2,56.826087,161.869565
1056,2,66.916667,161.916667
1060,2,87.000000,162.000000
1061,2,92.000000,162.000000
1062,2,97.040000,162.080000
1065,2,112.000000,162.000000
1066,2,117.000000,161.956522
1068,2,126.916667,162.083333
1070,2,137.000000,162.000000
1071,2,141.916667,162.083333
1072,2,147.000000,162.000000
1073,2,151.869565,162.000000
1076,2,167.000000,161.826087
1077,2,171.826087,161.869565
1081,2,192.083333,162.083333
1082,2,197.000000,161.923077
1085,2,211.884615,162.038462
1087,2,222.041667,162.083333
1088,2,227.038462,161.884615
1089,2,231.916667,162.083333
1094,2,42.083333,166.958333
1100,2,72.173913,167.130435
1106,2,101.916667,166.875000
1107,2,106.769231,167.076923
1108,2,112.000000,167.000000
1111,2,127.000000,167.000000
1112,2,131.869565,167.173913
1115,2,147.000000,167.000000
1117,2,157.000000,167.000000
1118,2,161.958333,167.208333
1120,2,172.000000,167.000000
1121,2,177.000000,167.000000
1123,2,186.826087,166.869565
1124,2,191.777778,167.111111
1125,2,197.120000,166.800000
1127,2,207.083333,167.083333
1128,2,212.000000,167.000000
1132,2,231.960000,167.160000
1133,2,27.000000,172.000000
1139,2,57.115385,172.038462
1143,2,77.083333,172.083333
1145,2,87.000000,172.173913
1147,2,97.000000,172.000000
1150,2,112.000000,172.000000
1151,2,116.916667,172.083333
1153,2,127.000000,172.000000
1154,2,131.916667,172.083333
1156,2,142.038462,172.115385
1157,2,147.000000,172.000000
1159,2,156.846154,172.115385
1162,2,171.916667,171.916667
1165,2,187.000000,172.000000
1166,2,192.115385,172.076923
1167,2,197.083333,171.916667
1168,2,201.916667,172.083333
1169,2,206.884615,171.923077
1170,2,212.076923,172.153846
1175,2,31.961538,176.884615
1178,2,47.115385,177.000000
1180,2,57.115385,176.961538
1181,2,62.083333,177.041667
1183,2,72.041667,176.958333
1184,2,77.000000,177.000000
1186,2,87.000000,177.000000
1187,2,92.307692,176.884615
1190,2,106.846154,176.961538
1193,2,121.800000,177.120000
1195,2,132.000000,177.000000
1197,2,141.958333,177.083333
1198,2,147.000000,177.000000
1199,2,151.960000,176.800000
1209,2,201.909091,177.227273
1210,2,206.640000,176.720000
1213,2,222.000000,177.000000
1215,2,31.916667,181.916667
1216,2,37.000000,182.000000
1217,2,41.916667,181.916667
1218,2,46.884615,182.076923
1219,2,52.000000,182.000000
1220,2,57.000000,182.000000
1231,2,111.826087,181.913043
1232,2,117.041667,182.083333
1235,2,132.000000,182.000000
1236,2,137.000000,182.000000
1237,2,142.000000,182.000000
1238,2,146.791667,181.958333
1241,2,162.000000,182.000000
1242,2,167.000000,182.076923
1243,2,172.173913,181.869565
1244,2,177.200000,182.000000
1249,2,202.000000,182.000000
1251,2,212.000000,182.173913
1254,2,227.000000,182.000000
1258,2,52.000000,187.000000
1261,2,66.892857,187.321429
1262,2,72.000000,187.115385
1264,2,82.173913,187.130435
1269,2,107.000000,187.000000
1270,2,111.925926,187.000000
1271,2,116.888889,187.222222
1272,2,122.000000,187.000000
1275,2,137.000000,187.000000
1276,2,142.000000,187.000000
1277,2,147.192308,186.846154
1279,2,157.000000,187.000000
1282,2,172.000000,187.000000
1283,2,177.222222,187.111111
1284,2,182.227273,186.772727
1287,2,197.000000,187.000000
1290,2,212.000000,187.000000
1291,2,217.000000,187.000000
1292,2,222.083333,186.916667
1293,2,37.000000,192.000000
1295,2,47.000000,192.000000
1297,2,56.916667,192.083333
1298,2,62.000000,192.000000
1299,2,67.181818,192.318182
1302,2,82.000000,192.000000
1305,2,97.000000,192.208333
1308,2,112.083333,192.166667
1312,2,131.916667,191.916667
1314,2,142.000000,192.000000
1315,2,146.916667,191.916667
1317,2,157.000000,192.000000
1318,2,161.961538,191.884615
1320,2,172.000000,192.000000
1322,2,181.961538,191.884615
1325,2,197.000000,192.000000
1326,2,201.826087,192.130435
1328,2,211.884615,191.923077
1329,2,217.000000,192.000000
1330,2,221.960000,191.800000
1334,2,57.000000,197.000000
1336,2,66.875000,197.041667
1344,2,106.791667,196.958333
1346,2,116.916667,197.083333
1349,2,132.000000,197.000000
1350,2,137.000000,197.000000
1354,2,157.115385,196.961538
1357,2,172.173913,197.130435
1358,2,177.000000,197.000000
1359,2,182.000000,197.000000
1360,2,187.000000,197.000000
1361,2,192.000000,197.000000
1363,2,201.961538,197.153846
1365,2,212.000000,197.000000
1366,2,216.916667,196.916667
1368,2,52.000000,202.000000
1369,2,57.000000,202.000000
1370,2,61.916667,202.083333
1372,2,72.307692,202.038462
1375,2,86.884615,202.038462
1377,2,96.960000,201.840000
1381,2,116.916667,201.916667
1382,2,121.730769,202.269231
1383,2,126.884615,201.769231
1384,2,131.960000,202.120000
1385,2,137.000000,202.000000
1386,2,142.083333,202.083333
1387,2,146.869565,202.173913
1391,2,166.888889,201.814815
1392,2,172.115385,202.038462
1396,2,192.000000,202.000000
1399,2,207.083333,202.083333
1400,2,212.000000,202.000000
1402,2,57.083333,207.041667
1403,2,62.000000,207.000000
1406,2,76.925926,207.111111
1411,2,101.958333,207.083333
1412,2,107.000000,206.916667
1414,2,117.000000,207.000000
1417,2,132.000000,207.000000
1418,2,137.000000,207.000000
1419,2,142.000000,207.000000
1420,2,147.083333,206.916667
1421,2,152.041667,206.916667
1422,2,157.000000,207.000000
1423,2,162.000000,207.000000
1424,2,167.000000,207.000000
1425,2,171.916667,206.916667
1427,2,182.000000,207.083333
1428,2,186.916667,207.083333
1429,2,191.884615,206.923077
1435,2,66.916667,211.916667
1440,2,92.083333,211.916667
1446,2,122.153846,211.807692
1448,2,131.916667,211.916667
1450,2,142.000000,212.000000
1451,2,146.923077,211.884615
1454,2,162.000000,212.000000
1455,2,167.076923,212.115385
1456,2,171.916667,212.000000
1458,2,182.000000,212.000000
1459,2,187.000000,212.000000
1464,2,67.083333,217.083333
1466,2,77.076923,217.115385
1467,2,81.923077,217.115385
1468,2,87.000000,217.000000
1470,2,96.884615,217.076923
1476,2,127.000000,217.000000
1478,2,137.115385,216.923077
1480,2,147.083333,216.916667
1484,2,166.916667,217.083333
1485,2,172.000000,217.000000
1486,2,176.888889,216.777778
1487,2,182.115385,217.076923
1488,2,187.083333,216.916667
1493,2,76.750000,222.125000
1494,2,81.875000,222.208333
1496,2,91.916667,222.125000
1497,2,97.222222,221.888889
1498,2,102.173913,222.130435
1500,2,112.083333,222.083333
1505,2,137.000000,222.000000
1508,2,152.000000,222.000000
1509,2,157.115385,221.961538
1510,2,162.269231,222.076923
1512,2,171.727273,221.409091
1514,2,181.884615,221.923077
1515,2,187.000000,222.000000
1516,2,191.916667,221.916667
1518,2,81.916667,226.916667
1521,2,97.000000,227.000000
1522,2,102.000000,227.000000
1523,2,107.000000,227.000000
1528,2,132.000000,227.000000
1530,2,141.916667,227.083333
1532,2,152.000000,227.000000
1533,2,157.000000,227.000000
1535,2,166.923077,226.884615
1537,2,177.000000,227.000000
1540,2,92.000000,232.000000
1541,2,97.000000,232.000000
1544,2,112.000000,232.000000
1546,2,121.884615,231.923077
1547,2,126.958333,231.916667
1548,2,132.000000,232.000000
1551,2,147.000000,232.000000
1552,2,152.038462,232.115385
1553,2,157.000000,232.000000
1554,2,161.923077,231.884615
1555,2,166.916667,231.916667
1559,2,106.960000,236.960000
1560,2,111.916667,236.916667
1561,2,117.083333,236.916667
1562,2,122.115385,237.076923
1566,2,142.038462,236.884615
1567,2,147.000000,237.000000
1568,2,151.958333,237.083333
1570,2,162.040000,236.840000
7,1,131.960000,22.360000
11,1,152.080000,22.040000
13,1,87.160000,27.080000
14,1,92.115385,27.076923
15,1,96.958333,26.708333
16,1,101.920000,27.040000
17,1,107.000000,27.000000
21,1,126.884615,26.923077
22,1,132.120000,27.120000
23,1,137.086957,26.652174
24,1,142.200000,27.040000
25,1,146.708333,27.333333
26,1,151.703704,26.925926
28,1,161.680000,27.040000
29,1,166.884615,26.923077
30,1,171.916667,27.083333
32,1,81.880000,32.120000
33,1,86.814815,31.888889
36,1,101.880000,31.760000
38,1,112.000000,31.913043
40,1,122.111111,32.222222
44,1,141.840000,32.200000
46,1,152.000000,32.000000
49,1,167.000000,32.000000
52,1,181.875000,32.250000
54,1,76.769231,37.038462
55,1,82.041667,37.083333
56,1,87.000000,37.160000
57,1,91.961538,36.961538
59,1,102.185185,36.851852
63,1,121.833333,37.416667
64,1,126.960000,36.880000
65,1,131.916667,37.041667
66,1,136.884615,36.961538
67,1,142.083333,37.083333
68,1,147.080000,36.880000
74,1,177.000000,37.000000
75,1,181.960000,37.200000
76,1,187.040000,37.040000
77,1,192.037037,36.888889
78,1,62.000000,42.115385
79,1,67.222222,41.888889
80,1,72.333333,42.041667
84,1,91.846154,42.076923
87,1,107.000000,42.000000
88,1,112.000000,42.000000
90,1,122.200000,42.000000
95,1,146.800000,42.160000
96,1,151.857143,41.928571
97,1,157.115385,41.923077
100,1,172.000000,42.000000
102,1,182.000000,42.083333
104,1,192.000000,42.000000
106,1,57.173913,47.000000
108,1,67.115385,46.923077
109,1,72.461538,46.923077
110,1,77.260870,47.217391
111,1,82.038462,46.730769
112,1,87.000000,46.956522
114,1,96.884615,46.923077
119,1,121.777778,47.111111
122,1,137.000000,47.000000
123,1,142.000000,47.000000
124,1,147.320000,47.280000
126,1,157.000000,47.000000
129,1,172.076923,46.923077
130,1,177.153846,46.692308
136,1,52.000000,52.000000
144,1,92.115385,52.076923
145,1,97.160000,52.040000
147,1,106.958333,51.958333
150,1,121.875000,51.958333
151,1,126.916667,51.916667
156,1,152.000000,52.000000
159,1,167.115385,52.115385
161,1,177.120000,51.840000
162,1,182.000000,52.173913
165,1,197.080000,52.040000
167,1,207.083333,52.083333
170,1,57.115385,56.923077
172,1,67.040000,56.840000
175,1,82.080000,57.120000
176,1,87.083333,56.791667
179,1,102.120000,56.880000
182,1,117.000000,57.000000
183,1,122.178571,57.071429
187,1,141.884615,57.076923
189,1,151.920000,57.120000
190,1,156.884615,57.000000
192,1,166.960000,56.960000
198,1,196.920000,56.960000
203,1,46.913043,61.869565
206,1,61.958333,62.083333
207,1,67.222222,61.703704
208,1,72.120000,62.080000
211,1,87.000000,62.000000
216,1,112.000000,62.000000
217,1,117.040000,62.080000
218,1,121.791667,62.208333
222,1,142.192308,62.115385
225,1,157.000000,62.000000
229,1,177.000000,62.000000
230,1,182.200000,61.640000
231,1,187.200000,62.160000
234,1,202.000000,62.000000
237,1,216.833333,61.833333
245,1,76.857143,66.857143
247,1,86.636364,66.909091
248,1,91.777778,67.111111
249,1,97.040000,66.920000
250,1,101.960000,66.880000
251,1,106.821429,67.142857
259,1,147.560000,67.440000
263,1,167.115385,66.961538
264,1,172.000000,66.956522
265,1,177.000000,67.000000
266,1,182.172414,66.827586
268,1,192.166667,67.125000
269,1,196.916667,66.916667
271,1,207.083333,67.083333
272,1,212.115385,66.961538
273,1,216.923077,67.038462
276,1,41.956522,71.826087
279,1,57.192308,71.807692
281,1,67.115385,71.923077
285,1,87.115385,72.115385
289,1,107.080000,72.080000
290,1,112.083333,72.041667
291,1,117.130435,71.826087
292,1,121.916667,71.958333
293,1,127.037037,71.851852
294,1,132.560000,72.040000
296,1,141.880000,71.880000
298,1,152.043478,72.000000
300,1,161.692308,72.153846
301,1,166.884615,72.038462
302,1,172.000000,71.923077
304,1,181.880000,72.000000
305,1,187.000000,71.869565
306,1,191.875000,71.958333
307,1,196.960000,72.080000
311,1,216.920000,72.200000
312,1,222.000000,72.000000
314,1,37.076923,77.038462
315,1,41.884615,76.692308
318,1,56.961538,76.884615
323,1,81.920000,77.080000
324,1,86.840000,76.960000
327,1,102.160000,76.800000
333,1,131.730769,76.884615
334,1,136.826087,77.000000
335,1,141.807692,77.076923
337,1,152.035714,76.964286
338,1,156.916667,77.166667
339,1,162.083333,77.000000
341,1,172.192308,76.884615
343,1,182.111111,77.000000
344,1,187.000000,77.000000
345,1,192.000000,76.884615
349,1,212.115385,77.076923
351,1,222.000000,77.000000
353,1,31.960000,82.120000
354,1,36.653846,81.961538
355,1,42.321429,81.642857
356,1,47.000000,82.000000
358,1,56.884615,82.076923
359,1,61.920000,82.000000
360,1,66.777778,82.000000
363,1,82.370370,82.333333
364,1,87.166667,81.708333
367,1,101.923077,81.884615
369,1,112.115385,81.923077
376,1,146.826087,81.956522
377,1,151.692308,82.076923
378,1,157.076923,81.884615
381,1,171.923077,82.115385
387,1,202.038462,82.115385
388,1,207.250000,81.750000
393,1,27.200000,86.920000
398,1,52.115385,87.038462
399,1,57.250000,86.916667
400,1,62.240000,87.280000
406,1,91.916667,87.041667
407,1,96.814815,87.074074
410,1,112.076923,87.192308
412,1,121.961538,86.884615
414,1,132.000000,87.083333
416,1,142.000000,87.444444
419,1,157.080000,86.960000
420,1,162.083333,86.958333
423,1,177.000000,87.000000
425,1,187.230769,87.115385
428,1,201.750000,87.250000
429,1,206.703704,86.777778
432,1,221.916667,87.000000
433,1,226.680000,86.960000
437,1,37.500000,92.576923
438,1,42.260870,91.739130
439,1,47.000000,92.120000
440,1,52.000000,92.000000
441,1,56.961538,91.846154
443,1,67.115385,91.923077
447,1,86.958333,91.916667
448,1,91.916667,91.958333
452,1,111.961538,92.230769
453,1,117.080000,91.840000
454,1,121.884615,92.115385
455,1,127.076923,92.000000
456,1,132.000000,92.083333
457,1,136.807692,92.076923
458,1,141.666667,92.291667
460,1,152.400000,92.080000
461,1,157.000000,91.846154
464,1,171.730769,92.269231
465,1,177.038462,92.115385
466,1,182.115385,92.000000
467,1,187.043478,92.086957
468,1,192.040000,91.920000
469,1,196.727273,92.136364
471,1,206.800000,92.000000
475,1,227.111111,91.962963
478,1,32.000000,97.000000
484,1,62.115385,96.846154
486,1,72.125000,96.958333
487,1,77.038462,97.269231
488,1,82.115385,97.076923
489,1,87.120000,96.800000
491,1,97.000000,97.000000
494,1,112.208333,96.875000
495,1,117.080000,97.160000
496,1,122.166667,97.041667
499,1,137.240000,97.400000
500,1,142.259259,97.185185
502,1,152.130435,96.826087
503,1,157.375000,96.791667
505,1,166.884615,96.923077
506,1,172.080000,96.960000
510,1,192.000000,97.000000
512,1,201.916667,97.083333
514,1,212.000000,97.000000
516,1,222.000000,97.000000
521,1,27.000000,102.000000
524,1,42.000000,102.000000
527,1,57.076923,102.115385
529,1,66.916667,102.041667
530,1,72.000000,101.720000
531,1,77.076923,102.038462
533,1,87.000000,102.000000
536,1,102.000000,102.000000
538,1,112.000000,101.884615
539,1,117.200000,102.160000
541,1,127.115385,102.076923
544,1,141.772727,102.090909
545,1,147.000000,102.000000
547,1,156.923077,101.653846
549,1,167.074074,102.222222
553,1,187.083333,102.083333
554,1,191.958333,102.000000
555,1,196.800000,102.200000
559,1,217.000000,102.000000
562,1,232.000000,102.000000
564,1,22.083333,107.083333
566,1,32.076923,107.115385
568,1,42.000000,107.037037
569,1,47.083333,107.041667
570,1,51.916667,107.000000
572,1,62.222222,107.111111
573,1,67.280000,107.120000
574,1,71.920000,106.800000
575,1,76.777778,107.185185
577,1,87.000000,107.000000
579,1,97.208333,106.916667
580,1,102.076923,107.000000
581,1,107.250000,107.125000
584,1,121.961538,107.269231
587,1,137.115385,107.192308
588,1,142.076923,106.884615
592,1,162.000000,106.913043
593,1,166.962963,107.148148
596,1,182.250000,107.535714
598,1,192.115385,107.076923
599,1,197.000000,107.000000
601,1,207.115385,107.076923
603,1,217.000000,107.000000
604,1,221.923077,107.115385
606,1,231.875000,106.958333
607,1,236.958333,107.166667
610,1,31.840000,112.200000
613,1,47.080000,111.880000
615,1,56.840000,111.800000
616,1,61.840000,112.040000
617,1,66.880000,112.000000
621,1,86.961538,112.076923
622,1,92.115385,111.961538
623,1,97.038462,111.923077
625,1,106.680000,112.000000
626,1,112.000000,112.000000
631,1,137.130435,111.913043
634,1,152.083333,112.125000
635,1,156.880000,112.200000
636,1,161.833333,112.250000
637,1,166.888889,111.962963
638,1,172.208333,112.125000
639,1,177.083333,112.083333
640,1,181.880000,112.440000
642,1,192.000000,111.800000
645,1,207.083333,111.916667
647,1,217.043478,111.826087
650,1,232.080000,111.920000
651,1,237.000000,111.800000
652,1,22.080000,117.040000
654,1,32.200000,117.040000
655,1,36.869565,117.217391
658,1,51.884615,116.923077
659,1,57.000000,117.000000
660,1,62.000000,117.000000
662,1,71.916667,116.958333
663,1,77.111111,117.148148
664,1,82.125000,116.916667
665,1,87.000000,116.875000
666,1,92.040000,116.960000
667,1,97.000000,116.920000
668,1,101.782609,117.130435
669,1,107.000000,116.884615
671,1,117.000000,117.000000
674,1,132.111111,116.777778
676,1,141.629630,116.814815
677,1,146.916667,116.916667
679,1,157.000000,117.000000
684,1,182.000000,117.130435
685,1,187.222222,116.962963
686,1,192.250000,117.166667
687,1,196.923077,117.115385
688,1,202.000000,117.000000
690,1,212.500000,116.846154
691,1,217.000000,117.148148
692,1,222.083333,116.916667
695,1,236.869565,117.000000
696,1,21.833333,122.041667
698,1,31.916667,121.916667
699,1,37.038462,122.115385
700,1,42.080000,122.160000
701,1,47.000000,122.000000
703,1,57.000000,122.000000
704,1,61.846154,122.153846
707,1,77.038462,121.807692
708,1,82.192308,121.884615
709,1,87.153846,121.730769
710,1,92.320000,121.920000
711,1,97.291667,122.125000
712,1,102.200000,122.040000
713,1,107.071429,122.214286
715,1,117.000000,121.916667
717,1,127.000000,122.000000
719,1,137.083333,121.916667
724,1,162.083333,121.916667
725,1,167.083333,122.083333
727,1,176.888889,121.629630
729,1,187.000000,122.000000
733,1,207.000000,122.000000
734,1,211.884615,121.769231
735,1,217.120000,122.400000
736,1,222.000000,121.800000
737,1,227.000000,121.869565
739,1,237.000000,121.800000
740,1,21.800000,127.080000
744,1,42.000000,127.083333
746,1,51.920000,127.040000
747,1,56.833333,126.666667
748,1,61.851852,127.259259
750,1,72.115385,127.038462
751,1,77.083333,126.958333
754,1,92.037037,127.000000
755,1,97.115385,126.923077
756,1,102.230769,127.307692
757,1,107.240000,127.520000
759,1,117.080000,126.800000
760,1,122.040000,126.880000
761,1,126.958333,127.041667
763,1,136.814815,126.814815
765,1,147.111111,127.222222
767,1,156.923077,126.884615
768,1,161.840000,126.880000
769,1,166.800000,126.920000
771,1,177.185185,126.629630
772,1,182.083333,127.083333
779,1,217.076923,127.307692
780,1,222.307692,126.769231
781,1,227.130435,126.956522
782,1,232.000000,127.000000
783,1,237.038462,126.884615
784,1,22.200000,131.920000
786,1,32.000000,132.000000
790,1,52.000000,132.115385
791,1,56.960000,131.920000
792,1,62.083333,132.083333
793,1,67.111111,132.222222
795,1,77.130435,131.826087
798,1,92.040000,132.120000
799,1,97.240000,131.760000
800,1,102.000000,132.304348
802,1,112.086957,131.956522
803,1,116.840000,131.840000
805,1,127.040000,131.800000
809,1,146.913043,132.000000
810,1,152.000000,132.291667
813,1,167.148148,132.000000
815,1,177.208333,131.958333
817,1,187.076923,132.115385
821,1,207.000000,132.000000
822,1,211.840000,131.800000
824,1,222.148148,132.000000
825,1,227.000000,131.800000
828,1,22.230769,137.115385
831,1,37.115385,137.153846
832,1,42.000000,136.880000
833,1,47.080000,137.120000
835,1,56.884615,136.923077
837,1,66.869565,137.173913
839,1,76.888889,136.777778
844,1,102.080000,136.880000
845,1,107.038462,137.038462
847,1,117.038462,137.076923
848,1,122.083333,136.791667
849,1,126.791667,136.833333
850,1,131.714286,136.928571
852,1,141.840000,136.960000
853,1,146.962963,136.814815
854,1,152.192308,137.269231
857,1,167.040000,137.120000
858,1,172.280000,136.840000
859,1,176.846154,137.115385
865,1,207.000000,136.807692
870,1,232.080000,137.040000
872,1,21.925926,142.000000
873,1,27.200000,142.160000
879,1,57.000000,141.913043
883,1,76.884615,142.076923
884,1,82.200000,141.680000
885,1,87.360000,141.800000
886,1,92.000000,142.320000
892,1,121.730769,141.692308
893,1,126.840000,142.040000
895,1,136.840000,141.800000
898,1,151.960000,142.160000
899,1,156.960000,142.040000
900,1,162.000000,142.000000
902,1,172.038462,141.884615
905,1,187.000000,142.000000
906,1,191.923077,142.115385
914,1,231.875000,142.125000
916,1,22.192308,147.307692
919,1,37.000000,147.000000
921,1,46.916667,146.916667
924,1,62.076923,146.961538
925,1,67.083333,147.041667
926,1,71.840000,147.080000
927,1,77.000000,147.000000
928,1,82.083333,146.833333
929,1,86.791667,146.708333
931,1,97.000000,146.884615
936,1,122.038462,146.884615
937,1,127.160000,146.960000
939,1,137.000000,146.923077
940,1,142.076923,147.153846
943,1,157.200000,147.160000
944,1,162.000000,146.750000
945,1,167.000000,147.000000
952,1,201.884615,146.846154
954,1,212.160000,147.080000
955,1,217.083333,146.916667
958,1,232.148148,147.185185
959,1,237.160000,147.040000
960,1,21.869565,152.173913
965,1,47.185185,151.925926
966,1,52.040000,152.080000
967,1,56.916667,152.041667
968,1,61.730769,151.769231
970,1,72.200000,152.000000
971,1,77.208333,151.708333
976,1,102.000000,152.000000
977,1,107.080000,152.000000
978,1,112.200000,152.000000
980,1,122.083333,151.916667
983,1,137.269231,151.846154
984,1,141.500000,152.458333
985,1,146.964286,152.071429
986,1,152.160000,152.080000
987,1,157.192308,152.000000
988,1,162.083333,151.916667
989,1,167.120000,151.920000
994,1,192.307692,151.807692
997,1,206.961538,152.307692
999,1,216.892857,151.821429
1000,1,222.083333,152.041667
1001,1,226.826087,151.869565
1002,1,231.846154,152.153846
1003,1,237.000000,152.200000
1005,1,27.200000,157.000000
1007,1,37.000000,157.000000
1009,1,47.222222,156.925926
1010,1,52.200000,157.520000
1012,1,62.115385,156.846154
1016,1,81.846154,157.230769
1017,1,87.040000,157.160000
1018,1,92.083333,156.916667
1020,1,102.038462,157.153846
1023,1,117.000000,157.000000
1028,1,142.153846,157.076923
1029,1,147.200000,156.960000
1030,1,152.083333,157.083333
1031,1,156.961538,157.115385
1033,1,166.846154,156.923077
1036,1,182.000000,157.000000
1037,1,187.148148,156.629630
1038,1,192.000000,157.200000
1039,1,196.916667,156.916667
1041,1,207.130435,157.173913
1042,1,211.916667,157.041667
1043,1,217.148148,156.925926
1044,1,222.153846,157.076923
1048,1,26.923077,162.115385
1049,1,32.083333,162.000000
1051,1,42.000000,162.000000
1053,1,51.913043,162.391304
1055,1,61.880000,161.960000
1057,1,71.851852,162.037037
1058,1,77.000000,161.800000
1059,1,81.769231,162.269231
1063,1,102.125000,162.041667
1064,1,107.120000,162.000000
1067,1,121.730769,161.576923
1069,1,132.111111,162.222222
1074,1,156.920000,162.000000
1075,1,162.115385,162.076923
1078,1,176.777778,162.111111
1079,1,181.916667,161.916667
1080,1,187.000000,161.884615
1083,1,202.000000,162.000000
1084,1,206.840000,162.080000
1086,1,216.958333,161.875000
1090,1,236.884615,161.923077
1091,1,27.083333,167.083333
1092,1,31.923077,167.000000
1093,1,37.000000,167.037037
1095,1,46.916667,166.958333
1096,1,52.200000,167.080000
1097,1,57.160000,166.880000
1098,1,62.040000,166.800000
1099,1,67.142857,166.928571
1101,1,76.840000,167.080000
1102,1,81.869565,167.000000
1103,1,86.730769,167.076923
1104,1,92.000000,167.040000
1105,1,97.000000,167.000000
1109,1,116.840000,166.960000
1110,1,121.814815,166.666667
1113,1,137.040000,166.880000
1114,1,141.960000,167.120000
1116,1,152.038462,166.884615
1119,1,166.923077,166.615385
1122,1,182.074074,167.000000
1126,1,201.960000,167.160000
1129,1,217.111111,166.703704
1130,1,222.291667,167.291667
1131,1,227.040000,166.840000
1134,1,32.166667,172.000000
1135,1,37.217391,172.086957
1136,1,42.269231,171.692308
1137,1,47.291667,171.875000
1138,1,51.960000,172.080000
1140,1,62.259259,171.814815
1141,1,67.260870,172.260870
1142,1,72.000000,172.000000
1144,1,81.916667,171.708333
1146,1,91.777778,171.777778
1148,1,101.875000,171.708333
1149,1,107.083333,172.083333
1152,1,122.071429,171.892857
1155,1,136.884615,171.923077
1158,1,151.869565,171.826087
1160,1,161.923077,172.038462
1161,1,166.888889,172.111111
1163,1,177.000000,172.000000
1164,1,181.913043,172.000000
1171,1,217.074074,172.000000
1172,1,221.875000,172.041667
1173,1,226.958333,171.916667
1174,1,231.916667,171.916667
1176,1,37.000000,176.740741
1177,1,42.000000,177.000000
1179,1,52.083333,177.000000
1182,1,66.958333,177.083333
1185,1,82.111111,176.814815
1188,1,97.083333,177.291667
1189,1,101.680000,176.640000
1191,1,112.083333,177.250000
1192,1,116.666667,177.037037
1194,1,127.000000,177.000000
1196,1,137.000000,177.000000
1200,1,156.923077,177.038462
1201,1,162.125000,177.041667
1202,1,167.307692,177.115385
1203,1,172.250000,176.833333
1204,1,177.037037,177.037037
1205,1,182.040000,177.040000
1206,1,187.038462,177.076923
1207,1,192.000000,177.000000
1208,1,197.040000,176.840000
1211,1,212.000000,177.160000
1212,1,216.880000,177.200000
1214,1,227.038462,176.884615
1221,1,62.000000,182.000000
1222,1,66.916667,182.000000
1223,1,71.769231,181.884615
1224,1,77.111111,181.962963
1225,1,81.884615,182.269231
1226,1,87.000000,182.000000
1227,1,92.307692,181.961538
1228,1,97.444444,182.407407
1229,1,102.458333,181.625000
1230,1,107.000000,182.000000
1233,1,121.916667,181.916667
1234,1,126.884615,182.076923
1239,1,152.083333,181.916667
1240,1,157.000000,182.000000
1245,1,182.250000,182.083333
1246,1,186.833333,182.208333
1247,1,192.000000,182.200000
1248,1,196.962963,181.814815
1250,1,207.142857,181.750000
1252,1,217.200000,182.000000
1253,1,222.083333,182.083333
1255,1,37.000000,187.000000
1256,1,41.880000,187.080000
1257,1,46.884615,187.038462
1259,1,57.040000,187.160000
1260,1,61.846154,186.961538
1263,1,76.880000,186.960000
1265,1,86.916667,187.000000
1266,1,91.807692,186.615385
1267,1,96.695652,187.565217
1268,1,101.884615,186.923077
1273,1,127.040000,187.040000
1274,1,132.000000,187.000000
1278,1,151.923077,186.884615
1280,1,162.041667,186.916667
1281,1,167.296296,186.962963
1285,1,187.192308,186.769231
1286,1,191.954545,187.090909
1288,1,202.076923,187.115385
1289,1,207.041667,186.875000
1294,1,42.041667,192.083333
1296,1,52.076923,192.115385
1300,1,71.913043,192.000000
1301,1,76.880000,192.000000
1303,1,86.920000,191.960000
1304,1,91.840000,191.720000
1306,1,101.769231,192.153846
1307,1,107.115385,192.038462
1309,1,117.250000,192.458333
1310,1,121.791667,191.916667
1311,1,126.846154,191.923077
1313,1,137.000000,192.000000
1316,1,151.714286,192.285714
1319,1,167.000000,192.000000
1321,1,177.000000,192.000000
1323,1,187.115385,191.923077
1324,1,192.120000,191.960000
1327,1,206.846154,191.923077
1331,1,42.160000,197.040000
1332,1,46.840000,197.040000
1333,1,51.692308,197.269231
1335,1,62.000000,197.000000
1337,1,71.720000,197.000000
1338,1,76.740741,196.851852
1339,1,81.920000,197.040000
1340,1,86.920000,197.040000
1341,1,91.960000,197.080000
1342,1,96.760000,196.800000
1343,1,102.160000,197.000000
1345,1,112.086957,197.000000
1347,1,122.080000,196.960000
1348,1,126.916667,196.916667
1351,1,141.880000,196.960000
1352,1,146.807692,197.500000
1353,1,151.960000,197.040000
1355,1,162.200000,197.120000
1356,1,167.230769,196.615385
1362,1,197.000000,197.000000
1364,1,206.884615,197.076923
1367,1,47.000000,202.173913
1371,1,66.807692,201.961538
1373,1,77.250000,201.750000
1374,1,81.695652,202.304348
1376,1,91.750000,201.916667
1378,1,102.111111,202.148148
1379,1,107.320000,201.680000
1380,1,111.840000,201.880000
1388,1,152.000000,202.000000
1389,1,156.916667,202.041667
1390,1,161.800000,202.040000
1393,1,177.250000,202.000000
1394,1,182.000000,202.115385
1395,1,187.000000,202.000000
1397,1,196.960000,202.040000
1398,1,202.083333,202.083333
1401,1,52.115385,206.961538
1404,1,67.080000,206.960000
1405,1,71.916667,206.916667
1407,1,82.222222,207.037037
1408,1,87.083333,207.083333
1409,1,92.153846,206.807692
1410,1,97.115385,207.000000
1413,1,111.960000,206.800000
1415,1,122.200000,207.080000
1416,1,127.000000,206.913043
1426,1,176.653846,207.076923
1430,1,197.080000,206.840000
1431,1,201.916667,207.083333
1432,1,207.000000,207.000000
1433,1,56.800000,212.080000
1434,1,61.962963,212.037037
1436,1,72.125000,211.958333
1437,1,76.960000,211.960000
1438,1,82.360000,212.160000
1439,1,87.291667,212.083333
1441,1,96.884615,212.000000
1442,1,101.958333,211.958333
1443,1,106.875000,211.833333
1444,1,111.840000,211.800000
1445,1,116.884615,211.961538
1447,1,127.120000,212.080000
1449,1,137.000000,212.000000
1452,1,151.846154,212.115385
1453,1,156.777778,212.000000
1457,1,177.083333,211.791667
1460,1,192.038462,212.115385
1461,1,197.040000,211.880000
1462,1,201.920000,211.880000
1463,1,62.000000,217.040000
1465,1,71.730769,216.692308
1469,1,91.884615,217.153846
1471,1,101.956522,217.000000
1472,1,106.740741,216.777778
1473,1,112.000000,216.888889
1474,1,116.840000,217.160000
1475,1,122.083333,216.916667
1477,1,132.208333,216.708333
1479,1,142.217391,217.000000
1481,1,152.000000,217.260870
1482,1,156.875000,216.958333
1483,1,161.884615,216.961538
1489,1,191.869565,217.173913
1490,1,196.800000,216.920000
1491,1,67.000000,222.000000
1492,1,72.076923,221.884615
1495,1,86.769231,222.115385
1499,1,107.076923,221.884615
1501,1,117.000000,222.115385
1502,1,121.916667,221.875000
1503,1,127.107143,222.000000
1504,1,132.040000,221.680000
1506,1,142.000000,221.777778
1507,1,147.000000,222.000000
1511,1,167.560000,222.520000
1513,1,176.653846,222.230769
1517,1,77.173913,227.000000
1519,1,87.038462,227.153846
1520,1,92.083333,227.000000
1524,1,112.000000,227.000000
1525,1,117.166667,226.958333
1526,1,121.884615,226.961538
1527,1,127.000000,227.000000
1529,1,137.000000,227.000000
1531,1,146.884615,226.923077
1534,1,162.000000,227.000000
1536,1,172.240000,227.120000
1538,1,182.000000,226.851852
1539,1,87.000000,231.750000
1542,1,102.080000,231.880000
1543,1,106.960000,232.160000
1545,1,116.916667,232.083333
1549,1,137.115385,232.000000
1550,1,142.043478,231.913043
1556,1,172.000000,232.000000
1557,1,97.125000,237.083333
1558,1,101.960000,236.960000
1563,1,127.120000,236.800000
1564,1,132.115385,237.076923
1565,1,137.000000,236.826087
1569,1,157.000000,237.000000
