ID,type,x COM, y COM
2,2,112.840000,24.480000
5,2,123.600000,21.120000
6,2,128.071429,20.785714
7,2,133.086957,20.565217
9,2,137.347826,21.956522
10,2,150.333333,22.541667
12,2,155.227273,24.909091
13,2,85.423077,29.884615
14,2,89.730769,27.307692
15,2,98.291667,28.708333
16,2,95.000000,26.869565
18,2,108.500000,25.583333
19,2,114.875000,29.125000
22,2,132.304348,25.086957
23,2,135.375000,29.125000
26,2,153.708333,29.208333
31,2,78.541667,33.708333
34,2,90.440000,32.920000
38,2,113.625000,34.416667
39,2,117.692308,35.692308
41,2,131.000000,31.083333
42,2,134.000000,33.956522
45,2,150.000000,34.000000
46,2,154.960000,32.960000
47,2,158.260870,28.304348
51,2,172.727273,29.045455
53,2,74.750000,36.416667
55,2,84.346154,33.884615
57,2,97.208333,36.958333
58,2,94.720000,32.440000
61,2,116.166667,40.166667
62,2,122.521739,40.565217
63,2,122.583333,36.291667
65,2,128.259259,36.851852
66,2,135.652174,38.043478
67,2,138.681818,33.227273
76,2,190.360000,38.360000
77,2,194.560000,40.080000
78,2,63.222222,40.740741
79,2,69.958333,39.583333
81,2,78.416667,45.041667
82,2,80.259259,40.037037
84,2,96.458333,41.458333
85,2,98.956522,45.260870
87,2,103.760000,43.280000
88,2,111.920000,41.360000
89,2,116.250000,45.250000
90,2,120.727273,43.636364
91,2,128.153846,41.500000
92,2,132.535714,42.035714
93,2,139.192308,42.192308
94,2,137.416667,45.000000
96,2,151.576923,40.384615
98,2,155.782609,42.130435
100,2,175.560000,46.720000
101,2,180.600000,43.120000
103,2,185.826087,36.739130
109,2,74.964286,49.928571
110,2,79.434783,51.260870
113,2,93.772727,44.863636
114,2,100.125000,50.041667
115,2,104.250000,48.583333
117,2,106.652174,52.565217
118,2,112.619048,48.000000
122,2,134.695652,49.043478
125,2,152.375000,56.291667
130,2,180.160000,47.600000
131,2,184.960000,47.400000
132,2,189.296296,48.296296
133,2,193.476190,48.190476
134,2,198.130435,49.173913
135,2,197.160000,44.880000
136,2,57.208333,53.750000
137,2,60.280000,52.080000
138,2,62.916667,49.791667
139,2,66.200000,54.960000
140,2,69.958333,52.583333
142,2,80.727273,56.227273
144,2,94.040000,49.400000
146,2,102.760000,56.600000
151,2,123.448276,56.137931
153,2,134.846154,53.500000
155,2,151.761905,59.904762
162,2,180.360000,57.840000
166,2,203.153846,48.576923
167,2,204.148148,53.777778
170,2,57.130435,58.434783
171,2,62.807692,58.000000
173,2,75.083333,54.791667
177,2,90.826087,55.826087
179,2,107.409091,57.272727
181,2,111.130435,58.782609
183,2,131.636364,56.363636
184,2,128.291667,58.958333
185,2,137.227273,57.772727
188,2,146.826087,61.565217
190,2,157.571429,58.619048
192,2,166.333333,61.777778
195,2,179.791667,62.541667
197,2,185.086957,58.739130
200,2,202.000000,63.681818
201,2,203.680000,59.360000
202,2,41.480000,64.960000
203,2,48.178571,63.428571
204,2,54.826087,62.826087
206,2,60.760000,61.880000
211,2,87.800000,65.040000
213,2,95.920000,59.200000
214,2,100.681818,60.590909
216,2,114.640000,62.160000
219,2,133.000000,62.130435
221,2,141.695652,61.913043
223,2,151.086957,64.739130
225,2,155.173913,64.086957
227,2,164.565217,65.217391
230,2,184.640000,63.240000
231,2,189.652174,58.565217
232,2,194.681818,64.818182
233,2,197.434783,62.086957
235,2,208.956522,59.478261
236,2,214.440000,63.960000
240,2,51.500000,66.458333
244,2,71.708333,62.083333
245,2,75.230769,65.423077
247,2,92.520000,68.160000
248,2,91.680000,62.200000
252,2,109.652174,63.217391
257,2,137.769231,62.538462
259,2,145.148148,65.444444
260,2,155.454545,68.363636
263,2,165.666667,70.000000
266,2,183.541667,70.875000
268,2,190.080000,64.480000
269,2,198.384615,68.384615
271,2,210.500000,66.000000
278,2,51.208333,71.291667
280,2,65.375000,74.000000
284,2,85.600000,71.800000
285,2,87.440000,75.720000
286,2,90.739130,71.043478
287,2,96.038462,78.538462
296,2,144.640000,71.080000
297,2,148.961538,70.153846
299,2,153.307692,72.192308
300,2,160.583333,79.208333
304,2,182.148148,76.370370
306,2,192.250000,69.250000
308,2,204.454545,68.318182
309,2,206.560000,64.120000
314,2,38.629630,81.740741
317,2,52.434783,76.130435
320,2,63.250000,78.291667
321,2,68.666667,77.629630
325,2,95.708333,74.000000
327,2,106.521739,77.652174
329,2,111.500000,77.227273
333,2,138.500000,72.375000
334,2,137.120000,77.320000
336,2,142.166667,75.958333
338,2,154.884615,78.538462
340,2,164.666667,83.333333
341,2,172.440000,79.840000
344,2,187.761905,81.857143
349,2,212.318182,77.363636
351,2,221.444444,78.222222
352,2,223.857143,81.142857
354,2,39.080000,86.320000
356,2,47.241379,77.172414
357,2,46.458333,81.666667
358,2,51.875000,81.375000
361,2,77.956522,84.826087
362,2,73.040000,86.200000
365,2,95.148148,82.703704
368,2,103.920000,81.760000
370,2,120.037037,82.148148
371,2,124.304348,82.434783
372,2,128.230769,80.307692
373,2,132.869565,77.695652
374,2,136.095238,82.333333
375,2,141.653846,80.615385
378,2,156.260870,83.913043
379,2,160.727273,83.318182
383,2,182.708333,80.625000
384,2,183.320000,85.240000
385,2,193.130435,82.608696
386,2,192.130435,77.565217
388,2,212.666667,82.250000
391,2,217.500000,83.666667
392,2,231.208333,85.791667
395,2,40.125000,90.541667
397,2,44.230769,86.692308
398,2,51.142857,86.071429
399,2,53.956522,89.478261
405,2,91.074074,77.407407
407,2,93.136364,87.545455
409,2,103.750000,86.916667
410,2,113.250000,83.750000
411,2,119.304348,87.478261
416,2,140.863636,85.090909
418,2,144.720000,89.320000
419,2,150.043478,89.913043
423,2,182.318182,95.454545
425,2,190.960000,85.680000
428,2,195.695652,88.956522
429,2,200.130435,89.173913
431,2,221.760000,89.360000
432,2,221.217391,85.434783
433,2,226.545455,85.954545
438,2,40.217391,96.869565
440,2,49.384615,91.423077
443,2,65.000000,94.035714
444,2,72.833333,93.833333
445,2,76.083333,89.583333
448,2,94.347826,92.565217
449,2,98.416667,89.708333
452,2,109.115385,86.846154
453,2,115.454545,86.909091
454,2,121.304348,93.608696
455,2,123.083333,88.333333
456,2,126.038462,94.384615
457,2,135.125000,91.000000
459,2,145.304348,95.217391
460,2,152.318182,90.545455
462,2,162.956522,97.086957
466,2,181.576923,90.153846
469,2,190.000000,90.041667
471,2,205.038462,92.153846
476,2,229.296296,89.925926
477,2,30.541667,99.416667
478,2,29.045455,95.545455
479,2,36.173913,96.043478
481,2,48.074074,95.592593
482,2,55.192308,97.653846
483,2,57.608696,102.565217
484,2,61.250000,98.541667
485,2,65.703704,99.740741
486,2,70.481481,97.444444
487,2,79.565217,94.826087
488,2,80.040000,100.200000
489,2,89.833333,90.708333
490,2,89.826087,96.130435
491,2,94.520000,97.200000
492,2,100.480000,95.760000
496,2,123.043478,98.391304
497,2,131.115385,97.461538
498,2,132.727273,93.181818
499,2,136.346154,96.653846
501,2,149.041667,95.166667
504,2,160.846154,99.730769
509,2,188.347826,98.347826
510,2,192.384615,98.846154
511,2,198.916667,93.291667
513,2,207.043478,97.478261
515,2,218.000000,103.826087
516,2,221.909091,97.727273
517,2,227.000000,97.173913
518,2,231.521739,97.869565
519,2,235.916667,96.083333
520,2,22.913043,108.608696
521,2,25.250000,104.500000
522,2,29.541667,104.375000
523,2,35.080000,101.120000
527,2,52.791667,100.291667
528,2,62.652174,104.565217
529,2,70.222222,102.259259
530,2,75.380952,100.666667
532,2,81.166667,105.041667
534,2,91.000000,101.208333
538,2,115.000000,103.608696
539,2,121.120000,105.920000
541,2,127.727273,99.636364
542,2,130.142857,103.809524
543,2,136.730769,107.730769
544,2,135.153846,102.423077
547,2,156.000000,102.250000
548,2,161.304348,104.000000
549,2,168.260870,101.043478
550,2,171.840000,105.560000
551,2,177.520000,107.360000
553,2,185.760000,101.720000
554,2,191.115385,104.192308
555,2,193.086957,93.086957
558,2,211.695652,98.000000
564,2,21.320000,112.960000
567,2,36.384615,105.461538
568,2,40.807692,105.615385
569,2,46.681818,110.454545
570,2,54.888889,113.703704
571,2,58.523810,106.238095
574,2,72.695652,107.130435
575,2,76.384615,105.730769
576,2,80.538462,109.961538
579,2,97.148148,100.370370
584,2,125.173913,103.782609
585,2,132.423077,107.884615
586,2,131.250000,112.791667
587,2,135.826087,114.260870
590,2,151.416667,101.541667
591,2,160.259259,109.592593
593,2,165.909091,104.909091
596,2,187.040000,107.440000
598,2,195.560000,106.440000
600,2,204.166667,110.458333
602,2,213.739130,103.304348
603,2,216.090909,108.181818
605,2,228.727273,105.954545
606,2,233.320000,109.480000
607,2,237.090909,107.500000
608,2,24.640000,115.920000
609,2,29.318182,116.000000
610,2,32.807692,108.615385
611,2,37.260870,110.739130
612,2,44.250000,114.916667
614,2,49.260870,115.043478
616,2,64.629630,111.481481
617,2,69.500000,110.416667
618,2,71.291667,114.416667
619,2,75.375000,112.125000
622,2,90.782609,111.695652
625,2,106.714286,110.571429
626,2,111.384615,110.846154
628,2,126.884615,108.846154
631,2,139.923077,111.730769
632,2,140.083333,116.916667
634,2,151.538462,109.230769
635,2,156.600000,106.600000
637,2,166.160000,109.120000
638,2,172.000000,109.750000
639,2,176.840000,112.360000
642,2,194.440000,110.920000
643,2,199.727273,110.318182
645,2,208.666667,111.714286
647,2,212.500000,110.038462
649,2,227.500000,111.636364
651,2,237.518519,114.000000
653,2,28.041667,120.708333
655,2,35.800000,117.880000
657,2,42.363636,110.318182
659,2,57.708333,117.791667
661,2,65.863636,117.136364
663,2,80.250000,115.583333
664,2,85.750000,118.000000
665,2,83.833333,112.250000
666,2,88.807692,115.384615
671,2,113.347826,120.304348
675,2,132.652174,118.130435
676,2,145.761905,123.142857
681,2,164.636364,117.772727
684,2,178.038462,118.000000
686,2,195.739130,115.086957
687,2,200.782609,115.173913
690,2,210.960000,115.360000
692,2,215.250000,122.250000
693,2,223.040000,117.680000
694,2,231.346154,113.192308
696,2,23.666667,121.333333
697,2,30.000000,125.500000
698,2,32.840000,120.960000
700,2,38.440000,114.720000
702,2,52.625000,128.375000
703,2,53.120000,118.960000
705,2,69.142857,119.380952
706,2,61.461538,127.346154
707,2,77.192308,123.192308
708,2,79.560000,118.960000
709,2,87.869565,122.652174
711,2,92.304348,120.391304
712,2,97.434783,121.391304
714,2,112.750000,124.041667
719,2,137.000000,120.608696
720,2,141.720000,122.560000
723,2,161.125000,120.416667
725,2,165.384615,124.423077
728,2,180.478261,123.217391
737,2,219.333333,121.833333
739,2,231.880000,117.720000
740,2,21.826087,128.347826
742,2,38.440000,128.320000
745,2,48.125000,126.916667
747,2,66.272727,126.954545
749,2,65.608696,122.869565
752,2,82.304348,122.565217
755,2,94.500000,125.035714
756,2,107.583333,125.791667
758,2,112.000000,128.714286
761,2,129.416667,127.833333
764,2,143.960000,128.760000
768,2,160.880000,125.520000
774,2,190.130435,134.608696
775,2,195.600000,128.800000
779,2,219.440000,127.040000
780,2,217.000000,131.600000
782,2,234.363636,132.681818
783,2,234.217391,126.347826
786,2,31.160000,130.440000
787,2,36.291667,131.291667
789,2,53.280000,135.960000
791,2,58.642857,131.142857
794,2,66.750000,131.791667
795,2,70.375000,125.416667
796,2,81.080000,133.840000
798,2,97.050000,130.600000
799,2,100.875000,128.000000
801,2,106.740741,131.888889
802,2,111.960000,133.680000
803,2,116.750000,130.333333
804,2,121.541667,137.208333
805,2,121.000000,132.173913
806,2,132.625000,128.666667
809,2,142.857143,133.571429
812,2,162.037037,130.666667
814,2,167.458333,132.625000
818,2,191.625000,130.458333
821,2,205.458333,132.625000
826,2,231.909091,131.363636
829,2,31.769231,134.730769
830,2,36.840000,136.640000
834,2,53.173913,132.000000
835,2,59.291667,136.166667
838,2,71.875000,132.041667
839,2,76.761905,134.000000
846,2,112.880000,138.400000
847,2,117.192308,136.653846
850,2,131.521739,134.347826
851,2,137.045455,132.363636
852,2,143.045455,137.590909
854,2,152.500000,139.000000
856,2,158.681818,133.727273
860,2,186.458333,131.625000
864,2,202.409091,138.227273
865,2,207.720000,136.840000
867,2,221.363636,136.772727
868,2,221.538462,131.576923
869,2,226.400000,136.440000
870,2,225.500000,141.500000
871,2,234.576923,139.115385
872,2,22.608696,143.652174
875,2,35.956522,141.304348
876,2,41.416667,145.000000
878,2,56.086957,139.782609
879,2,60.791667,141.125000
881,2,69.304348,143.739130
885,2,86.000000,147.458333
886,2,94.500000,138.000000
887,2,98.500000,140.000000
888,2,97.304348,145.913043
889,2,109.240000,144.080000
890,2,114.875000,142.375000
891,2,118.666667,148.583333
892,2,119.043478,144.304348
895,2,137.291667,136.791667
897,2,148.739130,138.782609
898,2,156.130435,137.695652
907,2,195.760000,144.160000
915,2,236.391304,145.086957
916,2,22.160000,149.920000
922,2,56.040000,144.640000
927,2,73.720000,150.200000
928,2,81.640000,146.240000
930,2,93.875000,142.375000
934,2,113.043478,147.217391
938,2,136.375000,151.125000
942,2,144.458333,149.166667
944,2,162.750000,148.833333
945,2,162.652174,145.173913
949,2,189.347826,150.608696
951,2,194.461538,150.615385
952,2,199.391304,143.173913
953,2,207.041667,141.166667
954,2,211.500000,150.500000
957,2,226.250000,146.000000
958,2,230.384615,143.807692
961,2,32.583333,151.833333
962,2,36.000000,146.000000
963,2,36.880000,150.880000
964,2,38.173913,156.608696
966,2,49.560000,152.000000
969,2,68.173913,153.086957
970,2,71.958333,154.750000
974,2,89.083333,152.333333
977,2,107.615385,150.192308
978,2,111.545455,151.772727
979,2,116.653846,151.346154
982,2,130.708333,151.916667
983,2,142.695652,152.347826
984,2,137.583333,157.833333
988,2,163.222222,154.666667
990,2,167.769231,147.000000
994,2,197.291667,153.416667
995,2,199.875000,148.708333
1004,2,21.375000,155.791667
1006,2,33.880000,157.480000
1008,2,44.148148,156.925926
1009,2,41.565217,153.304348
1010,2,49.173913,156.173913
1014,2,67.200000,157.450000
1016,2,85.280000,152.560000
1017,2,89.619048,157.904762
1020,2,108.320000,155.800000
1022,2,116.160000,158.640000
1023,2,117.000000,155.190476
1026,2,132.960000,156.280000
1027,2,139.760000,154.720000
1028,2,137.541667,163.041667
1029,2,148.000000,153.375000
1030,2,151.576923,155.461538
1032,2,160.260870,157.391304
1034,2,171.045455,161.272727
1035,2,176.653846,160.692308
1036,2,181.153846,156.500000
1037,2,182.925926,151.481481
1039,2,197.240000,157.960000
1041,2,201.750000,154.458333
1042,2,210.043478,158.434783
1048,2,26.000000,158.142857
1050,2,34.956522,163.391304
1053,2,54.500000,155.500000
1054,2,55.047619,159.380952
1059,2,84.791667,158.250000
1060,2,87.440000,163.480000
1062,2,97.791667,162.750000
1068,2,126.629630,169.111111
1069,2,129.166667,164.000000
1070,2,133.666667,162.500000
1075,2,162.692308,161.653846
1077,2,171.000000,166.500000
1078,2,182.416667,161.333333
1081,2,191.652174,160.478261
1082,2,194.217391,163.217391
1083,2,202.043478,160.652174
1084,2,205.423077,157.269231
1087,2,231.653846,165.000000
1091,2,27.478261,162.260870
1092,2,32.076923,167.730769
1093,2,40.807692,167.230769
1099,2,66.150000,162.100000
1101,2,83.142857,162.095238
1103,2,90.960000,167.600000
1105,2,98.909091,166.045455
1106,2,106.541667,160.541667
1107,2,106.538462,165.769231
1109,2,116.583333,164.333333
1110,2,123.160000,166.360000
1112,2,132.840000,167.480000
1118,2,160.608696,166.565217
1119,2,166.130435,164.956522
1121,2,175.652174,164.869565
1124,2,189.916667,166.375000
1125,2,198.173913,167.608696
1126,2,199.040000,163.760000
1127,2,203.434783,165.391304
1132,2,232.160000,169.640000
1135,2,40.590909,173.545455
1139,2,53.434783,173.347826
1140,2,58.625000,171.791667
1145,2,89.000000,173.227273
1146,2,93.833333,166.875000
1151,2,118.200000,168.840000
1153,2,119.608696,174.565217
1155,2,133.320000,171.400000
1157,2,152.407407,170.777778
1160,2,157.923077,176.807692
1164,2,179.625000,166.500000
1165,2,185.739130,178.869565
1168,2,200.478261,173.130435
1169,2,207.913043,167.782609
1170,2,203.954545,171.318182
1171,2,211.850000,169.650000
1174,2,231.047619,173.809524
1176,2,43.666667,171.416667
1178,2,47.958333,174.500000
1179,2,53.227273,177.590909
1180,2,59.000000,176.800000
1181,2,63.375000,176.875000
1183,2,72.714286,179.238095
1184,2,76.600000,181.480000
1185,2,77.960000,175.720000
1188,2,96.269231,178.307692
1191,2,110.320000,184.120000
1197,2,146.125000,173.875000
1198,2,148.840000,176.200000
1199,2,156.809524,171.523810
1200,2,153.769231,176.307692
1202,2,166.416667,178.166667
1204,2,176.800000,177.000000
1206,2,188.083333,184.083333
1210,2,206.208333,178.375000
1211,2,207.807692,173.269231
1216,2,35.346154,182.500000
1217,2,41.250000,181.791667
1220,2,57.560000,181.520000
1221,2,62.318182,181.772727
1222,2,67.250000,181.166667
1227,2,91.250000,178.375000
1230,2,105.703704,183.000000
1233,2,130.363636,189.681818
1235,2,135.916667,182.708333
1236,2,138.680000,187.480000
1238,2,144.615385,179.115385
1244,2,171.545455,176.318182
1245,2,181.240000,179.000000
1246,2,185.925926,188.629630
1249,2,200.500000,177.041667
1250,2,203.545455,181.545455
1256,2,45.136364,184.181818
1257,2,46.346154,189.423077
1258,2,51.153846,188.769231
1262,2,71.947368,183.631579
1263,2,75.500000,191.000000
1265,2,92.434783,183.000000
1266,2,93.750000,187.250000
1267,2,97.916667,184.125000
1268,2,100.923077,181.076923
1269,2,102.259259,187.629630
1272,2,125.318182,184.636364
1274,2,130.826087,184.000000
1275,2,137.520000,195.320000
1278,2,149.440000,188.000000
1279,2,155.521739,181.347826
1280,2,161.120000,180.720000
1284,2,183.125000,183.708333
1286,2,196.083333,186.333333
1287,2,200.920000,186.480000
1289,2,204.428571,190.523810
1290,2,205.875000,185.625000
1292,2,226.961538,182.192308
1295,2,49.240000,193.000000
1297,2,55.600000,194.000000
1298,2,64.160000,191.080000
1299,2,64.083333,186.500000
1301,2,75.708333,186.666667
1302,2,80.851852,190.555556
1309,2,120.434783,184.608696
1312,2,134.560000,188.280000
1314,2,144.230769,191.192308
1316,2,153.640000,188.680000
1322,2,181.217391,189.000000
1323,2,180.583333,193.416667
1325,2,198.727273,190.954545
1326,2,203.304348,194.130435
1330,2,221.730769,186.730769
1331,2,45.640000,198.840000
1335,2,57.863636,189.772727
1336,2,67.037037,196.851852
1338,2,76.380952,195.666667
1339,2,81.954545,195.545455
1340,2,87.115385,198.307692
1343,2,97.041667,203.416667
1345,2,103.583333,197.875000
1348,2,130.434783,200.347826
1349,2,128.880000,195.120000
1350,2,133.750000,193.916667
1351,2,140.541667,194.208333
1355,2,162.320000,199.880000
1357,2,172.560000,195.760000
1358,2,175.320000,191.520000
1362,2,199.136364,196.454545
1363,2,204.333333,198.166667
1366,2,216.363636,201.545455
1367,2,49.652174,198.130435
1368,2,50.478261,203.130435
1369,2,57.363636,203.636364
1371,2,69.545455,201.227273
1372,2,72.956522,200.913043
1373,2,77.956522,199.043478
1374,2,83.227273,200.363636
1375,2,85.520000,204.280000
1376,2,91.000000,204.500000
1377,2,93.000000,201.523810
1379,2,106.538462,201.884615
1382,2,124.384615,201.384615
1383,2,129.869565,204.608696
1388,2,150.111111,206.481481
1390,2,159.916667,204.916667
1393,2,181.608696,202.304348
1395,2,185.590909,201.272727
1396,2,193.000000,199.416667
1397,2,198.576923,200.692308
1399,2,206.480000,208.600000
1400,2,208.040000,203.800000
1401,2,61.160000,206.360000
1404,2,71.240000,206.440000
1405,2,76.954545,203.727273
1412,2,101.680000,205.320000
1416,2,123.680000,205.360000
1417,2,132.086957,212.652174
1421,2,155.120000,209.640000
1423,2,161.608696,208.565217
1425,2,164.739130,204.913043
1426,2,180.916667,206.916667
1428,2,188.125000,205.958333
1429,2,189.130435,200.565217
1435,2,64.750000,202.500000
1440,2,86.545455,207.954545
1442,2,107.840000,207.120000
1447,2,128.333333,208.666667
1448,2,126.545455,212.409091
1449,2,139.090909,213.363636
1451,2,148.478261,211.478261
1452,2,155.590909,219.181818
1453,2,156.653846,213.307692
1455,2,166.772727,214.181818
1459,2,193.960000,203.920000
1461,2,194.000000,214.000000
1462,2,199.571429,213.571429
1466,2,68.391304,222.434783
1470,2,100.590909,220.409091
1473,2,110.727273,218.318182
1474,2,116.458333,218.208333
1476,2,129.576923,216.423077
1479,2,143.521739,215.739130
1481,2,152.000000,215.038462
1482,2,162.481481,213.259259
1484,2,172.105263,220.578947
1485,2,170.076923,215.653846
1487,2,180.958333,216.458333
1488,2,184.458333,220.083333
1495,2,85.571429,228.107143
1499,2,106.000000,221.739130
1501,2,112.923077,222.500000
1504,2,132.652174,225.521739
1505,2,137.769231,225.423077
1506,2,136.875000,221.625000
1507,2,148.291667,217.000000
1508,2,145.480000,221.000000
1509,2,151.130435,221.391304
1514,2,181.391304,222.347826
1516,2,188.041667,221.416667
1517,2,75.416667,226.166667
1518,2,80.875000,226.250000
1519,2,89.380952,227.380952
1521,2,101.642857,224.857143
1522,2,103.391304,233.347826
1525,2,118.047619,222.619048
1528,2,130.041667,221.375000
1530,2,140.863636,219.954545
1533,2,161.640000,231.720000
1535,2,165.807692,231.500000
1537,2,174.863636,227.272727
1538,2,178.777778,225.074074
1539,2,94.680000,232.800000
1541,2,100.428571,229.238095
1543,2,107.772727,224.909091
1544,2,113.739130,232.826087
1549,2,136.880000,230.680000
1556,2,171.125000,229.875000
1558,2,99.260870,235.391304
1559,2,103.320000,238.320000
1565,2,134.333333,235.666667
1570,2,159.280000,236.560000
1,1,101.608696,31.782609
3,1,117.730769,22.346154
4,1,124.230769,29.653846
8,1,140.428571,25.761905
11,1,148.045455,25.636364
17,1,102.478261,26.608696
20,1,118.571429,27.095238
21,1,126.240000,27.160000
24,1,143.560000,22.040000
25,1,145.041667,28.833333
27,1,171.120000,33.040000
28,1,167.541667,37.000000
29,1,163.541667,34.458333
30,1,161.600000,30.240000
32,1,88.760000,43.680000
33,1,89.560000,42.080000
35,1,102.260870,36.956522
36,1,106.791667,29.791667
37,1,107.629630,36.111111
40,1,121.821429,27.285714
43,1,142.416667,33.291667
44,1,140.583333,26.333333
48,1,174.285714,39.500000
49,1,165.833333,42.125000
50,1,162.125000,43.166667
52,1,181.520000,35.720000
54,1,69.043478,43.434783
56,1,84.640000,39.440000
59,1,103.250000,36.750000
60,1,108.272727,40.909091
64,1,125.666667,32.833333
68,1,142.458333,38.208333
69,1,147.923077,44.423077
70,1,159.130435,37.913043
71,1,165.703704,29.074074
72,1,160.791667,46.250000
73,1,169.555556,45.185185
74,1,166.538462,32.461538
75,1,174.391304,35.260870
80,1,75.576923,41.192308
83,1,83.740741,46.333333
86,1,109.960000,31.520000
95,1,152.750000,38.291667
97,1,144.259259,47.518519
99,1,171.620690,42.172414
102,1,178.583333,35.791667
104,1,191.000000,43.125000
105,1,185.423077,41.769231
106,1,65.090909,46.500000
107,1,69.840000,43.720000
108,1,69.320000,48.440000
111,1,87.520000,44.440000
112,1,87.208333,37.333333
116,1,107.960000,46.880000
119,1,126.520000,46.600000
120,1,119.153846,54.346154
121,1,129.111111,48.555556
123,1,140.590909,54.590909
124,1,148.296296,54.185185
126,1,147.250000,32.916667
127,1,150.192308,45.038462
128,1,163.407407,52.000000
129,1,179.869565,53.347826
141,1,77.480000,61.040000
143,1,87.080000,60.160000
145,1,94.304348,54.695652
147,1,106.041667,62.791667
148,1,117.269231,58.807692
149,1,112.500000,50.909091
150,1,119.086957,48.782609
152,1,123.440000,50.120000
154,1,148.269231,49.615385
156,1,156.130435,48.391304
157,1,164.923077,56.000000
158,1,158.280000,52.440000
159,1,164.250000,46.750000
160,1,172.000000,54.240000
161,1,174.800000,55.000000
163,1,175.000000,61.000000
164,1,192.904762,54.190476
165,1,188.576923,53.615385
168,1,48.884615,60.038462
169,1,50.750000,57.916667
172,1,73.000000,58.321429
174,1,83.166667,75.791667
175,1,82.375000,60.250000
176,1,87.583333,49.500000
178,1,98.640000,53.640000
180,1,103.227273,65.318182
182,1,126.208333,61.833333
186,1,128.807692,51.346154
187,1,145.000000,56.259259
189,1,145.846154,39.807692
191,1,168.080000,50.400000
193,1,170.600000,57.880000
194,1,178.703704,68.481481
196,1,183.840000,52.360000
198,1,194.000000,59.333333
199,1,197.960000,56.280000
205,1,57.640000,67.160000
207,1,80.000000,68.692308
208,1,68.083333,70.916667
209,1,81.304348,66.434783
210,1,83.217391,56.391304
212,1,87.875000,53.208333
215,1,115.600000,68.680000
217,1,114.692308,53.730769
218,1,113.071429,68.714286
220,1,138.666667,67.259259
222,1,140.607143,50.642857
224,1,155.760000,53.560000
226,1,160.884615,62.230769
228,1,172.304348,65.782609
229,1,174.291667,54.583333
234,1,199.461538,54.076923
237,1,221.173913,71.521739
238,1,40.857143,76.714286
239,1,44.250000,68.583333
241,1,61.666667,67.888889
242,1,68.260870,61.304348
243,1,65.217391,66.608696
246,1,76.400000,80.600000
249,1,96.695652,63.608696
250,1,108.178571,69.714286
251,1,98.680000,67.240000
253,1,121.950000,66.700000
254,1,130.565217,67.739130
255,1,119.428571,73.428571
256,1,132.520000,70.680000
258,1,136.190476,68.476190
261,1,159.846154,66.769231
262,1,158.478261,73.217391
264,1,171.583333,74.333333
265,1,169.807692,64.423077
267,1,184.920000,67.000000
270,1,192.454545,73.000000
272,1,208.640000,72.120000
273,1,215.666667,71.041667
274,1,216.423077,68.846154
275,1,37.280000,70.200000
276,1,36.560000,75.280000
277,1,47.583333,70.958333
279,1,59.240000,74.320000
281,1,72.240000,69.600000
282,1,81.884615,76.461538
283,1,76.280000,72.480000
288,1,100.375000,77.500000
289,1,106.750000,72.958333
290,1,120.230769,77.846154
291,1,119.640000,73.120000
292,1,120.576923,63.115385
293,1,127.954545,66.000000
294,1,129.720000,75.040000
295,1,124.640000,67.720000
298,1,159.521739,73.478261
301,1,164.360000,75.960000
302,1,171.666667,70.416667
303,1,167.458333,77.083333
305,1,201.000000,72.304348
307,1,187.083333,72.708333
310,1,205.960000,73.000000
311,1,215.520000,74.640000
312,1,208.666667,88.083333
313,1,31.565217,81.608696
315,1,55.521739,73.304348
316,1,40.166667,72.666667
318,1,56.666667,79.047619
319,1,61.217391,81.869565
322,1,65.346154,67.153846
323,1,77.875000,77.375000
324,1,79.833333,79.500000
326,1,104.500000,92.750000
328,1,102.111111,70.000000
330,1,101.461538,72.538462
331,1,114.920000,77.280000
332,1,125.000000,73.333333
335,1,152.080000,81.640000
337,1,147.636364,75.181818
339,1,174.680000,76.240000
342,1,176.782609,70.347826
343,1,177.153846,78.384615
345,1,187.818182,76.272727
346,1,203.791667,84.416667
347,1,215.833333,88.791667
348,1,198.708333,76.291667
350,1,216.320000,78.000000
353,1,29.500000,85.576923
355,1,38.269231,76.923077
359,1,59.600000,90.320000
360,1,60.708333,87.750000
363,1,72.160000,77.760000
364,1,87.875000,83.541667
366,1,99.500000,84.692308
367,1,102.840000,99.760000
369,1,109.625000,81.666667
376,1,148.333333,78.666667
377,1,146.040000,82.640000
380,1,174.884615,85.192308
381,1,177.434783,86.434783
382,1,172.260870,89.130435
387,1,209.347826,92.304348
389,1,206.375000,78.541667
390,1,213.500000,92.291667
393,1,31.538462,76.730769
394,1,34.769231,92.115385
396,1,44.950000,83.300000
400,1,68.192308,90.807692
401,1,62.173913,91.173913
402,1,69.000000,85.090909
403,1,65.777778,82.481481
404,1,88.136364,104.681818
406,1,89.086957,84.304348
408,1,111.625000,92.791667
412,1,127.500000,85.916667
413,1,132.862069,84.931034
414,1,130.576923,89.153846
415,1,136.760000,87.320000
417,1,149.478261,84.782609
420,1,173.600000,95.120000
421,1,167.040000,86.640000
422,1,157.960000,90.080000
424,1,186.368421,94.473684
426,1,198.333333,82.523810
427,1,195.960000,77.040000
430,1,202.076923,80.153846
434,1,219.434783,94.782609
435,1,34.148148,86.185185
436,1,29.350000,91.950000
437,1,29.200000,90.240000
439,1,45.240000,104.200000
441,1,57.076923,84.269231
442,1,56.041667,93.500000
446,1,83.576923,89.615385
447,1,82.653846,86.346154
450,1,104.160000,103.240000
451,1,109.740741,96.740741
458,1,140.640000,97.200000
461,1,161.041667,92.208333
463,1,165.428571,92.464286
464,1,173.583333,96.458333
465,1,169.923077,84.115385
467,1,181.520000,99.840000
468,1,186.240000,89.400000
470,1,196.916667,97.875000
472,1,203.807692,83.461538
473,1,221.400000,93.080000
474,1,216.884615,99.038462
475,1,229.800000,93.320000
480,1,43.760000,93.080000
493,1,105.521739,92.173913
494,1,119.615385,100.730769
495,1,115.440000,91.280000
500,1,140.347826,92.826087
502,1,145.807692,111.538462
503,1,154.680000,91.520000
505,1,166.280000,93.400000
506,1,176.000000,91.708333
507,1,173.208333,101.083333
508,1,175.636364,99.090909
512,1,201.931034,101.689655
514,1,210.360000,84.880000
524,1,42.120000,99.960000
525,1,51.333333,108.708333
526,1,47.000000,100.217391
531,1,76.080000,93.800000
533,1,85.708333,93.916667
535,1,97.583333,105.666667
536,1,109.321429,102.142857
537,1,105.409091,98.818182
540,1,116.782609,96.000000
545,1,147.458333,101.625000
546,1,155.769231,97.230769
552,1,183.181818,111.318182
556,1,202.000000,96.833333
557,1,207.600000,102.560000
559,1,225.250000,101.535714
560,1,219.444444,114.444444
561,1,221.428571,110.142857
562,1,234.846154,102.076923
563,1,232.347826,103.521739
565,1,27.086957,110.565217
566,1,31.200000,112.840000
572,1,62.080000,115.280000
573,1,66.640000,106.320000
577,1,83.615385,97.846154
578,1,86.500000,108.041667
580,1,99.375000,109.208333
581,1,114.269231,102.076923
582,1,109.333333,115.291667
583,1,106.866667,106.633333
588,1,148.851852,105.148148
589,1,142.043478,107.000000
592,1,162.875000,113.416667
594,1,181.666667,105.814815
595,1,179.148148,105.888889
597,1,189.680000,110.880000
599,1,197.173913,102.782609
601,1,202.875000,105.833333
604,1,223.846154,109.307692
613,1,49.565217,106.000000
615,1,54.434783,106.521739
620,1,93.240000,107.120000
621,1,95.545455,113.090909
623,1,101.130435,112.347826
624,1,103.500000,118.681818
627,1,117.833333,112.708333
629,1,128.000000,120.739130
630,1,122.592593,115.407407
633,1,141.400000,101.600000
636,1,151.896552,114.896552
640,1,185.423077,115.000000
641,1,190.153846,117.923077
644,1,209.125000,105.583333
646,1,210.384615,119.000000
648,1,223.208333,105.166667
650,1,226.240000,118.760000
652,1,25.320000,127.440000
654,1,35.880000,124.560000
656,1,43.888889,119.148148
658,1,49.076923,120.769231
660,1,58.083333,110.791667
662,1,73.956522,118.043478
667,1,86.708333,101.583333
668,1,95.346154,116.384615
669,1,101.230769,116.384615
670,1,103.461538,125.538462
672,1,114.296296,111.962963
673,1,120.360000,109.840000
674,1,124.875000,125.291667
677,1,143.880000,103.800000
678,1,147.466667,119.000000
679,1,155.391304,123.826087
680,1,156.760000,112.760000
682,1,176.000000,131.625000
683,1,172.040000,114.280000
685,1,188.652174,116.043478
688,1,201.909091,125.272727
689,1,196.692308,120.269231
691,1,210.080000,122.760000
695,1,237.333333,120.166667
699,1,46.400000,133.440000
701,1,42.375000,127.875000
704,1,53.782609,123.782609
710,1,84.291667,126.208333
713,1,107.240000,119.800000
715,1,125.111111,115.148148
716,1,116.875000,117.125000
717,1,122.720000,120.640000
718,1,125.538462,131.192308
721,1,144.769231,116.192308
722,1,150.095238,130.523810
724,1,172.080000,119.080000
726,1,168.920000,121.160000
727,1,174.115385,122.538462
729,1,184.043478,120.869565
730,1,204.440000,121.440000
731,1,186.086957,122.652174
732,1,192.148148,123.666667
733,1,205.653846,115.807692
734,1,198.750000,126.791667
735,1,211.269231,131.153846
736,1,227.125000,127.125000
738,1,224.185185,123.851852
741,1,25.956522,134.652174
743,1,40.428571,138.904762
744,1,40.615385,124.153846
746,1,60.576923,120.230769
748,1,73.708333,124.916667
750,1,80.520000,128.560000
751,1,75.695652,129.434783
753,1,84.708333,137.375000
754,1,92.000000,127.840000
757,1,105.190476,119.857143
759,1,117.409091,123.772727
760,1,127.285714,121.142857
762,1,132.923077,123.461538
763,1,149.307692,126.846154
765,1,155.695652,120.652174
766,1,157.090909,116.954545
767,1,151.772727,119.000000
769,1,168.250000,114.291667
770,1,172.423077,127.115385
771,1,183.600000,128.160000
772,1,179.576923,130.807692
773,1,187.592593,126.962963
776,1,201.166667,120.166667
777,1,216.608696,115.260870
778,1,207.666667,127.458333
781,1,229.960000,123.760000
784,1,30.444444,139.703704
785,1,26.538462,134.769231
788,1,44.153846,123.730769
790,1,58.125000,124.916667
792,1,63.541667,134.375000
793,1,69.730769,137.153846
797,1,88.636364,131.045455
800,1,108.000000,138.120000
807,1,138.047619,129.142857
808,1,138.520000,126.040000
810,1,153.370370,132.925926
811,1,155.629630,127.851852
813,1,162.952381,140.571429
815,1,177.960000,128.560000
816,1,190.041667,146.625000
817,1,172.037037,145.222222
819,1,201.833333,130.625000
820,1,187.125000,140.375000
822,1,212.625000,127.375000
823,1,212.391304,140.347826
824,1,226.280000,131.280000
825,1,233.280000,120.640000
827,1,230.370370,136.851852
828,1,22.600000,135.480000
831,1,47.600000,136.880000
832,1,51.535714,142.428571
833,1,47.500000,137.346154
836,1,65.636364,139.045455
837,1,64.083333,143.541667
840,1,86.520000,130.720000
841,1,89.625000,136.916667
842,1,88.680000,140.520000
843,1,100.833333,137.041667
844,1,94.269231,133.076923
845,1,102.666667,136.041667
848,1,120.192308,125.692308
849,1,124.538462,139.769231
853,1,148.083333,133.541667
855,1,150.037037,147.481481
857,1,167.750000,128.958333
858,1,176.041667,136.708333
859,1,183.583333,135.458333
861,1,191.217391,141.391304
862,1,199.956522,134.304348
863,1,194.840000,138.800000
866,1,212.625000,133.958333
873,1,28.642857,148.571429
874,1,30.777778,145.037037
877,1,55.708333,150.833333
880,1,77.750000,145.000000
882,1,77.227273,139.863636
883,1,72.391304,137.913043
884,1,83.916667,141.125000
893,1,124.884615,146.692308
894,1,138.555556,142.555556
896,1,141.500000,141.590909
899,1,162.407407,136.703704
900,1,158.560000,142.760000
901,1,170.440000,136.160000
902,1,167.444444,138.370370
903,1,172.583333,139.083333
904,1,178.307692,140.692308
905,1,187.458333,145.208333
906,1,183.846154,138.884615
908,1,203.615385,144.192308
909,1,196.260870,135.782609
910,1,215.160000,146.440000
911,1,217.040000,137.280000
912,1,221.913043,145.869565
913,1,219.321429,141.642857
914,1,219.851852,151.333333
917,1,27.250000,141.791667
918,1,47.260870,148.000000
919,1,42.461538,149.807692
920,1,51.695652,147.913043
921,1,43.869565,137.565217
923,1,63.625000,149.000000
924,1,68.520000,148.080000
925,1,75.160000,145.880000
926,1,81.680000,153.960000
929,1,80.040000,141.760000
931,1,96.136364,151.500000
932,1,103.200000,145.480000
933,1,104.160000,138.400000
935,1,127.407407,159.407407
936,1,126.851852,142.925926
937,1,132.916667,147.291667
939,1,135.520000,144.160000
940,1,131.000000,142.576923
941,1,143.296296,146.888889
943,1,155.916667,147.875000
946,1,174.291667,152.083333
947,1,171.250000,148.875000
948,1,174.708333,144.125000
950,1,186.040000,151.200000
955,1,209.846154,145.807692
956,1,216.173913,144.739130
959,1,235.434783,155.391304
960,1,25.130435,152.565217
965,1,44.200000,141.240000
967,1,60.360000,158.120000
968,1,63.000000,159.560000
971,1,77.480000,153.960000
972,1,75.739130,155.695652
973,1,91.391304,146.652174
975,1,100.958333,153.458333
976,1,103.640000,144.120000
980,1,131.708333,137.666667
981,1,124.480000,152.080000
985,1,124.478261,138.652174
986,1,153.642857,144.964286
987,1,146.769231,142.807692
989,1,176.333333,155.666667
991,1,168.960000,159.160000
992,1,180.958333,145.291667
993,1,178.240000,150.480000
996,1,205.000000,148.695652
997,1,224.083333,150.875000
998,1,227.208333,169.833333
999,1,213.000000,153.208333
1000,1,221.185185,162.074074
1001,1,217.347826,160.565217
1002,1,229.521739,151.869565
1003,1,233.666667,147.000000
1005,1,28.518519,153.962963
1007,1,44.750000,161.291667
1011,1,60.240000,148.080000
1012,1,56.666667,165.185185
1013,1,63.240000,169.680000
1015,1,76.217391,162.913043
1018,1,94.666667,155.291667
1019,1,103.636364,154.318182
1021,1,112.125000,163.875000
1024,1,125.120000,151.120000
1025,1,127.250000,155.875000
1031,1,155.291667,151.625000
1033,1,166.500000,152.454545
1038,1,189.625000,156.375000
1040,1,206.826087,152.173913
1043,1,220.692308,164.769231
1044,1,227.434783,162.000000
1045,1,215.047619,155.571429
1046,1,234.043478,151.304348
1047,1,232.040000,160.160000
1049,1,31.083333,161.833333
1051,1,49.080000,163.080000
1052,1,52.307692,162.576923
1055,1,61.260870,152.565217
1056,1,68.814815,172.555556
1057,1,84.370370,175.444444
1058,1,67.625000,171.833333
1061,1,94.880000,150.000000
1063,1,111.041667,159.041667
1064,1,98.192308,157.807692
1065,1,120.703704,159.555556
1066,1,108.555556,169.925926
1067,1,122.875000,162.791667
1071,1,152.357143,160.178571
1072,1,157.080000,160.840000
1073,1,150.840000,161.920000
1074,1,155.000000,155.480000
1076,1,168.791667,155.791667
1079,1,187.434783,157.391304
1080,1,190.461538,164.846154
1085,1,211.545455,161.409091
1086,1,211.576923,160.730769
1088,1,216.478261,167.173913
1089,1,232.045455,157.363636
1090,1,222.615385,162.461538
1094,1,47.680000,169.520000
1095,1,41.409091,162.363636
1096,1,70.423077,165.115385
1097,1,57.880000,164.640000
1098,1,71.206897,161.551724
1100,1,82.961538,172.538462
1102,1,79.333333,160.958333
1104,1,93.000000,160.869565
1108,1,110.107143,179.214286
1111,1,136.160000,179.560000
1113,1,143.307692,159.807692
1114,1,141.296296,168.111111
1115,1,147.259259,166.185185
1116,1,141.730769,170.461538
1117,1,156.083333,166.333333
1120,1,167.571429,171.500000
1122,1,184.500000,167.916667
1123,1,187.000000,166.875000
1128,1,221.041667,171.375000
1129,1,214.047619,166.190476
1130,1,224.416667,175.208333
1131,1,216.250000,172.625000
1133,1,30.304348,172.043478
1134,1,33.440000,176.440000
1136,1,35.640000,170.720000
1137,1,50.791667,167.000000
1138,1,48.260870,180.130435
1141,1,61.320000,166.200000
1142,1,74.807692,167.769231
1143,1,81.480000,166.320000
1144,1,85.888889,169.407407
1147,1,99.560000,169.560000
1148,1,110.964286,174.571429
1149,1,102.727273,177.045455
1150,1,113.320000,169.200000
1152,1,122.857143,171.952381
1154,1,128.240000,179.040000
1156,1,140.800000,180.000000
1158,1,143.280000,162.040000
1159,1,149.500000,167.208333
1161,1,165.956522,169.173913
1162,1,180.076923,170.961538
1163,1,183.269231,173.115385
1166,1,196.272727,171.772727
1167,1,192.040000,177.560000
1172,1,220.956522,182.695652
1173,1,226.608696,154.260870
1175,1,38.363636,176.090909
1177,1,40.115385,163.846154
1182,1,67.458333,173.500000
1186,1,88.333333,185.416667
1187,1,95.458333,172.791667
1189,1,99.666667,175.142857
1190,1,102.136364,172.000000
1192,1,115.480000,184.040000
1193,1,115.814815,178.148148
1194,1,123.916667,177.458333
1195,1,129.653846,173.846154
1196,1,137.962963,172.074074
1201,1,161.384615,173.192308
1203,1,175.125000,170.625000
1205,1,179.920000,180.720000
1207,1,197.320000,181.520000
1208,1,188.913043,174.043478
1209,1,193.291667,174.000000
1212,1,213.000000,176.000000
1213,1,220.920000,178.080000
1214,1,224.391304,157.869565
1215,1,34.521739,179.478261
1218,1,51.076923,183.115385
1219,1,44.416667,178.083333
1223,1,80.136364,185.045455
1224,1,84.000000,185.400000
1225,1,85.208333,181.666667
1226,1,79.363636,170.909091
1228,1,102.769231,161.307692
1229,1,104.750000,174.291667
1231,1,126.192308,189.846154
1232,1,118.080000,176.240000
1234,1,127.407407,179.222222
1237,1,137.916667,175.333333
1239,1,150.500000,181.791667
1240,1,167.040000,183.480000
1241,1,169.857143,188.178571
1242,1,165.080000,187.560000
1243,1,169.827586,173.724138
1247,1,192.107143,186.142857
1248,1,193.708333,180.208333
1251,1,214.148148,178.814815
1252,1,211.000000,182.480000
1253,1,219.440000,172.760000
1254,1,229.615385,178.230769
1255,1,36.107143,186.392857
1259,1,58.521739,186.130435
1260,1,73.521739,174.217391
1261,1,69.125000,188.833333
1264,1,81.846154,178.115385
1270,1,111.227273,191.318182
1271,1,112.535714,198.214286
1273,1,120.888889,190.703704
1276,1,142.250000,186.178571
1277,1,146.520000,184.840000
1281,1,167.280000,197.280000
1282,1,163.291667,185.750000
1283,1,176.769231,186.615385
1285,1,190.615385,195.692308
1288,1,210.708333,189.291667
1291,1,216.960000,188.640000
1293,1,39.615385,191.346154
1294,1,39.192308,188.615385
1296,1,53.833333,184.583333
1300,1,69.440000,188.720000
1303,1,95.296296,190.703704
1304,1,88.125000,193.333333
1305,1,86.400000,190.480000
1306,1,100.500000,197.500000
1307,1,107.086957,194.739130
1308,1,114.913043,187.478261
1310,1,124.125000,197.583333
1311,1,118.800000,187.880000
1313,1,146.600000,202.280000
1315,1,157.846154,185.730769
1317,1,157.391304,197.391304
1318,1,161.074074,190.814815
1319,1,172.680000,185.000000
1320,1,177.863636,199.090909
1321,1,172.520000,180.800000
1324,1,193.583333,193.125000
1327,1,209.080000,201.040000
1328,1,211.521739,187.217391
1329,1,218.777778,183.074074
1332,1,43.185185,192.333333
1333,1,54.400000,197.880000
1334,1,60.703704,194.925926
1337,1,72.120000,194.840000
1341,1,91.814815,194.814815
1342,1,95.083333,197.416667
1344,1,106.320000,192.320000
1346,1,114.888889,205.851852
1347,1,121.407407,195.555556
1352,1,157.250000,194.458333
1353,1,146.538462,198.076923
1354,1,152.192308,193.269231
1356,1,162.208333,195.208333
1359,1,185.000000,195.434783
1360,1,183.083333,195.458333
1361,1,191.904762,191.142857
1364,1,212.600000,188.200000
1365,1,214.040000,198.880000
1370,1,56.384615,199.807692
1378,1,93.440000,214.000000
1380,1,103.653846,195.423077
1381,1,115.000000,196.538462
1384,1,134.043478,199.217391
1385,1,134.192308,206.269231
1386,1,143.333333,204.958333
1387,1,140.480000,207.280000
1389,1,153.666667,202.148148
1391,1,172.958333,201.000000
1392,1,170.416667,200.791667
1394,1,169.653846,205.692308
1398,1,213.291667,195.333333
1402,1,62.740741,198.370370
1403,1,66.782609,212.347826
1406,1,71.608696,211.260870
1407,1,94.461538,208.576923
1408,1,84.000000,220.833333
1409,1,97.863636,211.045455
1410,1,99.230769,195.884615
1411,1,122.416667,215.958333
1413,1,112.423077,207.346154
1414,1,110.240000,190.640000
1415,1,118.678571,202.428571
1418,1,143.500000,210.192308
1419,1,147.833333,194.375000
1420,1,140.583333,199.916667
1422,1,153.166667,194.708333
1424,1,169.000000,192.625000
1427,1,179.791667,215.458333
1430,1,200.478261,209.304348
1431,1,195.166667,209.458333
1432,1,209.730769,195.192308
1433,1,64.115385,208.500000
1434,1,68.375000,214.333333
1436,1,71.545455,213.318182
1437,1,68.708333,218.208333
1438,1,82.384615,212.807692
1439,1,80.846154,205.384615
1441,1,91.440000,222.160000
1443,1,116.833333,202.750000
1444,1,108.875000,212.500000
1445,1,120.625000,209.208333
1446,1,114.260870,211.391304
1450,1,154.040000,203.320000
1454,1,162.739130,225.913043
1456,1,175.518519,204.333333
1457,1,169.913043,209.391304
1458,1,187.884615,211.269231
1460,1,202.214286,204.392857
1463,1,75.727273,215.318182
1464,1,64.440000,215.920000
1465,1,83.600000,218.320000
1467,1,86.833333,212.625000
1468,1,89.791667,212.500000
1469,1,94.640000,227.120000
1471,1,94.800000,217.800000
1472,1,104.200000,214.360000
1475,1,120.178571,212.178571
1477,1,136.080000,217.640000
1478,1,136.458333,212.333333
1480,1,137.434783,204.739130
1483,1,160.391304,216.956522
1486,1,175.208333,209.291667
1489,1,195.400000,207.080000
1490,1,185.480000,210.520000
1491,1,77.833333,209.416667
1492,1,75.730769,220.653846
1493,1,80.115385,220.269231
1494,1,77.291667,213.083333
1496,1,88.208333,221.041667
1497,1,100.960000,215.520000
1498,1,106.555556,215.296296
1500,1,108.851852,228.259259
1502,1,121.625000,218.500000
1503,1,125.230769,222.615385
1510,1,161.400000,223.080000
1511,1,175.565217,221.260870
1512,1,176.428571,211.892857
1513,1,174.571429,213.785714
1515,1,188.307692,215.769231
1520,1,103.391304,209.695652
1523,1,114.807692,229.423077
1524,1,120.791667,230.541667
1526,1,131.086957,229.173913
1527,1,129.840000,235.120000
1529,1,142.160000,228.280000
1531,1,149.272727,231.000000
1532,1,158.000000,221.960000
1534,1,165.730769,220.115385
1536,1,170.347826,225.173913
1540,1,95.166667,221.250000
1542,1,107.560000,232.800000
1545,1,111.407407,235.703704
1546,1,120.120000,234.640000
1547,1,129.307692,230.038462
1548,1,143.142857,230.071429
1550,1,145.576923,236.538462
1551,1,154.227273,230.454545
1552,1,143.320000,233.520000
1553,1,147.000000,225.636364
1554,1,152.444444,226.000000
1555,1,165.120000,225.560000
1557,1,95.961538,229.346154
1560,1,111.375000,236.583333
1561,1,117.240000,227.480000
1562,1,124.400000,223.920000
1563,1,125.476190,231.047619
1564,1,122.888889,232.666667
1566,1,139.538462,236.884615
1567,1,150.958333,234.375000
1568,1,153.791667,236.000000
1569,1,157.800000,230.440000
