ID,type,x COM, y COM
2,2,111.380952,21.571429
5,2,122.416667,20.541667
6,2,128.083333,21.708333
7,2,133.320000,21.960000
9,2,138.958333,20.541667
10,2,151.192308,22.769231
12,2,156.821429,24.214286
13,2,87.208333,31.041667
14,2,92.041667,26.083333
15,2,96.000000,28.695652
16,2,98.600000,25.240000
18,2,110.807692,25.384615
19,2,113.269231,29.384615
22,2,131.068966,26.551724
23,2,135.461538,27.923077
26,2,152.909091,28.090909
31,2,76.500000,35.125000
34,2,91.750000,31.750000
38,2,111.045455,34.818182
39,2,116.192308,34.230769
41,2,128.636364,31.681818
42,2,133.000000,32.730769
45,2,149.272727,31.772727
46,2,153.880000,33.240000
47,2,158.038462,29.115385
51,2,175.666667,30.476190
53,2,73.476190,38.666667
55,2,82.791667,33.875000
57,2,93.200000,36.760000
58,2,96.956522,33.260870
61,2,116.458333,39.458333
62,2,120.875000,38.791667
63,2,122.130435,35.086957
65,2,129.000000,36.416667
66,2,135.173913,37.652174
67,2,140.826087,36.652174
76,2,190.142857,37.523810
77,2,196.230769,39.923077
78,2,60.521739,42.000000
79,2,68.440000,38.800000
81,2,78.416667,44.541667
82,2,79.153846,39.269231
84,2,95.625000,41.333333
85,2,101.037037,43.592593
87,2,107.000000,43.333333
88,2,111.952381,44.333333
89,2,116.360000,44.000000
90,2,121.440000,43.600000
91,2,126.173913,40.739130
92,2,130.692308,41.423077
93,2,138.400000,40.440000
94,2,136.791667,44.541667
96,2,153.653846,41.884615
98,2,158.130435,44.565217
100,2,176.384615,46.807692
101,2,178.750000,41.583333
103,2,185.703704,38.851852
109,2,75.680000,47.000000
110,2,80.083333,51.416667
113,2,93.230769,46.192308
114,2,97.863636,47.272727
115,2,103.375000,47.916667
117,2,108.080000,52.600000
118,2,113.625000,49.500000
122,2,134.739130,49.695652
125,2,147.869565,56.043478
130,2,180.148148,48.074074
131,2,184.166667,45.833333
132,2,187.416667,46.750000
133,2,192.259259,48.185185
134,2,196.500000,48.650000
135,2,198.120000,44.480000
136,2,56.458333,52.708333
137,2,60.038462,53.153846
138,2,63.538462,53.115385
139,2,67.880000,52.840000
140,2,72.560000,52.040000
142,2,79.760000,56.600000
144,2,91.680000,51.640000
146,2,102.375000,51.958333
151,2,124.653846,56.576923
153,2,131.608696,52.913043
155,2,151.880000,59.640000
162,2,180.571429,58.285714
166,2,201.272727,48.818182
167,2,205.565217,52.913043
170,2,56.739130,57.826087
171,2,63.791667,57.916667
173,2,76.680000,53.440000
177,2,90.916667,57.083333
179,2,107.083333,57.916667
181,2,113.500000,59.000000
183,2,128.320000,56.440000
184,2,131.130435,58.826087
185,2,135.777778,57.111111
188,2,146.636364,60.318182
190,2,156.954545,57.863636
192,2,168.040000,58.480000
195,2,180.080000,61.480000
197,2,185.884615,56.038462
200,2,202.576923,61.269231
201,2,207.583333,56.541667
202,2,41.230769,64.269231
203,2,47.961538,63.692308
204,2,53.826087,61.869565
206,2,59.000000,62.208333
211,2,87.727273,65.500000
213,2,94.653846,59.807692
214,2,101.037037,60.555556
216,2,114.083333,63.000000
219,2,134.409091,62.681818
221,2,142.869565,62.695652
223,2,150.464286,64.535714
225,2,155.166667,63.833333
227,2,167.523810,64.809524
230,2,185.900000,62.600000
231,2,188.583333,59.958333
232,2,195.961538,63.538462
233,2,197.461538,59.153846
235,2,209.041667,60.833333
236,2,215.444444,63.333333
240,2,52.285714,66.666667
244,2,73.041667,62.291667
245,2,73.423077,66.846154
247,2,92.863636,70.272727
248,2,90.791667,62.958333
252,2,110.791667,64.666667
257,2,138.800000,62.240000
259,2,145.960000,66.560000
260,2,154.750000,68.583333
263,2,166.000000,69.200000
266,2,182.458333,73.666667
268,2,191.400000,64.360000
269,2,199.130435,66.608696
271,2,209.909091,65.045455
278,2,52.000000,70.333333
280,2,65.782609,72.826087
284,2,86.958333,68.875000
285,2,87.458333,76.375000
286,2,89.434783,73.173913
287,2,97.076923,75.884615
296,2,144.370370,71.592593
297,2,149.782609,70.782609
299,2,155.880000,72.880000
300,2,161.923077,77.884615
304,2,180.636364,76.863636
306,2,192.615385,68.076923
308,2,203.041667,69.541667
309,2,204.851852,65.407407
314,2,37.115385,80.500000
317,2,53.045455,77.681818
320,2,66.807692,77.230769
321,2,72.730769,79.423077
325,2,93.076923,76.923077
327,2,105.080000,79.040000
329,2,110.739130,77.739130
333,2,136.680000,72.160000
334,2,138.208333,75.750000
336,2,142.136364,76.500000
338,2,155.846154,78.000000
340,2,166.130435,82.173913
341,2,171.041667,82.291667
344,2,186.576923,78.230769
349,2,210.173913,76.347826
351,2,220.791667,76.125000
352,2,224.500000,79.208333
354,2,39.875000,85.875000
356,2,47.346154,78.615385
357,2,46.346154,82.576923
358,2,54.714286,81.619048
361,2,77.423077,85.692308
362,2,73.960000,84.280000
365,2,93.960000,82.400000
368,2,103.500000,83.461538
370,2,119.347826,82.478261
371,2,124.320000,83.520000
372,2,127.833333,79.958333
373,2,133.115385,78.230769
374,2,135.666667,82.238095
375,2,139.440000,81.000000
378,2,156.520000,84.120000
379,2,161.250000,81.958333
383,2,181.960000,80.680000
384,2,185.833333,84.500000
385,2,190.640000,81.920000
386,2,195.125000,79.458333
388,2,210.478261,81.478261
391,2,219.640000,81.240000
392,2,230.541667,86.125000
395,2,40.769231,91.230769
397,2,48.478261,84.869565
398,2,52.384615,87.730769
399,2,55.760000,86.480000
405,2,89.750000,82.333333
407,2,95.217391,87.217391
409,2,105.000000,87.434783
410,2,114.772727,83.590909
411,2,119.833333,87.000000
416,2,141.333333,84.583333
418,2,147.440000,88.200000
419,2,152.739130,87.869565
423,2,179.260870,93.826087
425,2,189.045455,87.090909
428,2,197.280000,87.160000
429,2,201.142857,91.678571
431,2,219.695652,88.739130
432,2,221.958333,84.541667
433,2,226.772727,84.272727
438,2,38.375000,95.666667
440,2,49.041667,90.250000
443,2,68.115385,92.423077
444,2,71.480000,92.520000
445,2,75.615385,91.423077
448,2,94.720000,92.720000
449,2,98.652174,91.391304
452,2,110.608696,87.000000
453,2,114.291667,88.416667
454,2,120.576923,92.692308
455,2,126.000000,93.000000
456,2,130.190476,91.047619
457,2,135.458333,91.791667
459,2,145.640000,93.880000
460,2,152.043478,91.913043
462,2,162.608696,95.608696
466,2,182.416667,89.500000
469,2,192.076923,91.384615
471,2,206.318182,92.636364
476,2,231.913043,91.565217
477,2,26.708333,99.541667
478,2,31.291667,97.333333
479,2,34.478261,94.652174
481,2,49.500000,95.272727
482,2,56.600000,97.800000
483,2,60.458333,101.916667
484,2,61.153846,97.423077
485,2,65.960000,99.560000
486,2,70.625000,97.708333
487,2,79.043478,93.217391
488,2,81.920000,97.800000
489,2,90.541667,90.625000
490,2,88.869565,95.043478
491,2,94.615385,97.653846
492,2,99.304348,97.260870
496,2,122.636364,97.000000
497,2,130.545455,97.409091
498,2,133.576923,96.461538
499,2,138.115385,97.000000
501,2,149.833333,94.666667
504,2,161.692308,100.500000
509,2,185.904762,99.190476
510,2,192.777778,99.185185
511,2,198.166667,93.666667
513,2,209.478261,98.347826
515,2,216.545455,101.227273
516,2,221.153846,98.538462
517,2,225.913043,96.130435
518,2,230.769231,95.576923
519,2,236.240000,94.960000
520,2,23.913043,107.782609
521,2,26.875000,104.250000
522,2,31.333333,102.875000
523,2,35.961538,101.153846
527,2,53.000000,99.880000
528,2,62.360000,105.440000
529,2,71.600000,102.400000
530,2,76.590909,101.136364
532,2,81.916667,103.791667
534,2,92.041667,100.875000
538,2,115.920000,105.120000
539,2,120.440000,104.640000
541,2,126.615385,99.115385
542,2,130.840000,102.560000
543,2,134.714286,106.571429
544,2,136.520000,102.160000
547,2,156.190476,102.571429
548,2,161.782609,104.869565
549,2,166.840000,99.520000
550,2,171.333333,104.416667
551,2,175.760000,109.120000
553,2,184.720000,103.160000
554,2,190.833333,104.000000
555,2,193.961538,94.576923
558,2,213.280000,97.720000
564,2,24.760000,112.960000
567,2,36.000000,107.500000
568,2,39.772727,105.090909
569,2,45.520000,106.920000
570,2,53.640000,111.760000
571,2,55.480000,104.720000
574,2,71.600000,107.920000
575,2,77.086957,104.739130
576,2,80.040000,109.200000
579,2,97.360000,102.560000
584,2,125.360000,105.760000
585,2,130.200000,107.000000
586,2,132.083333,111.750000
587,2,136.791667,113.083333
590,2,151.318182,103.272727
591,2,158.916667,107.375000
593,2,166.840000,104.840000
596,2,186.730769,107.000000
598,2,195.269231,106.038462
600,2,202.240000,108.960000
602,2,211.846154,104.653846
603,2,217.000000,105.541667
605,2,228.521739,105.347826
606,2,233.739130,106.478261
607,2,237.538462,106.807692
608,2,23.916667,117.791667
609,2,31.291667,117.125000
610,2,32.541667,111.041667
611,2,39.608696,111.000000
612,2,46.307692,112.653846
614,2,50.095238,115.619048
616,2,64.185185,115.629630
617,2,67.200000,111.000000
618,2,71.166667,112.916667
619,2,75.760000,110.200000
622,2,90.800000,111.800000
625,2,106.208333,110.583333
626,2,113.416667,112.083333
628,2,126.961538,111.153846
631,2,141.272727,112.545455
632,2,141.280000,117.600000
634,2,149.160000,107.920000
635,2,154.130435,107.173913
637,2,165.208333,109.041667
638,2,171.000000,110.461538
639,2,174.863636,114.181818
642,2,194.708333,112.208333
643,2,199.826087,111.478261
645,2,210.000000,110.826087
647,2,214.730769,109.923077
649,2,226.772727,109.090909
651,2,235.640000,112.160000
653,2,27.826087,119.652174
655,2,36.043478,114.869565
657,2,42.538462,111.730769
659,2,54.083333,116.916667
661,2,68.629630,118.037037
663,2,79.692308,114.576923
664,2,84.777778,117.666667
665,2,85.074074,113.259259
666,2,90.500000,117.291667
671,2,111.090909,118.045455
675,2,133.541667,116.208333
676,2,145.090909,119.954545
681,2,162.320000,117.360000
684,2,179.260870,118.130435
686,2,194.000000,116.826087
687,2,198.619048,115.857143
690,2,209.666667,115.523810
692,2,217.740741,117.814815
693,2,221.555556,116.111111
694,2,230.782609,111.347826
696,2,24.130435,122.913043
697,2,28.416667,125.833333
698,2,32.769231,121.576923
700,2,40.347826,118.086957
702,2,52.291667,126.958333
703,2,54.083333,122.083333
705,2,71.958333,120.791667
706,2,62.480000,121.440000
707,2,78.166667,123.166667
708,2,78.884615,119.230769
709,2,89.652174,121.782609
711,2,94.190476,120.476190
712,2,97.791667,123.208333
714,2,114.454545,124.954545
719,2,137.565217,120.260870
720,2,141.037037,123.444444
723,2,161.600000,121.880000
725,2,165.916667,125.500000
728,2,180.208333,122.708333
737,2,221.478261,121.434783
739,2,235.080000,116.440000
740,2,21.041667,127.041667
742,2,34.840000,126.720000
745,2,47.739130,127.652174
747,2,65.083333,128.708333
749,2,65.958333,123.291667
752,2,83.608696,122.826087
755,2,94.086957,126.130435
756,2,105.666667,128.142857
758,2,111.640000,128.600000
761,2,128.782609,130.782609
764,2,145.086957,128.608696
768,2,161.750000,126.458333
774,2,188.666667,133.833333
775,2,196.680000,127.960000
779,2,218.958333,126.791667
780,2,219.375000,131.125000
782,2,235.080000,131.800000
783,2,233.727273,126.590909
786,2,31.040000,129.480000
787,2,35.960000,132.160000
789,2,50.826087,137.000000
791,2,59.120000,131.960000
794,2,68.625000,133.708333
795,2,70.478261,129.521739
796,2,81.772727,133.318182
798,2,97.750000,131.208333
799,2,100.708333,127.375000
801,2,107.730769,132.692308
802,2,112.347826,133.521739
803,2,117.666667,131.833333
804,2,120.040000,135.960000
805,2,124.826087,132.391304
806,2,132.791667,129.125000
809,2,144.160000,133.080000
812,2,159.875000,131.208333
814,2,168.625000,132.291667
818,2,193.409091,130.727273
821,2,205.208333,132.708333
826,2,229.818182,128.954545
829,2,30.913043,135.260870
830,2,35.320000,136.640000
834,2,53.730769,132.076923
835,2,59.173913,137.695652
838,2,73.333333,134.083333
839,2,77.652174,134.652174
846,2,113.360000,137.760000
847,2,116.583333,139.500000
850,2,131.320000,134.360000
851,2,136.840000,135.120000
852,2,143.500000,138.076923
854,2,153.461538,138.423077
856,2,160.714286,135.571429
860,2,185.043478,131.956522
864,2,204.960000,137.640000
865,2,209.291667,136.208333
867,2,217.960000,135.840000
868,2,222.916667,135.500000
869,2,227.440000,133.920000
870,2,229.863636,138.272727
871,2,234.555556,139.703704
872,2,23.285714,145.857143
875,2,36.960000,141.560000
876,2,40.500000,141.230769
878,2,55.541667,137.500000
879,2,58.360000,142.480000
881,2,71.884615,144.500000
885,2,87.416667,147.166667
886,2,92.560000,138.000000
887,2,97.222222,140.518519
888,2,100.227273,144.090909
889,2,108.000000,146.240000
890,2,112.173913,143.478261
891,2,117.416667,145.708333
892,2,120.136364,141.181818
895,2,138.120000,138.480000
897,2,147.500000,141.333333
898,2,157.259259,137.925926
907,2,193.782609,145.217391
915,2,237.208333,144.833333
916,2,20.956522,150.347826
922,2,52.681818,144.772727
927,2,71.869565,151.608696
928,2,82.666667,147.958333
930,2,91.600000,143.040000
934,2,112.384615,148.846154
938,2,133.958333,150.000000
942,2,145.680000,147.920000
944,2,163.318182,149.545455
945,2,165.592593,144.481481
949,2,189.592593,151.111111
951,2,194.960000,149.960000
952,2,198.363636,144.136364
953,2,208.869565,141.826087
954,2,209.480000,150.560000
957,2,229.000000,146.090909
958,2,231.250000,143.125000
961,2,31.640000,151.120000
962,2,36.208333,147.500000
963,2,36.090909,151.681818
964,2,39.720000,154.600000
966,2,49.760000,153.680000
969,2,67.416667,153.833333
970,2,71.083333,158.833333
974,2,87.130435,152.695652
977,2,106.500000,151.750000
978,2,112.260870,153.391304
979,2,116.260870,152.086957
982,2,128.666667,150.259259
983,2,139.695652,152.608696
984,2,138.500000,156.500000
988,2,162.000000,154.956522
990,2,168.541667,147.458333
994,2,196.680000,154.120000
995,2,199.478261,149.086957
1004,2,21.760000,155.640000
1006,2,35.434783,156.304348
1008,2,43.080000,158.320000
1009,2,45.166667,152.541667
1010,2,47.565217,157.217391
1014,2,67.160000,158.800000
1016,2,82.708333,153.666667
1017,2,87.440000,157.080000
1020,2,104.925926,155.740741
1022,2,111.962963,157.148148
1023,2,119.500000,154.500000
1026,2,131.423077,158.807692
1027,2,133.291667,154.083333
1028,2,138.080000,160.400000
1029,2,146.125000,154.458333
1030,2,149.920000,153.440000
1032,2,160.230769,159.153846
1034,2,172.190476,160.238095
1035,2,177.173913,160.000000
1036,2,181.800000,157.200000
1037,2,185.652174,153.826087
1039,2,194.791667,157.458333
1041,2,201.541667,153.708333
1042,2,209.440000,156.120000
1048,2,24.190476,160.761905
1050,2,33.272727,162.590909
1053,2,52.681818,154.227273
1054,2,55.615385,159.807692
1059,2,83.153846,159.500000
1060,2,87.142857,162.333333
1062,2,99.576923,162.538462
1068,2,128.347826,169.391304
1069,2,129.000000,164.750000
1070,2,133.608696,162.043478
1075,2,163.739130,163.478261
1077,2,172.000000,165.000000
1078,2,180.173913,163.000000
1081,2,191.083333,162.458333
1082,2,195.680000,161.720000
1083,2,201.038462,159.692308
1084,2,205.400000,158.240000
1087,2,226.545455,163.636364
1091,2,28.120000,164.880000
1092,2,32.333333,167.250000
1093,2,37.692308,166.807692
1099,2,70.000000,164.818182
1101,2,80.826087,162.565217
1103,2,89.115385,166.923077
1105,2,95.800000,164.950000
1106,2,104.360000,163.760000
1107,2,108.083333,165.833333
1109,2,117.363636,165.909091
1110,2,123.800000,166.840000
1112,2,134.360000,166.720000
1118,2,161.407407,167.962963
1119,2,167.695652,164.521739
1121,2,175.913043,166.000000
1124,2,192.280000,166.800000
1125,2,197.800000,168.800000
1126,2,199.791667,164.458333
1127,2,204.222222,165.444444
1132,2,230.608696,167.434783
1135,2,37.956522,171.956522
1139,2,52.909091,173.363636
1140,2,57.320000,172.680000
1145,2,89.333333,173.708333
1146,2,92.956522,167.869565
1151,2,118.739130,169.956522
1153,2,123.240000,171.760000
1155,2,134.000000,170.826087
1157,2,148.541667,172.250000
1160,2,158.625000,173.625000
1164,2,179.560000,168.880000
1165,2,184.727273,180.000000
1168,2,200.826087,171.130435
1169,2,207.681818,170.636364
1170,2,204.080000,172.760000
1171,2,211.916667,170.000000
1174,2,230.909091,171.954545
1176,2,42.818182,172.681818
1178,2,48.090909,171.772727
1179,2,50.920000,178.120000
1180,2,56.791667,177.333333
1181,2,62.800000,177.000000
1183,2,70.700000,180.200000
1184,2,75.500000,179.916667
1185,2,79.307692,175.500000
1188,2,95.950000,180.300000
1191,2,110.160000,182.120000
1197,2,143.083333,174.500000
1198,2,149.476190,176.761905
1199,2,153.964286,172.892857
1200,2,154.000000,177.826087
1202,2,165.869565,178.826087
1204,2,176.304348,176.043478
1206,2,189.166667,180.666667
1210,2,206.560000,177.080000
1211,2,211.041667,174.916667
1216,2,34.280000,183.960000
1217,2,39.545455,181.909091
1220,2,56.153846,181.038462
1221,2,61.409091,182.000000
1222,2,65.875000,182.250000
1227,2,91.750000,179.166667
1230,2,105.347826,181.869565
1233,2,127.846154,186.730769
1235,2,133.956522,182.260870
1236,2,137.500000,186.083333
1238,2,145.560000,179.200000
1244,2,172.080000,177.840000
1245,2,177.521739,180.130435
1246,2,187.000000,187.000000
1249,2,201.272727,180.909091
1250,2,204.272727,181.727273
1256,2,43.772727,185.181818
1257,2,48.608696,187.260870
1258,2,52.454545,189.772727
1262,2,73.826087,185.869565
1263,2,78.458333,190.541667
1265,2,92.680000,184.240000
1266,2,95.500000,188.115385
1267,2,98.928571,185.285714
1268,2,101.619048,182.000000
1269,2,103.040000,187.760000
1272,2,123.840000,185.280000
1274,2,129.681818,183.863636
1275,2,136.800000,192.040000
1278,2,150.545455,187.272727
1279,2,155.769231,183.500000
1280,2,158.960000,181.040000
1284,2,183.307692,184.038462
1286,2,196.086957,186.869565
1287,2,199.916667,188.083333
1289,2,204.217391,187.608696
1290,2,207.409091,186.272727
1292,2,225.000000,183.826087
1295,2,48.000000,193.259259
1297,2,55.200000,192.320000
1298,2,62.909091,192.136364
1299,2,64.400000,187.160000
1301,2,73.578947,191.105263
1302,2,82.041667,192.041667
1309,2,117.560000,187.120000
1312,2,133.640000,188.520000
1314,2,144.304348,192.304348
1316,2,155.173913,188.347826
1322,2,182.307692,189.269231
1323,2,178.800000,192.880000
1325,2,199.260870,192.043478
1326,2,204.739130,193.478261
1330,2,221.391304,187.782609
1331,2,45.380952,197.857143
1335,2,59.375000,190.625000
1336,2,66.000000,197.857143
1338,2,74.730769,195.461538
1339,2,81.280000,196.600000
1340,2,86.375000,195.291667
1343,2,98.791667,200.916667
1345,2,107.120000,201.040000
1348,2,127.920000,200.000000
1349,2,129.565217,194.913043
1350,2,133.227273,194.545455
1351,2,140.583333,192.541667
1355,2,161.607143,200.857143
1357,2,173.208333,194.000000
1358,2,177.916667,197.250000
1362,2,198.000000,196.000000
1363,2,202.480000,197.760000
1366,2,213.958333,201.541667
1367,2,50.954545,196.727273
1368,2,50.250000,203.500000
1369,2,54.583333,203.250000
1371,2,67.600000,202.600000
1372,2,70.875000,200.625000
1373,2,76.680000,199.000000
1374,2,84.260870,201.695652
1375,2,88.000000,199.840000
1376,2,91.333333,203.190476
1377,2,94.333333,201.111111
1379,2,103.375000,204.250000
1382,2,123.520000,201.320000
1383,2,130.250000,204.666667
1388,2,150.863636,207.318182
1390,2,163.814815,204.777778
1393,2,181.130435,201.869565
1395,2,186.120000,203.240000
1396,2,193.043478,199.000000
1397,2,198.347826,200.695652
1399,2,205.708333,209.000000
1400,2,208.478261,204.434783
1401,2,58.521739,206.739130
1404,2,71.000000,206.458333
1405,2,75.307692,204.307692
1412,2,98.913043,206.217391
1416,2,124.576923,205.307692
1417,2,132.407407,209.185185
1421,2,155.000000,208.375000
1423,2,159.160000,208.880000
1425,2,168.260870,204.652174
1426,2,180.428571,206.809524
1428,2,184.458333,207.500000
1429,2,191.476190,202.952381
1435,2,64.583333,205.916667
1440,2,86.208333,205.583333
1442,2,106.916667,207.416667
1447,2,126.625000,209.625000
1448,2,128.833333,213.375000
1449,2,138.148148,212.666667
1451,2,146.454545,212.272727
1452,2,152.708333,217.250000
1453,2,154.545455,212.863636
1455,2,163.846154,214.423077
1459,2,190.000000,207.500000
1461,2,193.608696,215.434783
1462,2,198.956522,214.043478
1466,2,68.454545,220.954545
1470,2,98.000000,220.047619
1473,2,113.160000,218.080000
1474,2,118.480000,217.240000
1476,2,128.333333,217.629630
1479,2,142.541667,216.583333
1481,2,150.045455,213.409091
1482,2,160.272727,212.818182
1484,2,171.869565,218.826087
1485,2,168.678571,215.178571
1487,2,180.782609,216.869565
1488,2,184.500000,217.500000
1495,2,85.227273,226.272727
1499,2,108.045455,220.909091
1501,2,113.920000,222.160000
1504,2,133.086957,224.739130
1505,2,137.692308,226.153846
1506,2,136.086957,221.260870
1507,2,147.192308,218.076923
1508,2,148.291667,223.000000
1509,2,152.583333,221.916667
1514,2,180.625000,222.083333
1516,2,184.640000,224.680000
1517,2,77.793103,226.275862
1518,2,81.956522,228.086957
1519,2,88.454545,229.590909
1521,2,99.640000,224.280000
1522,2,103.434783,231.478261
1525,2,117.913043,223.695652
1528,2,129.720000,221.840000
1530,2,142.400000,221.920000
1533,2,160.391304,229.434783
1535,2,163.208333,233.333333
1537,2,175.363636,227.545455
1538,2,179.761905,226.952381
1539,2,92.318182,231.136364
1541,2,101.040000,228.920000
1543,2,106.444444,225.555556
1544,2,113.500000,232.000000
1549,2,134.960000,231.200000
1556,2,169.250000,232.250000
1558,2,100.000000,235.173913
1559,2,105.083333,236.875000
1565,2,133.423077,236.000000
1570,2,159.280000,237.680000
1,1,101.521739,30.086957
3,1,117.892857,22.357143
4,1,122.040000,29.560000
8,1,140.240000,24.440000
11,1,147.800000,27.280000
17,1,104.625000,27.208333
20,1,116.739130,27.608696
21,1,125.818182,25.272727
24,1,144.400000,23.320000
25,1,143.480000,28.040000
27,1,176.541667,37.125000
28,1,163.307692,33.192308
29,1,160.434783,35.434783
30,1,162.538462,27.153846
32,1,88.400000,43.160000
33,1,88.583333,40.708333
35,1,101.041667,36.666667
36,1,107.962963,30.962963
37,1,105.391304,36.869565
40,1,119.720000,26.240000
43,1,141.708333,32.625000
44,1,138.880000,31.080000
48,1,169.956522,31.043478
49,1,157.961538,38.115385
50,1,163.888889,41.666667
52,1,177.269231,33.846154
54,1,70.423077,46.076923
56,1,84.318182,40.181818
59,1,100.230769,38.769231
60,1,110.000000,39.956522
64,1,124.840000,32.320000
68,1,147.875000,36.291667
69,1,150.538462,40.692308
70,1,154.857143,37.904762
71,1,167.708333,28.125000
72,1,163.370370,44.444444
73,1,173.173913,44.217391
74,1,167.833333,33.750000
75,1,173.038462,42.576923
80,1,73.318182,42.000000
83,1,88.280000,47.200000
86,1,107.208333,34.416667
95,1,146.608696,45.391304
97,1,145.307692,38.961538
99,1,168.785714,37.571429
102,1,181.000000,37.739130
104,1,192.217391,43.043478
105,1,186.652174,41.826087
106,1,64.520000,47.280000
107,1,65.954545,43.090909
108,1,65.307692,46.076923
111,1,84.240000,43.840000
112,1,85.800000,36.320000
116,1,108.500000,47.818182
119,1,126.960000,48.880000
120,1,118.166667,52.250000
121,1,130.192308,47.615385
123,1,138.625000,51.041667
124,1,150.592593,51.000000
126,1,142.925926,42.259259
127,1,153.708333,47.583333
128,1,161.629630,53.407407
129,1,174.227273,52.818182
141,1,78.833333,58.666667
143,1,87.500000,55.500000
145,1,96.666667,51.625000
147,1,105.400000,61.280000
148,1,114.913043,57.173913
149,1,113.960000,54.880000
150,1,118.960000,49.400000
152,1,126.454545,46.772727
154,1,141.576923,48.000000
156,1,158.000000,50.173913
157,1,162.500000,57.333333
158,1,164.782609,47.521739
159,1,169.880000,40.480000
160,1,164.250000,53.708333
161,1,173.458333,51.416667
163,1,175.840000,58.280000
164,1,194.083333,54.458333
165,1,189.727273,51.590909
168,1,47.666667,59.041667
169,1,51.291667,57.958333
172,1,72.360000,58.160000
174,1,80.772727,69.272727
175,1,81.583333,64.583333
176,1,84.160000,50.360000
178,1,101.166667,55.375000
180,1,106.160000,65.080000
182,1,119.521739,65.000000
186,1,125.440000,48.520000
187,1,142.423077,56.538462
189,1,147.280000,50.480000
191,1,167.260870,49.956522
193,1,172.423077,59.346154
194,1,182.384615,66.576923
196,1,183.269231,52.384615
198,1,191.958333,57.416667
199,1,200.840000,56.600000
205,1,57.000000,67.000000
207,1,76.080000,69.040000
208,1,63.681818,64.181818
209,1,78.000000,61.772727
210,1,85.166667,60.708333
212,1,92.576923,55.423077
215,1,107.346154,71.076923
217,1,120.000000,57.666667
218,1,110.772727,71.090909
220,1,140.444444,67.814815
222,1,141.384615,54.115385
224,1,153.916667,53.250000
226,1,160.107143,61.250000
228,1,177.222222,67.407407
229,1,177.000000,53.291667
234,1,200.615385,53.307692
237,1,218.640000,70.400000
238,1,49.291667,74.208333
239,1,42.960000,69.520000
241,1,61.434783,69.608696
242,1,67.192308,61.307692
243,1,59.440000,68.640000
246,1,75.875000,73.416667
249,1,95.291667,64.833333
250,1,100.291667,65.750000
251,1,98.407407,67.814815
253,1,121.916667,62.416667
254,1,128.038462,62.653846
255,1,120.320000,69.040000
256,1,127.888889,69.814815
258,1,135.043478,68.043478
261,1,163.076923,64.653846
262,1,163.333333,72.125000
264,1,167.208333,73.708333
265,1,171.541667,63.333333
267,1,185.000000,68.230769
270,1,196.892857,71.821429
272,1,215.807692,66.769231
273,1,209.708333,71.041667
274,1,221.521739,67.565217
275,1,39.434783,70.826087
276,1,36.416667,73.125000
277,1,46.666667,68.166667
279,1,60.041667,74.916667
281,1,67.862069,64.586207
282,1,82.708333,74.000000
283,1,80.041667,73.041667
288,1,104.080000,76.760000
289,1,114.037037,73.185185
290,1,120.629630,77.814815
291,1,120.166667,74.541667
292,1,116.545455,69.636364
293,1,126.269231,68.423077
294,1,130.571429,74.428571
295,1,130.230769,66.807692
298,1,159.080000,68.080000
301,1,170.600000,77.400000
302,1,173.080000,66.480000
303,1,169.555556,74.370370
305,1,192.833333,76.416667
307,1,188.545455,72.545455
310,1,210.916667,71.916667
311,1,217.521739,74.043478
312,1,215.360000,82.680000
313,1,31.615385,83.269231
315,1,48.703704,73.592593
316,1,42.250000,78.291667
318,1,57.769231,78.769231
319,1,62.708333,78.291667
322,1,69.680000,70.200000
323,1,83.208333,78.750000
324,1,79.458333,80.625000
326,1,101.083333,88.750000
328,1,101.035714,70.000000
330,1,101.375000,74.250000
331,1,115.629630,78.851852
332,1,125.400000,75.040000
335,1,151.640000,77.200000
337,1,148.500000,78.500000
339,1,166.375000,72.666667
342,1,179.086957,71.521739
343,1,177.541667,78.541667
345,1,191.320000,72.440000
346,1,202.583333,79.041667
347,1,214.772727,87.318182
348,1,204.461538,74.576923
350,1,214.666667,75.296296
353,1,29.807692,89.038462
355,1,41.380952,78.380952
359,1,56.307692,92.384615
360,1,66.240000,82.960000
363,1,72.739130,75.695652
364,1,82.714286,82.666667
366,1,98.111111,82.481481
367,1,104.571429,93.107143
369,1,109.040000,82.680000
376,1,151.600000,79.680000
377,1,145.884615,79.576923
380,1,174.962963,79.666667
381,1,180.086957,86.391304
382,1,175.884615,85.076923
387,1,204.416667,88.250000
389,1,205.652174,81.130435
390,1,210.481481,91.000000
393,1,35.000000,76.772727
394,1,36.454545,87.863636
396,1,44.714286,89.750000
400,1,62.391304,93.000000
401,1,63.720000,89.160000
402,1,67.807692,84.807692
403,1,67.291667,84.250000
404,1,88.434783,100.956522
406,1,87.565217,86.956522
408,1,110.500000,93.083333
412,1,124.521739,88.695652
413,1,132.592593,85.333333
414,1,129.000000,85.240000
415,1,137.000000,88.384615
417,1,147.000000,83.120000
420,1,166.880000,93.160000
421,1,166.840000,87.080000
422,1,159.464286,87.500000
424,1,186.416667,91.458333
426,1,194.125000,84.958333
427,1,200.703704,75.777778
430,1,199.962963,82.888889
434,1,223.600000,91.320000
435,1,30.454545,85.863636
436,1,32.680000,89.240000
437,1,27.583333,93.583333
439,1,46.480000,97.640000
441,1,60.360000,85.880000
442,1,58.304348,93.347826
446,1,81.480000,88.960000
447,1,85.615385,86.423077
450,1,103.000000,100.541667
451,1,109.925926,100.222222
458,1,142.192308,95.269231
461,1,159.708333,93.583333
463,1,165.846154,90.807692
464,1,174.333333,95.375000
465,1,169.740741,88.000000
467,1,181.185185,97.148148
468,1,187.840000,95.680000
470,1,199.480000,98.600000
472,1,207.653846,84.576923
473,1,218.130435,93.913043
474,1,219.040000,94.680000
475,1,226.347826,88.826087
480,1,42.708333,95.208333
493,1,106.769231,95.230769
494,1,120.222222,100.740741
495,1,115.320000,92.400000
500,1,142.120000,89.720000
502,1,142.192308,108.923077
503,1,157.080000,93.120000
505,1,170.961538,96.500000
506,1,175.625000,90.125000
507,1,174.555556,102.629630
508,1,177.416667,99.375000
512,1,204.916667,102.958333
514,1,210.880000,89.640000
524,1,41.666667,101.041667
525,1,52.458333,106.041667
526,1,46.760000,102.320000
531,1,76.500000,97.250000
533,1,85.107143,93.750000
535,1,101.708333,106.958333
536,1,106.720000,104.000000
537,1,111.407407,99.888889
540,1,117.791667,97.333333
545,1,149.434783,99.000000
546,1,154.680000,97.800000
552,1,179.625000,111.875000
556,1,204.875000,97.291667
557,1,201.125000,101.666667
559,1,227.962963,100.814815
560,1,220.739130,105.782609
561,1,221.545455,111.772727
562,1,235.869565,100.043478
563,1,232.409091,101.636364
565,1,30.608696,107.521739
566,1,29.045455,112.636364
572,1,62.307692,112.115385
573,1,67.521739,104.434783
577,1,85.851852,102.666667
578,1,88.833333,109.125000
580,1,99.347826,105.782609
581,1,110.272727,104.363636
582,1,109.148148,114.407407
583,1,110.615385,107.384615
588,1,146.480000,104.040000
589,1,141.777778,104.703704
592,1,162.000000,111.909091
594,1,181.260870,102.956522
595,1,180.576923,107.500000
597,1,190.703704,109.851852
599,1,197.409091,103.772727
601,1,207.166667,104.666667
604,1,223.520000,110.640000
613,1,49.826087,108.000000
615,1,58.708333,109.708333
620,1,86.750000,107.791667
621,1,100.181818,113.318182
623,1,95.200000,112.040000
624,1,100.846154,118.115385
627,1,122.000000,110.192308
629,1,124.761905,119.285714
630,1,128.080000,116.760000
633,1,142.440000,100.280000
636,1,153.560000,111.560000
640,1,183.916667,113.666667
641,1,188.173913,119.086957
644,1,205.083333,110.916667
646,1,208.692308,120.538462
648,1,223.269231,104.730769
650,1,229.478261,117.000000
652,1,24.920000,130.160000
654,1,37.000000,120.960000
656,1,45.375000,117.916667
658,1,47.791667,121.583333
660,1,59.384615,113.423077
662,1,74.500000,116.083333
667,1,93.916667,107.291667
668,1,98.280000,114.840000
669,1,103.869565,116.565217
670,1,106.541667,122.708333
672,1,116.086957,118.521739
673,1,118.130435,111.956522
674,1,131.269231,122.961538
677,1,143.846154,110.730769
678,1,151.640000,116.720000
679,1,152.080000,125.280000
680,1,157.333333,118.148148
682,1,173.666667,133.000000
683,1,166.961538,113.576923
685,1,188.961538,114.807692
688,1,203.208333,126.833333
689,1,204.416667,119.625000
691,1,213.880000,116.000000
695,1,235.769231,121.923077
699,1,43.880000,132.120000
701,1,40.200000,124.320000
704,1,58.125000,118.916667
710,1,90.153846,126.307692
713,1,109.814815,122.407407
715,1,119.565217,123.739130
716,1,122.222222,122.185185
717,1,119.400000,114.000000
718,1,124.407407,128.037037
721,1,147.038462,115.461538
722,1,156.227273,126.409091
724,1,167.962963,117.740741
726,1,168.857143,121.714286
727,1,174.259259,123.185185
729,1,183.041667,118.416667
730,1,193.814815,122.000000
731,1,186.954545,118.954545
732,1,189.590909,125.500000
733,1,205.615385,114.384615
734,1,199.357143,123.928571
735,1,214.840000,129.120000
736,1,224.791667,125.583333
738,1,226.153846,118.846154
741,1,26.680000,133.800000
743,1,39.800000,132.160000
744,1,45.851852,124.851852
746,1,56.791667,127.208333
748,1,70.130435,125.347826
750,1,75.192308,126.000000
751,1,77.269231,129.192308
753,1,86.500000,134.615385
754,1,90.090909,130.090909
757,1,103.000000,123.538462
759,1,120.296296,118.296296
760,1,129.214286,121.857143
762,1,138.260870,129.130435
763,1,147.440000,125.680000
765,1,149.703704,121.259259
766,1,157.500000,114.000000
767,1,154.310345,124.551724
769,1,173.500000,118.500000
770,1,175.960000,127.520000
771,1,183.857143,125.714286
772,1,180.807692,128.807692
773,1,188.259259,127.777778
776,1,199.384615,120.500000
777,1,209.814815,125.185185
778,1,210.200000,126.240000
781,1,230.259259,120.518519
784,1,27.600000,138.960000
785,1,21.640000,132.960000
788,1,43.583333,124.208333
790,1,60.347826,126.130435
792,1,64.826087,136.521739
793,1,69.000000,140.869565
797,1,86.375000,128.791667
800,1,102.880000,132.680000
807,1,139.538462,130.423077
808,1,134.920000,124.600000
810,1,151.960000,133.680000
811,1,153.920000,131.640000
813,1,161.720000,141.000000
815,1,178.125000,134.500000
816,1,185.173913,146.260870
817,1,182.846154,140.846154
819,1,198.884615,133.500000
820,1,192.086957,136.391304
822,1,215.000000,121.680000
823,1,213.173913,134.956522
824,1,224.560000,130.160000
825,1,229.347826,123.478261
827,1,232.217391,134.304348
828,1,23.217391,138.782609
831,1,44.346154,136.192308
832,1,50.739130,141.086957
833,1,48.880000,133.120000
836,1,64.208333,139.166667
837,1,62.807692,137.884615
840,1,82.083333,128.250000
841,1,91.107143,135.642857
842,1,82.923077,140.807692
843,1,104.280000,140.080000
844,1,95.800000,135.320000
845,1,103.280000,137.080000
848,1,118.481481,127.592593
849,1,124.518519,142.370370
853,1,148.840000,135.280000
855,1,153.040000,146.360000
857,1,170.730769,127.153846
858,1,178.666667,140.407407
859,1,181.884615,135.884615
861,1,192.040000,141.600000
862,1,200.269231,137.153846
863,1,200.875000,132.500000
866,1,210.142857,130.428571
873,1,26.346154,152.461538
874,1,28.250000,142.875000
877,1,48.607143,145.071429
880,1,72.307692,144.846154
882,1,78.115385,144.769231
883,1,73.333333,138.814815
884,1,84.076923,143.500000
893,1,124.307692,142.846154
894,1,134.160000,139.680000
896,1,141.923077,142.807692
899,1,165.074074,131.444444
900,1,154.038462,143.000000
901,1,168.642857,139.071429
902,1,165.592593,137.740741
903,1,173.920000,137.120000
904,1,178.120000,144.600000
905,1,189.291667,144.791667
906,1,187.760000,138.320000
908,1,203.538462,143.692308
909,1,196.760000,138.600000
910,1,215.480000,143.040000
911,1,213.888889,140.777778
912,1,219.280000,147.280000
913,1,224.720000,140.520000
914,1,224.821429,145.214286
917,1,33.125000,142.541667
918,1,31.551724,145.379310
919,1,43.750000,148.958333
920,1,53.240000,151.440000
921,1,44.800000,141.840000
923,1,60.166667,147.583333
924,1,59.153846,146.461538
925,1,68.961538,148.230769
926,1,78.875000,146.416667
929,1,83.040000,137.920000
931,1,98.791667,150.708333
932,1,97.076923,146.000000
933,1,108.840000,138.400000
935,1,126.347826,155.086957
936,1,123.434783,153.217391
937,1,127.920000,145.720000
939,1,135.739130,145.869565
940,1,138.560000,146.360000
941,1,143.458333,150.125000
943,1,159.880000,147.720000
946,1,172.291667,152.541667
947,1,172.160000,142.360000
948,1,173.304348,147.521739
950,1,183.884615,149.115385
955,1,212.846154,145.923077
956,1,220.304348,141.347826
959,1,233.565217,149.260870
960,1,26.444444,151.222222
965,1,42.500000,146.307692
967,1,59.200000,154.640000
968,1,62.833333,155.333333
971,1,76.076923,153.269231
972,1,78.076923,156.923077
973,1,91.185185,148.814815
975,1,101.760000,149.800000
976,1,104.260870,145.565217
980,1,130.370370,142.111111
981,1,121.148148,150.259259
985,1,127.520000,137.600000
986,1,155.880000,148.520000
987,1,150.038462,147.423077
989,1,171.269231,156.576923
991,1,171.590909,156.000000
992,1,176.875000,149.750000
993,1,179.777778,151.666667
996,1,205.434783,147.043478
997,1,219.800000,151.720000
998,1,218.038462,167.538462
999,1,214.500000,150.423077
1000,1,221.130435,155.826087
1001,1,221.357143,157.428571
1002,1,225.560000,151.600000
1003,1,236.130435,154.304348
1005,1,29.800000,156.600000
1007,1,38.407407,161.814815
1011,1,59.375000,155.333333
1012,1,62.041667,161.750000
1013,1,60.739130,169.956522
1015,1,74.120000,158.800000
1018,1,91.384615,160.576923
1019,1,94.884615,152.615385
1021,1,112.125000,163.833333
1024,1,125.076923,159.461538
1025,1,122.629630,161.518519
1031,1,156.346154,153.076923
1033,1,166.720000,152.120000
1038,1,190.130435,156.478261
1040,1,205.458333,151.625000
1043,1,219.120000,161.320000
1044,1,225.391304,160.173913
1045,1,220.125000,154.625000
1046,1,232.560000,151.160000
1047,1,233.560000,157.760000
1049,1,30.296296,159.962963
1051,1,49.173913,162.956522
1052,1,52.962963,164.259259
1055,1,63.192308,150.076923
1056,1,64.840000,173.560000
1057,1,84.217391,173.913043
1058,1,71.653846,172.000000
1061,1,93.857143,155.857143
1063,1,107.518519,159.740741
1064,1,101.416667,157.083333
1065,1,115.807692,160.192308
1066,1,109.680000,170.480000
1067,1,122.250000,161.041667
1071,1,150.076923,167.346154
1072,1,154.615385,162.653846
1073,1,147.500000,158.666667
1074,1,155.481481,157.962963
1076,1,167.291667,159.041667
1079,1,188.166667,159.750000
1080,1,184.333333,163.125000
1085,1,208.480000,162.560000
1086,1,214.807692,157.961538
1088,1,211.041667,165.250000
1089,1,231.458333,157.500000
1090,1,229.346154,168.000000
1094,1,51.629630,168.185185
1095,1,42.750000,167.500000
1096,1,59.884615,166.230769
1097,1,60.111111,164.000000
1098,1,71.125000,169.250000
1100,1,77.961538,172.307692
1102,1,76.541667,163.791667
1104,1,95.833333,158.541667
1108,1,102.800000,168.800000
1111,1,140.500000,178.708333
1113,1,143.500000,158.458333
1114,1,139.481481,165.518519
1115,1,145.360000,165.760000
1116,1,144.347826,165.173913
1117,1,157.363636,164.318182
1120,1,168.680000,170.160000
1122,1,185.074074,165.777778
1123,1,185.296296,170.222222
1128,1,213.750000,161.875000
1129,1,215.800000,169.600000
1130,1,225.222222,172.000000
1131,1,219.777778,171.925926
1133,1,32.692308,172.115385
1134,1,31.160000,178.200000
1136,1,38.652174,177.130435
1137,1,46.304348,166.391304
1138,1,46.791667,176.333333
1141,1,67.458333,174.458333
1142,1,77.625000,168.500000
1143,1,85.416667,168.000000
1144,1,79.875000,169.166667
1147,1,101.360000,173.760000
1148,1,116.720000,176.800000
1149,1,98.800000,177.200000
1150,1,113.846154,170.346154
1152,1,119.375000,175.041667
1154,1,135.807692,177.692308
1156,1,140.538462,182.730769
1158,1,149.583333,161.291667
1159,1,155.192308,168.230769
1161,1,164.913043,172.478261
1162,1,175.269231,171.346154
1163,1,185.166667,175.125000
1166,1,196.153846,174.576923
1167,1,189.923077,173.730769
1172,1,218.304348,182.217391
1173,1,227.791667,157.458333
1175,1,35.851852,178.592593
1177,1,43.000000,163.000000
1182,1,66.142857,167.607143
1186,1,86.840000,184.840000
1187,1,92.500000,170.791667
1189,1,94.875000,173.333333
1190,1,109.791667,177.333333
1192,1,109.625000,176.500000
1193,1,120.407407,179.074074
1194,1,128.320000,179.120000
1195,1,131.227273,175.954545
1196,1,141.269231,169.961538
1201,1,163.481481,174.000000
1203,1,167.576923,173.692308
1205,1,180.192308,175.923077
1207,1,196.192308,182.153846
1208,1,197.692308,177.807692
1209,1,191.222222,171.111111
1212,1,217.600000,177.720000
1213,1,223.777778,180.481481
1214,1,225.875000,170.375000
1215,1,30.875000,173.416667
1218,1,48.333333,182.041667
1219,1,43.640000,178.600000
1223,1,78.076923,184.269231
1224,1,81.909091,187.090909
1225,1,87.740741,179.925926
1226,1,82.720000,179.000000
1228,1,106.208333,173.666667
1229,1,100.875000,171.166667
1231,1,114.960000,184.600000
1232,1,117.772727,184.363636
1234,1,127.571429,174.071429
1237,1,138.041667,173.666667
1239,1,150.259259,182.000000
1240,1,162.360000,181.280000
1241,1,175.458333,186.541667
1242,1,170.520000,195.640000
1243,1,169.913043,181.217391
1247,1,191.500000,186.192308
1248,1,192.653846,178.076923
1251,1,214.166667,178.291667
1252,1,209.480000,181.360000
1253,1,222.166667,175.708333
1254,1,228.960000,178.600000
1255,1,36.434783,189.913043
1259,1,58.285714,185.821429
1260,1,72.409091,179.409091
1261,1,68.000000,191.192308
1264,1,82.695652,183.869565
1270,1,118.037037,191.333333
1271,1,110.916667,191.625000
1273,1,126.217391,189.739130
1276,1,143.680000,187.680000
1277,1,146.080000,185.120000
1281,1,164.080000,196.400000
1282,1,165.375000,184.208333
1283,1,176.600000,185.680000
1285,1,188.107143,192.607143
1288,1,208.565217,191.956522
1291,1,214.541667,185.958333
1293,1,39.333333,187.333333
1294,1,41.818182,193.772727
1296,1,52.750000,185.041667
1300,1,69.416667,185.750000
1303,1,96.653846,193.230769
1304,1,87.916667,190.583333
1305,1,91.625000,189.875000
1306,1,105.400000,197.040000
1307,1,104.545455,191.045455
1308,1,114.760000,182.520000
1310,1,119.120000,196.680000
1311,1,123.608696,191.739130
1313,1,146.880000,198.600000
1315,1,152.785714,192.000000
1317,1,157.384615,203.076923
1318,1,160.320000,188.840000
1319,1,170.840000,185.400000
1320,1,173.800000,200.000000
1321,1,174.925926,189.666667
1324,1,192.653846,193.961538
1327,1,214.333333,195.333333
1328,1,212.269231,185.692308
1329,1,217.461538,189.346154
1332,1,43.142857,189.821429
1333,1,55.583333,197.666667
1334,1,54.760000,197.800000
1337,1,69.625000,194.416667
1341,1,91.652174,195.565217
1342,1,98.576923,195.884615
1344,1,111.782609,188.826087
1346,1,111.928571,202.107143
1347,1,123.960000,195.880000
1352,1,160.869565,194.391304
1353,1,148.304348,195.478261
1354,1,150.037037,195.629630
1356,1,161.555556,190.592593
1359,1,183.960000,196.960000
1360,1,188.115385,198.269231
1361,1,188.560000,192.040000
1364,1,211.416667,194.625000
1365,1,217.857143,194.761905
1370,1,61.200000,199.280000
1378,1,90.869565,210.000000
1380,1,110.230769,195.346154
1381,1,115.375000,199.291667
1384,1,133.160000,199.800000
1385,1,135.739130,204.086957
1386,1,139.913043,202.217391
1387,1,145.923077,207.923077
1389,1,154.407407,200.777778
1391,1,176.230769,204.961538
1392,1,167.520000,199.200000
1394,1,173.800000,205.120000
1398,1,210.250000,198.083333
1402,1,59.956522,202.000000
1403,1,63.120000,207.040000
1406,1,75.500000,207.769231
1407,1,96.666667,209.708333
1408,1,87.440000,218.960000
1409,1,93.782609,210.217391
1410,1,103.680000,195.560000
1411,1,103.913043,215.043478
1413,1,111.708333,206.416667
1414,1,114.346154,200.653846
1415,1,118.863636,202.727273
1418,1,140.760000,206.040000
1419,1,141.750000,199.791667
1420,1,140.318182,200.863636
1422,1,154.538462,198.000000
1424,1,167.185185,189.518519
1427,1,177.375000,210.666667
1430,1,198.875000,210.708333
1431,1,202.960000,204.560000
1432,1,205.416667,201.833333
1433,1,67.391304,210.260870
1434,1,64.500000,214.846154
1436,1,78.318182,217.136364
1437,1,70.269231,215.576923
1438,1,81.545455,212.363636
1439,1,79.521739,203.913043
1441,1,92.458333,222.250000
1443,1,113.807692,211.961538
1444,1,110.166667,212.916667
1445,1,119.360000,208.120000
1446,1,118.083333,213.125000
1450,1,147.916667,203.208333
1454,1,162.615385,225.423077
1456,1,171.040000,209.000000
1457,1,165.708333,209.958333
1458,1,191.653846,211.307692
1460,1,198.769231,206.000000
1463,1,74.444444,215.037037
1464,1,64.960000,218.040000
1465,1,81.461538,219.500000
1467,1,88.476190,215.571429
1468,1,86.461538,211.269231
1469,1,93.375000,220.125000
1471,1,95.240000,215.320000
1472,1,106.038462,215.000000
1475,1,123.000000,211.652174
1477,1,133.538462,215.538462
1478,1,137.320000,217.240000
1480,1,138.653846,208.461538
1483,1,159.384615,218.384615
1486,1,184.695652,214.434783
1489,1,195.230769,206.038462
1490,1,186.166667,211.750000
1491,1,75.590909,210.909091
1492,1,74.840000,221.360000
1493,1,83.730769,217.384615
1494,1,80.538462,208.923077
1496,1,87.481481,222.777778
1497,1,100.791667,209.708333
1498,1,103.520000,221.400000
1500,1,110.347826,229.304348
1502,1,122.347826,217.391304
1503,1,123.904762,220.904762
1510,1,164.538462,219.269231
1511,1,174.346154,222.653846
1512,1,173.875000,213.250000
1513,1,176.428571,217.250000
1515,1,188.666667,219.000000
1520,1,104.500000,213.269231
1523,1,113.269231,226.807692
1524,1,122.500000,232.416667
1526,1,128.076923,226.076923
1527,1,130.250000,232.083333
1529,1,144.083333,226.166667
1531,1,147.653846,229.500000
1532,1,156.260870,224.782609
1534,1,165.846154,222.884615
1536,1,170.481481,225.481481
1540,1,94.695652,224.565217
1542,1,107.920000,233.040000
1545,1,115.791667,237.208333
1546,1,120.476190,237.000000
1547,1,126.521739,227.695652
1548,1,142.423077,229.269231
1550,1,148.666667,234.833333
1551,1,158.034483,223.448276
1552,1,140.666667,233.666667
1553,1,152.520000,228.280000
1554,1,156.375000,232.083333
1555,1,167.833333,228.750000
1557,1,96.481481,230.370370
1560,1,111.208333,236.333333
1561,1,117.800000,229.800000
1562,1,121.727273,228.272727
1563,1,126.423077,236.307692
1564,1,123.840000,229.720000
1566,1,138.500000,234.409091
1567,1,148.000000,234.458333
1568,1,145.346154,236.807692
1569,1,155.259259,235.777778
