ID,type,x COM, y COM
2,2,104.480000,24.040000
6,2,125.666667,23.000000
7,2,135.041667,25.666667
8,2,138.576923,23.961538
9,2,142.318182,22.045455
11,2,153.208333,22.541667
14,2,93.761905,27.809524
17,2,109.720000,28.800000
19,2,113.863636,31.545455
20,2,123.750000,28.750000
21,2,128.142857,26.285714
24,2,142.625000,27.541667
25,2,146.720000,27.240000
26,2,151.608696,27.217391
27,2,155.208333,30.708333
28,2,161.434783,23.478261
29,2,165.500000,28.000000
30,2,170.130435,26.869565
31,2,75.000000,33.500000
34,2,87.384615,30.192308
35,2,92.640000,31.960000
36,2,98.761905,31.714286
38,2,108.888889,34.888889
40,2,122.076923,33.576923
41,2,127.400000,32.040000
42,2,132.000000,29.652174
45,2,147.181818,32.045455
46,2,151.608696,32.608696
47,2,159.840000,32.320000
48,2,161.083333,28.250000
49,2,165.000000,33.120000
50,2,171.629630,31.814815
51,2,176.090909,31.772727
52,2,184.461538,35.153846
53,2,71.750000,37.666667
57,2,94.000000,36.391304
58,2,98.960000,39.600000
59,2,98.708333,35.083333
61,2,110.440000,37.920000
63,2,124.153846,37.807692
65,2,131.416667,34.166667
67,2,143.666667,36.291667
68,2,147.826087,36.869565
70,2,155.833333,36.416667
73,2,174.884615,36.769231
74,2,179.518519,37.074074
75,2,184.956522,39.217391
77,2,189.884615,33.923077
78,2,59.863636,42.727273
80,2,72.040000,41.520000
82,2,82.000000,46.125000
83,2,86.800000,43.160000
86,2,104.115385,39.615385
87,2,109.440000,42.320000
89,2,114.840000,44.680000
90,2,119.434783,42.739130
91,2,123.863636,43.090909
94,2,142.695652,42.608696
95,2,146.880000,42.200000
96,2,150.041667,44.625000
97,2,157.000000,41.434783
103,2,186.880000,43.800000
105,2,192.961538,43.076923
106,2,56.869565,47.304348
110,2,76.041667,45.750000
111,2,87.173913,47.565217
113,2,92.375000,46.625000
117,2,113.703704,50.740741
122,2,140.208333,47.250000
124,2,145.500000,47.666667
126,2,154.304348,45.521739
128,2,168.333333,46.208333
132,2,187.173913,50.869565
133,2,195.040000,46.520000
135,2,200.000000,46.875000
136,2,55.666667,51.958333
138,2,63.730769,52.692308
140,2,75.360000,54.760000
141,2,77.809524,58.809524
143,2,90.333333,53.041667
144,2,95.583333,50.333333
145,2,93.708333,55.291667
147,2,106.869565,51.608696
148,2,110.291667,52.541667
150,2,122.260870,55.956522
157,2,157.230769,52.153846
160,2,171.296296,50.407407
161,2,175.521739,52.260870
163,2,189.541667,47.666667
165,2,194.760000,50.920000
167,2,204.666667,51.041667
168,2,48.250000,60.250000
169,2,53.652174,56.130435
170,2,58.730769,57.923077
172,2,64.761905,56.666667
175,2,80.952381,55.761905
176,2,86.260870,56.434783
178,2,97.384615,57.000000
183,2,125.590909,59.000000
185,2,129.653846,60.115385
186,2,133.166667,64.083333
187,2,140.565217,57.913043
190,2,156.480000,56.880000
193,2,172.703704,56.777778
195,2,182.740741,55.555556
196,2,186.347826,57.956522
198,2,197.416667,53.291667
200,2,207.846154,55.846154
203,2,44.416667,59.875000
204,2,52.115385,61.769231
205,2,55.880000,61.760000
208,2,74.750000,66.250000
209,2,78.260870,63.608696
210,2,82.884615,61.038462
211,2,87.950000,60.150000
213,2,95.461538,64.384615
215,2,105.461538,64.961538
218,2,120.720000,61.160000
219,2,127.173913,64.304348
220,2,137.000000,60.884615
223,2,149.333333,62.583333
224,2,152.695652,60.043478
225,2,157.821429,61.392857
229,2,175.625000,63.125000
230,2,179.692308,61.769231
231,2,183.416667,62.750000
235,2,207.615385,64.384615
236,2,208.272727,60.681818
243,2,70.263158,63.315789
245,2,78.380952,69.428571
248,2,91.666667,65.851852
251,2,110.592593,70.000000
253,2,118.961538,67.230769
256,2,132.708333,68.791667
257,2,137.500000,67.653846
260,2,153.592593,65.925926
261,2,158.500000,66.500000
262,2,162.434783,66.608696
263,2,166.807692,70.461538
264,2,166.956522,65.695652
265,2,174.782609,70.652174
267,2,183.740741,67.296296
269,2,194.040000,67.160000
270,2,199.961538,67.692308
278,2,50.038462,77.384615
279,2,56.416667,72.208333
283,2,75.041667,71.791667
284,2,82.409091,70.272727
286,2,87.400000,69.560000
287,2,92.695652,70.956522
289,2,106.541667,70.750000
291,2,118.920000,73.720000
292,2,123.730769,72.038462
293,2,129.074074,73.555556
294,2,132.750000,75.250000
295,2,137.000000,73.520000
296,2,141.370370,71.703704
297,2,145.615385,72.653846
299,2,155.807692,71.615385
300,2,162.120000,71.880000
301,2,169.956522,73.304348
302,2,172.166667,68.208333
311,2,215.666667,76.238095
312,2,220.791667,73.708333
313,2,34.928571,76.071429
315,2,41.185185,77.185185
316,2,45.458333,73.208333
318,2,55.538462,77.000000
319,2,60.272727,74.863636
321,2,73.000000,75.807692
325,2,92.478261,75.173913
328,2,107.208333,76.375000
331,2,121.307692,78.000000
332,2,125.680000,77.440000
336,2,143.375000,78.375000
337,2,147.916667,76.833333
339,2,160.440000,74.960000
341,2,168.961538,77.730769
345,2,194.538462,77.269231
346,2,197.454545,72.090909
347,2,198.708333,78.208333
348,2,210.280000,77.560000
349,2,212.818182,72.318182
350,2,215.181818,79.863636
354,2,35.730769,80.307692
355,2,43.208333,81.875000
356,2,46.962963,80.592593
358,2,56.380952,82.571429
359,2,60.565217,80.782609
361,2,72.500000,81.576923
362,2,77.217391,81.260870
363,2,81.666667,85.291667
365,2,92.000000,79.280000
366,2,96.208333,84.208333
369,2,108.333333,82.416667
375,2,142.680000,82.520000
378,2,159.083333,82.916667
380,2,164.500000,82.307692
381,2,169.958333,81.958333
382,2,178.208333,81.000000
389,2,213.695652,84.956522
390,2,217.909091,83.772727
391,2,221.961538,81.653846
393,2,28.758621,89.758621
395,2,39.592593,84.407407
397,2,44.545455,86.818182
399,2,57.541667,86.541667
401,2,68.000000,87.115385
404,2,84.642857,89.500000
405,2,88.307692,87.307692
406,2,92.888889,85.296296
409,2,112.480000,86.040000
410,2,115.291667,88.625000
411,2,117.727273,85.227273
416,2,144.269231,86.038462
420,2,162.458333,86.458333
421,2,167.666667,87.444444
422,2,174.083333,81.583333
423,2,178.043478,87.086957
424,2,182.125000,85.083333
425,2,186.625000,87.250000
427,2,198.958333,87.125000
428,2,203.800000,88.320000
429,2,208.541667,85.791667
432,2,219.333333,88.750000
433,2,224.333333,86.333333
434,2,230.208333,86.791667
436,2,33.478261,90.652174
438,2,44.875000,92.291667
439,2,48.458333,94.750000
440,2,52.909091,92.045455
441,2,57.500000,91.000000
444,2,71.958333,89.291667
445,2,77.800000,88.600000
447,2,87.913043,93.260870
448,2,92.478261,90.869565
449,2,96.708333,92.166667
450,2,108.120000,86.840000
453,2,120.076923,91.115385
455,2,130.809524,91.761905
456,2,130.153846,97.538462
458,2,143.192308,93.153846
463,2,165.875000,91.333333
464,2,174.500000,87.727273
465,2,178.640000,92.440000
466,2,182.583333,91.041667
473,2,217.608696,92.782609
474,2,225.590909,90.181818
476,2,235.041667,90.875000
479,2,37.826087,99.000000
480,2,43.160000,98.000000
482,2,52.708333,96.791667
485,2,67.695652,99.956522
489,2,86.185185,98.259259
490,2,91.434783,96.086957
495,2,115.130435,93.608696
496,2,120.227273,95.818182
497,2,124.080000,98.680000
499,2,137.760000,102.480000
501,2,146.727273,97.863636
504,2,168.653846,95.307692
509,2,186.769231,96.307692
510,2,192.083333,96.916667
511,2,196.166667,99.750000
512,2,200.000000,96.500000
515,2,220.090909,96.500000
517,2,225.181818,99.863636
519,2,236.916667,95.958333
520,2,22.884615,100.192308
521,2,27.703704,100.629630
522,2,33.080000,99.840000
523,2,38.280000,103.800000
526,2,54.541667,103.333333
528,2,63.086957,101.391304
530,2,68.434783,103.652174
532,2,83.185185,101.259259
533,2,87.208333,103.875000
537,2,107.391304,98.826087
538,2,111.041667,102.041667
539,2,115.181818,99.545455
540,2,119.347826,101.521739
544,2,142.423077,99.000000
545,2,147.346154,103.076923
546,2,152.320000,102.280000
550,2,171.481481,102.037037
551,2,177.520000,100.680000
552,2,183.000000,101.961538
553,2,187.454545,101.090909
554,2,191.040000,102.800000
555,2,195.875000,104.291667
556,2,200.958333,101.208333
558,2,212.045455,104.409091
559,2,216.160000,100.640000
560,2,221.250000,100.541667
561,2,229.272727,102.090909
564,2,23.666667,104.666667
567,2,37.565217,109.391304
570,2,53.000000,107.000000
571,2,57.821429,108.107143
572,2,63.000000,106.538462
573,2,66.227273,110.136364
574,2,69.653846,107.923077
576,2,80.333333,104.916667
577,2,85.363636,108.045455
578,2,90.782609,108.739130
583,2,115.500000,104.090909
584,2,119.240000,107.720000
587,2,141.458333,108.458333
588,2,141.791667,104.500000
589,2,146.920000,107.760000
590,2,152.291667,108.208333
591,2,155.791667,105.791667
592,2,159.384615,108.115385
594,2,172.692308,109.576923
595,2,176.160000,105.080000
596,2,181.074074,107.444444
599,2,200.869565,106.478261
601,2,206.214286,107.928571
602,2,211.652174,108.782609
603,2,217.791667,104.791667
604,2,224.360000,105.360000
605,2,228.480000,107.440000
606,2,233.150000,107.050000
609,2,26.846154,110.423077
610,2,30.560000,115.520000
612,2,40.178571,114.821429
613,2,44.913043,112.086957
614,2,50.961538,112.653846
615,2,55.761905,112.619048
620,2,82.214286,111.785714
625,2,106.000000,113.000000
626,2,110.739130,112.304348
627,2,114.760000,109.520000
631,2,137.521739,111.391304
632,2,143.851852,113.370370
633,2,148.074074,113.518519
634,2,152.000000,113.000000
635,2,156.791667,112.541667
636,2,162.826087,110.434783
639,2,177.142857,110.678571
641,2,188.826087,112.521739
643,2,194.296296,108.148148
645,2,206.160000,112.600000
646,2,212.000000,112.750000
648,2,221.407407,110.148148
649,2,225.640000,111.160000
650,2,233.000000,111.250000
651,2,238.083333,109.375000
653,2,27.625000,119.291667
658,2,52.727273,117.681818
659,2,57.739130,117.043478
660,2,62.080000,118.600000
662,2,76.375000,116.791667
664,2,81.130435,117.869565
665,2,85.814815,116.333333
668,2,103.863636,116.454545
671,2,115.520000,115.040000
675,2,139.826087,115.347826
678,2,153.125000,118.208333
680,2,162.782609,114.826087
681,2,168.043478,116.043478
682,2,172.960000,115.640000
683,2,177.409091,117.045455
684,2,181.440000,118.880000
686,2,196.130435,117.521739
688,2,202.692308,117.076923
690,2,214.222222,117.851852
691,2,217.666667,114.250000
692,2,222.666667,115.428571
693,2,225.680000,119.320000
694,2,229.666667,114.541667
696,2,22.434783,119.391304
697,2,27.320000,123.520000
700,2,41.208333,124.416667
701,2,47.782609,127.652174
703,2,58.576923,122.384615
705,2,66.307692,120.461538
706,2,71.208333,120.708333
707,2,76.480000,121.000000
713,2,105.333333,121.444444
716,2,122.538462,118.192308
717,2,125.130435,124.478261
718,2,128.880000,119.280000
720,2,141.240000,120.120000
722,2,154.772727,123.772727
727,2,177.000000,121.200000
731,2,196.190476,121.523810
732,2,200.600000,121.960000
733,2,204.925926,121.777778
734,2,210.500000,121.500000
736,2,222.769231,125.230769
740,2,22.120000,125.360000
741,2,30.130435,127.304348
746,2,50.500000,131.692308
748,2,63.523810,128.714286
752,2,81.173913,122.826087
753,2,84.200000,127.240000
756,2,101.880000,125.360000
757,2,106.375000,128.791667
758,2,108.695652,125.739130
761,2,129.720000,123.160000
766,2,150.115385,126.846154
767,2,156.416667,127.666667
768,2,161.888889,126.296296
769,2,170.560000,126.520000
775,2,196.913043,126.130435
776,2,201.560000,127.720000
781,2,226.500000,124.227273
782,2,231.560000,128.240000
783,2,234.692308,125.653846
785,2,26.750000,133.000000
786,2,31.173913,132.130435
787,2,35.750000,129.708333
789,2,47.000000,135.400000
791,2,57.913043,128.347826
792,2,61.416667,132.041667
793,2,68.045455,129.409091
794,2,68.740741,133.444444
800,2,103.275862,131.827586
801,2,107.192308,136.769231
802,2,109.500000,132.000000
807,2,135.160000,133.200000
809,2,147.347826,132.652174
810,2,151.333333,132.500000
814,2,176.230769,134.153846
816,2,182.153846,134.230769
820,2,200.653846,131.461538
821,2,208.821429,130.535714
822,2,213.375000,131.958333
825,2,226.480000,129.040000
826,2,228.346154,133.307692
829,2,24.260870,137.826087
830,2,31.173913,136.869565
831,2,35.680000,135.680000
832,2,40.083333,137.250000
833,2,44.545455,139.318182
834,2,49.304348,139.130435
835,2,57.347826,135.434783
837,2,68.863636,137.454545
840,2,78.666667,140.125000
844,2,102.370370,138.148148
852,2,144.200000,137.320000
854,2,153.500000,138.181818
855,2,155.269231,132.076923
857,2,169.391304,135.913043
858,2,172.960000,137.400000
861,2,185.434783,140.826087
862,2,187.041667,137.041667
864,2,203.384615,135.192308
868,2,226.952381,138.142857
870,2,234.480000,135.240000
871,2,235.958333,139.333333
872,2,23.750000,142.625000
873,2,27.730769,141.038462
874,2,32.666667,141.333333
876,2,40.925926,144.740741
878,2,55.208333,143.666667
879,2,56.440000,139.360000
881,2,66.041667,140.875000
884,2,83.541667,139.666667
888,2,105.869565,141.478261
890,2,114.708333,144.333333
893,2,127.958333,144.416667
895,2,132.375000,142.250000
897,2,149.500000,138.166667
900,2,163.440000,141.560000
902,2,169.913043,141.782609
903,2,175.260870,141.956522
907,2,200.391304,137.869565
908,2,200.818182,142.772727
909,2,205.750000,140.142857
911,2,217.960000,142.960000
912,2,221.625000,142.958333
913,2,226.590909,142.181818
915,2,235.869565,143.739130
917,2,24.652174,147.304348
918,2,30.807692,146.269231
919,2,35.600000,145.880000
922,2,53.045455,146.909091
924,2,61.363636,149.090909
925,2,67.681818,144.636364
926,2,72.583333,144.208333
928,2,83.153846,145.730769
932,2,102.458333,145.500000
933,2,108.750000,144.416667
935,2,117.518519,148.111111
937,2,127.347826,149.478261
938,2,134.208333,145.750000
940,2,144.083333,148.083333
942,2,153.681818,144.772727
943,2,157.541667,144.250000
944,2,161.259259,146.925926
945,2,165.080000,146.320000
947,2,174.916667,149.708333
949,2,190.250000,151.625000
953,2,203.160000,145.960000
954,2,209.269231,147.076923
957,2,224.750000,146.541667
958,2,229.720000,145.720000
961,2,30.111111,150.555556
962,2,35.791667,150.541667
966,2,55.173913,152.217391
967,2,58.500000,150.730769
968,2,65.391304,153.478261
969,2,66.130435,149.000000
971,2,78.375000,152.708333
972,2,84.000000,152.000000
973,2,87.518519,149.148148
974,2,91.920000,151.040000
980,2,122.120000,153.760000
981,2,126.800000,155.240000
982,2,132.652174,150.478261
984,2,144.086957,152.260870
988,2,157.272727,150.045455
990,2,171.960000,153.920000
992,2,178.833333,151.958333
994,2,189.500000,154.681818
995,2,197.320000,153.160000
996,2,202.913043,153.347826
997,2,205.111111,149.592593
999,2,219.150000,149.450000
1003,2,237.291667,148.291667
1006,2,35.720000,155.520000
1007,2,38.086957,158.913043
1008,2,39.615385,162.461538
1009,2,43.521739,156.347826
1011,2,58.750000,160.750000
1013,2,68.041667,156.500000
1014,2,73.076923,156.192308
1017,2,85.521739,155.869565
1018,2,88.080000,156.160000
1022,2,113.458333,160.833333
1023,2,117.440000,153.800000
1027,2,135.916667,156.083333
1028,2,142.227273,156.681818
1029,2,146.925926,157.481481
1030,2,149.875000,155.125000
1032,2,160.280000,157.640000
1033,2,168.000000,156.285714
1034,2,173.481481,158.481481
1035,2,178.400000,156.000000
1036,2,182.692308,159.653846
1037,2,183.653846,154.423077
1038,2,189.608696,158.043478
1039,2,196.136364,157.363636
1044,2,220.200000,155.240000
1045,2,227.440000,158.000000
1047,2,236.652174,154.391304
1051,2,44.240000,160.080000
1052,2,45.608696,165.478261
1055,2,62.652174,158.695652
1056,2,66.678571,161.000000
1058,2,79.440000,158.720000
1059,2,82.730769,164.538462
1060,2,84.653846,160.384615
1061,2,90.888889,161.444444
1065,2,110.565217,163.869565
1066,2,117.560000,163.240000
1067,2,119.041667,158.291667
1068,2,123.333333,163.083333
1069,2,135.920000,161.400000
1072,2,146.909091,161.954545
1073,2,151.080000,162.760000
1074,2,154.461538,160.961538
1075,2,157.772727,161.818182
1077,2,170.038462,162.769231
1078,2,176.772727,160.772727
1080,2,188.347826,161.521739
1081,2,193.571429,161.047619
1085,2,209.958333,162.666667
1088,2,228.230769,163.153846
1091,2,28.000000,165.833333
1092,2,33.458333,168.208333
1093,2,37.208333,166.375000
1094,2,41.875000,167.250000
1096,2,50.615385,164.153846
1097,2,59.043478,165.130435
1098,2,64.250000,165.625000
1101,2,78.347826,165.086957
1103,2,87.461538,166.000000
1106,2,99.920000,170.880000
1107,2,107.160000,163.560000
1110,2,120.150000,166.250000
1112,2,132.480000,167.520000
1113,2,136.500000,167.000000
1114,2,142.458333,171.833333
1115,2,147.750000,167.166667
1116,2,151.480000,168.840000
1118,2,162.130435,163.652174
1119,2,165.920000,164.600000
1121,2,174.208333,165.333333
1123,2,186.200000,164.320000
1127,2,208.440000,167.000000
1130,2,225.956522,166.565217
1134,2,29.461538,172.076923
1135,2,39.520000,171.240000
1138,2,51.833333,167.625000
1142,2,71.500000,172.375000
1143,2,76.240000,169.360000
1144,2,83.307692,174.076923
1150,2,108.962963,169.851852
1151,2,117.360000,175.400000
1152,2,120.923077,171.307692
1157,2,146.600000,173.120000
1158,2,152.423077,172.538462
1159,2,160.840000,168.200000
1161,2,165.576923,170.769231
1163,2,175.600000,170.600000
1167,2,197.250000,175.416667
1168,2,199.666667,171.208333
1170,2,210.000000,173.130435
1172,2,223.500000,170.818182
1180,2,57.592593,179.814815
1182,2,64.807692,178.307692
1183,2,69.095238,176.095238
1187,2,88.600000,176.000000
1188,2,99.074074,176.370370
1191,2,111.043478,174.521739
1194,2,125.875000,179.416667
1195,2,128.782609,177.826087
1197,2,142.920000,176.960000
1198,2,148.416667,178.833333
1199,2,152.560000,177.760000
1202,2,167.923077,177.423077
1205,2,181.045455,173.409091
1206,2,184.307692,177.346154
1207,2,193.458333,172.583333
1211,2,212.391304,177.782609
1215,2,30.807692,179.500000
1217,2,40.400000,184.120000
1219,2,51.826087,179.565217
1221,2,65.130435,183.173913
1226,2,89.583333,181.416667
1227,2,93.423077,179.115385
1228,2,96.280000,181.160000
1232,2,117.625000,180.458333
1233,2,121.800000,179.880000
1237,2,140.809524,181.714286
1239,2,149.800000,184.360000
1240,2,154.480000,182.520000
1242,2,167.115385,181.500000
1245,2,182.111111,181.444444
1251,2,214.800000,181.840000
1252,2,216.960000,175.480000
1253,2,220.192308,184.038462
1255,2,34.480000,184.080000
1257,2,50.214286,187.357143
1258,2,51.720000,183.360000
1260,2,60.115385,187.653846
1262,2,74.434783,186.956522
1263,2,78.500000,186.500000
1264,2,82.320000,187.880000
1265,2,86.208333,188.875000
1269,2,104.416667,187.000000
1271,2,122.600000,185.520000
1273,2,126.666667,185.814815
1274,2,131.761905,189.047619
1275,2,134.807692,187.269231
1278,2,153.250000,187.750000
1280,2,159.125000,185.833333
1281,2,166.166667,186.041667
1282,2,170.962963,185.259259
1283,2,178.000000,186.000000
1284,2,182.076923,188.230769
1285,2,185.739130,188.173913
1286,2,189.840000,186.400000
1293,2,38.576923,188.846154
1295,2,48.666667,192.000000
1296,2,52.434783,193.086957
1297,2,56.240000,191.080000
1299,2,64.920000,188.400000
1301,2,76.826087,191.652174
1302,2,79.750000,195.583333
1306,2,101.791667,192.625000
1307,2,104.863636,193.363636
1309,2,119.130435,186.347826
1311,2,128.173913,190.391304
1312,2,132.000000,194.541667
1314,2,143.590909,191.636364
1315,2,149.041667,191.208333
1316,2,154.363636,193.545455
1317,2,157.192308,190.230769
1319,2,166.320000,191.120000
1320,2,171.960000,189.920000
1322,2,183.120000,193.280000
1330,2,219.130435,192.217391
1333,2,56.173913,195.826087
1337,2,74.272727,195.409091
1338,2,76.375000,201.125000
1339,2,81.560000,199.320000
1340,2,90.347826,197.260870
1341,2,94.428571,195.476190
1343,2,104.120000,198.720000
1346,2,115.600000,197.560000
1350,2,137.400000,193.000000
1352,2,145.125000,196.333333
1354,2,155.333333,198.166667
1355,2,159.500000,196.461538
1356,2,164.041667,195.500000
1357,2,169.681818,194.454545
1360,2,186.090909,195.545455
1362,2,200.190476,202.142857
1364,2,207.217391,196.956522
1366,2,214.750000,197.250000
1367,2,48.130435,201.260870
1368,2,52.476190,200.523810
1369,2,57.923077,199.538462
1371,2,67.173913,201.956522
1372,2,72.083333,203.333333
1373,2,79.454545,205.000000
1377,2,93.954545,200.454545
1379,2,107.041667,201.250000
1380,2,109.260870,204.304348
1381,2,115.080000,202.960000
1383,2,126.869565,200.869565
1385,2,136.600000,204.080000
1389,2,156.500000,203.727273
1390,2,161.214286,201.357143
1392,2,177.375000,201.500000
1393,2,180.720000,206.320000
1394,2,182.760000,198.880000
1397,2,196.750000,205.958333
1399,2,204.960000,202.040000
1400,2,209.760000,202.120000
1403,2,62.851852,203.814815
1404,2,64.478261,209.869565
1405,2,67.636364,206.363636
1407,2,83.541667,203.666667
1408,2,82.115385,209.346154
1412,2,106.173913,208.434783
1414,2,117.920000,206.480000
1415,2,122.296296,204.259259
1418,2,134.333333,207.791667
1419,2,140.384615,207.307692
1420,2,145.807692,203.846154
1421,2,152.925926,206.629630
1422,2,155.720000,210.680000
1423,2,160.958333,206.375000
1426,2,175.681818,205.500000
1428,2,189.307692,214.307692
1432,2,207.291667,206.708333
1436,2,69.782609,210.652174
1439,2,87.173913,213.608696
1440,2,93.333333,210.291667
1442,2,105.320000,213.000000
1445,2,120.695652,211.347826
1446,2,124.391304,209.043478
1447,2,126.956522,213.478261
1448,2,130.120000,209.760000
1449,2,135.960000,212.120000
1452,2,151.318182,213.181818
1453,2,160.318182,210.363636
1454,2,166.521739,207.565217
1457,2,177.416667,210.166667
1459,2,185.307692,210.461538
1462,2,202.583333,212.666667
1463,2,63.666667,217.666667
1464,2,71.608696,222.000000
1465,2,70.636364,215.454545
1466,2,76.304348,216.434783
1470,2,98.880000,220.320000
1471,2,100.565217,214.652174
1473,2,114.863636,217.727273
1475,2,122.480000,216.120000
1477,2,131.444444,215.740741
1479,2,136.791667,216.166667
1481,2,151.791667,218.291667
1482,2,156.608696,214.913043
1486,2,181.750000,219.750000
1488,2,184.666667,215.666667
1490,2,198.041667,216.958333
1491,2,66.961538,221.269231
1493,2,80.769231,219.807692
1494,2,84.833333,223.041667
1495,2,89.750000,222.791667
1497,2,93.416667,220.750000
1501,2,117.884615,217.923077
1502,2,121.625000,220.791667
1503,2,127.913043,223.043478
1505,2,139.458333,222.041667
1508,2,153.250000,221.916667
1509,2,156.851852,223.962963
1510,2,158.636364,217.772727
1511,2,170.409091,221.727273
1513,2,178.391304,222.521739
1514,2,183.681818,224.090909
1517,2,79.375000,224.208333
1518,2,83.000000,227.545455
1519,2,88.846154,227.423077
1520,2,93.454545,227.090909
1521,2,97.130435,225.652174
1522,2,100.909091,226.500000
1523,2,104.640000,227.160000
1524,2,112.125000,227.166667
1525,2,118.043478,225.652174
1528,2,129.320000,226.920000
1532,2,151.400000,226.400000
1533,2,159.521739,228.565217
1536,2,174.571429,222.142857
1539,2,87.173913,231.478261
1541,2,97.217391,230.782609
1544,2,115.086957,229.869565
1545,2,118.565217,231.956522
1546,2,122.708333,233.333333
1549,2,136.961538,232.230769
1550,2,141.521739,232.260870
1551,2,149.423077,231.153846
1553,2,161.166667,232.583333
1554,2,165.846154,231.346154
1557,2,100.083333,235.083333
1562,2,122.740741,237.259259
1563,2,128.750000,235.250000
1564,2,133.560000,235.080000
1565,2,138.833333,237.625000
1568,2,155.640000,236.680000
1570,2,161.913043,236.565217
1,1,103.375000,27.333333
3,1,115.391304,23.130435
4,1,119.541667,27.458333
5,1,119.625000,24.041667
10,1,147.250000,22.125000
12,1,156.347826,25.478261
13,1,88.428571,36.000000
15,1,98.800000,26.680000
16,1,111.818182,24.727273
18,1,114.291667,23.708333
22,1,136.923077,30.384615
23,1,134.791667,37.041667
32,1,80.076923,32.961538
33,1,82.913043,37.869565
37,1,104.880000,30.680000
39,1,118.727273,35.045455
43,1,137.076923,41.692308
44,1,140.807692,32.923077
54,1,80.916667,41.583333
55,1,82.083333,35.916667
56,1,91.500000,40.208333
60,1,104.950000,34.750000
62,1,117.541667,36.708333
64,1,129.769231,38.961538
66,1,139.260870,39.043478
69,1,152.320000,39.360000
71,1,164.920000,39.280000
72,1,169.040000,35.200000
76,1,181.791667,43.125000
79,1,70.625000,45.583333
81,1,76.960000,40.360000
84,1,92.040000,41.480000
85,1,100.521739,44.695652
88,1,114.583333,38.583333
92,1,130.434783,46.347826
93,1,134.880000,43.480000
98,1,161.304348,37.478261
99,1,161.692308,43.000000
100,1,168.480000,40.760000
101,1,176.600000,41.880000
102,1,181.363636,47.772727
104,1,190.115385,39.038462
107,1,63.535714,44.535714
108,1,69.680000,45.120000
109,1,75.833333,49.541667
112,1,81.333333,51.000000
114,1,101.500000,52.714286
115,1,102.291667,48.333333
116,1,101.346154,45.000000
118,1,121.750000,48.821429
119,1,117.869565,49.521739
120,1,127.208333,50.833333
121,1,128.791667,42.125000
123,1,138.115385,53.000000
125,1,152.520000,50.880000
127,1,159.500000,47.083333
129,1,164.409091,59.818182
130,1,172.520000,44.040000
131,1,176.666667,46.083333
134,1,202.782609,54.478261
137,1,59.640000,51.000000
139,1,67.407407,50.407407
142,1,85.666667,52.083333
146,1,108.038462,46.038462
149,1,118.080000,54.160000
151,1,134.076923,53.076923
152,1,126.041667,48.666667
153,1,133.208333,57.000000
154,1,144.518519,53.666667
155,1,138.760000,51.080000
156,1,148.521739,55.434783
158,1,162.370370,46.851852
159,1,168.000000,52.875000
162,1,181.583333,51.250000
164,1,189.791667,54.208333
166,1,200.000000,56.360000
171,1,63.821429,60.500000
173,1,67.555556,49.481481
174,1,73.160000,60.440000
177,1,92.476190,59.809524
179,1,101.739130,56.434783
180,1,106.576923,58.269231
181,1,107.520000,59.840000
182,1,114.521739,58.130435
184,1,129.307692,53.615385
188,1,149.692308,52.000000
189,1,143.625000,61.083333
191,1,161.666667,57.333333
192,1,164.068966,51.758621
194,1,178.380952,54.000000
197,1,189.086957,63.086957
199,1,202.600000,61.040000
201,1,214.120000,58.560000
202,1,47.640000,67.800000
206,1,59.600000,65.720000
207,1,70.518519,56.000000
212,1,102.592593,63.592593
214,1,102.750000,70.142857
216,1,114.370370,59.222222
217,1,110.148148,61.740741
221,1,145.666667,66.500000
222,1,143.000000,67.545455
226,1,169.846154,61.961538
227,1,165.307692,57.384615
228,1,174.125000,59.916667
232,1,196.576923,62.346154
233,1,193.500000,57.250000
234,1,199.916667,62.250000
237,1,218.037037,63.777778
238,1,43.720000,67.880000
239,1,55.478261,68.565217
240,1,52.192308,71.115385
241,1,66.695652,63.695652
242,1,63.370370,65.333333
244,1,70.200000,68.280000
246,1,83.173913,65.347826
247,1,87.920000,67.760000
249,1,99.653846,69.884615
250,1,100.956522,62.000000
252,1,115.217391,66.347826
254,1,122.500000,66.000000
255,1,127.384615,68.384615
258,1,144.840000,61.720000
259,1,150.913043,70.000000
266,1,179.321429,69.607143
268,1,191.125000,62.625000
271,1,212.080000,65.440000
272,1,215.960000,64.960000
273,1,207.875000,70.083333
274,1,214.869565,69.000000
275,1,38.222222,69.185185
276,1,41.250000,68.041667
277,1,49.000000,65.428571
280,1,64.954545,74.272727
281,1,68.920000,73.920000
282,1,63.769231,70.653846
285,1,85.444444,79.555556
288,1,98.120000,72.120000
290,1,113.608696,72.391304
298,1,152.045455,74.500000
303,1,182.692308,71.192308
304,1,186.888889,69.333333
305,1,191.583333,69.958333
306,1,187.115385,75.807692
307,1,189.560000,75.240000
308,1,206.769231,81.461538
309,1,202.884615,70.576923
310,1,207.250000,72.500000
314,1,40.346154,73.653846
317,1,52.120000,81.640000
320,1,67.960000,82.040000
322,1,78.800000,77.360000
323,1,81.038462,76.038462
324,1,86.000000,74.520000
326,1,97.960000,75.960000
327,1,102.200000,78.050000
329,1,110.640000,79.240000
330,1,114.416667,75.458333
333,1,130.653846,80.769231
334,1,135.080000,80.440000
335,1,138.958333,78.250000
338,1,161.800000,78.520000
340,1,158.038462,76.961538
342,1,176.173913,76.434783
343,1,180.038462,76.192308
344,1,186.960000,79.640000
351,1,219.500000,73.500000
352,1,224.541667,79.250000
353,1,32.920000,83.320000
357,1,52.500000,86.625000
360,1,65.571429,82.250000
364,1,87.423077,83.115385
367,1,102.040000,81.960000
368,1,99.192308,84.615385
370,1,117.680000,80.120000
371,1,121.222222,85.000000
372,1,127.000000,82.833333
373,1,130.625000,86.041667
374,1,136.925926,85.222222
376,1,148.923077,84.038462
377,1,150.206897,88.931034
379,1,154.384615,81.807692
383,1,185.440000,81.800000
384,1,190.384615,85.615385
385,1,194.840000,82.600000
386,1,203.600000,81.240000
387,1,202.480000,75.760000
388,1,204.520000,82.040000
392,1,226.521739,81.521739
394,1,32.260870,86.000000
396,1,39.791667,88.875000
398,1,48.680000,88.440000
400,1,61.961538,88.423077
402,1,64.583333,82.791667
403,1,76.000000,85.538462
407,1,101.148148,89.481481
408,1,104.083333,87.625000
412,1,126.296296,88.259259
413,1,124.291667,86.541667
414,1,139.520000,88.920000
415,1,135.769231,90.346154
417,1,146.200000,91.760000
418,1,156.692308,94.000000
419,1,155.500000,89.166667
426,1,200.440000,92.880000
430,1,211.653846,96.846154
431,1,213.416667,89.541667
435,1,31.652174,94.739130
437,1,38.826087,91.782609
442,1,59.576923,98.884615
443,1,67.833333,93.500000
446,1,78.928571,99.035714
451,1,109.500000,93.000000
452,1,102.360000,96.920000
454,1,125.400000,94.400000
457,1,134.958333,95.000000
459,1,151.280000,93.600000
460,1,152.250000,81.785714
461,1,161.000000,90.875000
462,1,160.416667,95.625000
467,1,187.320000,91.680000
468,1,193.708333,84.041667
469,1,192.791667,92.208333
470,1,198.760000,91.880000
471,1,208.407407,95.074074
472,1,212.107143,96.250000
475,1,230.791667,92.041667
477,1,28.080000,95.280000
478,1,38.173913,95.086957
481,1,47.083333,100.166667
483,1,58.384615,95.461538
484,1,64.384615,93.115385
486,1,77.666667,94.416667
487,1,71.043478,94.826087
488,1,81.680000,93.040000
491,1,96.240000,97.080000
492,1,104.760000,92.760000
493,1,99.083333,103.666667
494,1,111.500000,96.545455
498,1,133.920000,103.960000
500,1,138.360000,96.720000
502,1,152.000000,97.869565
503,1,160.416667,98.666667
505,1,165.666667,99.333333
506,1,175.370370,95.296296
507,1,171.272727,88.545455
508,1,181.038462,97.115385
513,1,205.000000,91.333333
514,1,206.076923,102.846154
516,1,223.625000,93.500000
518,1,228.440000,96.520000
524,1,46.333333,103.666667
525,1,41.520000,106.600000
527,1,56.625000,100.916667
529,1,72.320000,97.080000
531,1,73.920000,105.720000
534,1,94.272727,104.818182
535,1,91.653846,101.615385
536,1,98.115385,101.269231
541,1,124.692308,102.846154
542,1,134.240000,108.680000
543,1,131.461538,100.807692
547,1,158.375000,100.750000
548,1,163.695652,103.347826
549,1,165.913043,105.434783
557,1,206.695652,100.782609
562,1,232.640000,97.440000
563,1,236.434783,100.956522
565,1,30.160000,107.600000
566,1,32.640000,104.800000
568,1,46.153846,105.269231
569,1,47.875000,108.541667
575,1,74.923077,101.730769
579,1,94.416667,112.083333
580,1,103.961538,107.961538
581,1,105.538462,105.538462
582,1,109.583333,106.833333
585,1,128.555556,107.000000
586,1,131.826087,115.782609
593,1,172.250000,96.583333
597,1,184.960000,107.680000
598,1,188.730769,107.769231
600,1,201.040000,111.520000
607,1,235.538462,103.884615
608,1,23.086957,110.000000
611,1,36.250000,115.375000
616,1,60.760000,112.680000
617,1,68.869565,114.565217
618,1,75.695652,112.869565
619,1,77.958333,109.625000
621,1,87.714286,112.428571
622,1,97.629630,118.777778
623,1,102.166667,102.958333
624,1,100.960000,111.440000
628,1,116.166667,114.750000
629,1,123.769231,108.115385
630,1,129.250000,110.333333
637,1,169.272727,107.045455
638,1,168.040000,111.840000
640,1,182.500000,114.000000
642,1,193.208333,113.833333
644,1,196.423077,113.076923
647,1,217.000000,109.043478
652,1,24.652174,115.000000
654,1,31.538462,110.269231
655,1,34.695652,116.347826
656,1,46.423077,119.730769
657,1,46.807692,116.076923
661,1,65.791667,115.041667
663,1,72.904762,113.095238
666,1,95.960000,112.520000
667,1,92.730769,116.153846
669,1,112.461538,121.846154
670,1,109.846154,118.500000
672,1,123.769231,112.538462
673,1,125.074074,114.962963
674,1,135.458333,116.166667
676,1,145.608696,119.869565
677,1,149.777778,120.370370
679,1,157.791667,117.541667
685,1,189.785714,118.285714
687,1,187.111111,124.407407
689,1,208.500000,116.916667
695,1,236.571429,114.809524
698,1,35.000000,124.916667
699,1,42.730769,120.461538
702,1,48.423077,123.769231
704,1,63.307692,124.384615
708,1,89.148148,122.518519
709,1,86.320000,121.600000
710,1,92.800000,121.640000
711,1,93.291667,130.333333
712,1,99.925926,120.925926
714,1,115.600000,128.040000
715,1,116.615385,121.153846
719,1,135.259259,121.814815
721,1,144.869565,124.347826
723,1,158.434783,122.000000
724,1,162.840000,119.880000
725,1,165.703704,125.148148
726,1,172.880000,121.880000
728,1,179.000000,125.500000
729,1,187.208333,126.875000
730,1,188.760000,119.640000
735,1,220.269231,119.653846
737,1,229.521739,119.956522
738,1,233.040000,118.560000
739,1,235.807692,120.730769
742,1,36.120000,122.320000
743,1,38.956522,126.173913
744,1,43.375000,130.875000
745,1,54.259259,127.185185
747,1,52.464286,123.285714
749,1,69.625000,125.708333
750,1,79.769231,130.615385
751,1,75.666667,126.625000
754,1,80.560000,128.280000
755,1,98.307692,129.769231
759,1,117.280000,123.680000
760,1,121.730769,127.538462
762,1,141.888889,133.148148
763,1,135.360000,127.000000
764,1,140.173913,125.130435
765,1,144.071429,129.750000
770,1,167.888889,120.555556
771,1,173.560000,129.160000
772,1,180.227273,128.818182
773,1,183.560000,131.160000
774,1,193.960000,135.000000
777,1,206.958333,126.375000
778,1,211.142857,126.607143
779,1,216.318182,129.000000
780,1,215.960000,122.520000
784,1,22.346154,131.192308
788,1,39.730769,132.192308
790,1,54.040000,134.160000
795,1,75.880000,130.760000
796,1,84.833333,135.208333
797,1,81.640000,132.080000
798,1,97.230769,135.576923
799,1,88.481481,135.185185
803,1,115.250000,138.958333
804,1,121.333333,126.925926
805,1,126.920000,129.480000
806,1,123.500000,134.125000
808,1,139.478261,131.043478
811,1,157.230769,137.384615
812,1,163.272727,137.727273
813,1,163.592593,131.703704
815,1,185.192308,120.307692
817,1,189.038462,131.192308
818,1,193.923077,127.807692
819,1,196.909091,135.681818
823,1,221.960000,132.840000
824,1,219.040000,128.680000
827,1,234.727273,131.136364
828,1,24.954545,129.318182
836,1,61.576923,141.961538
838,1,76.375000,145.208333
839,1,74.416667,134.541667
841,1,95.296296,126.148148
842,1,92.076923,139.038462
843,1,95.840000,137.200000
845,1,115.041667,133.750000
846,1,119.500000,137.200000
847,1,117.960000,141.080000
848,1,118.086957,132.347826
849,1,126.692308,136.730769
850,1,131.444444,128.370370
851,1,131.280000,134.960000
853,1,139.240000,143.520000
856,1,170.115385,130.923077
859,1,179.730769,139.230769
860,1,181.423077,142.884615
863,1,190.347826,136.173913
865,1,208.962963,136.148148
866,1,215.083333,136.625000
867,1,221.038462,137.538462
869,1,220.666667,133.875000
875,1,37.541667,141.625000
877,1,48.153846,143.307692
880,1,63.148148,136.222222
882,1,73.037037,139.296296
883,1,79.481481,147.407407
885,1,93.652174,142.000000
886,1,89.208333,129.916667
887,1,97.347826,142.565217
889,1,111.130435,137.478261
891,1,121.692308,145.576923
892,1,126.280000,141.120000
894,1,135.230769,140.076923
896,1,138.375000,136.041667
898,1,148.625000,142.000000
899,1,160.370370,135.703704
901,1,166.800000,138.360000
904,1,178.423077,145.923077
905,1,189.576923,144.115385
906,1,194.960000,147.120000
910,1,211.269231,140.538462
914,1,231.166667,139.541667
916,1,23.217391,150.956522
920,1,48.240000,147.440000
921,1,44.040000,147.920000
923,1,59.500000,144.136364
927,1,73.125000,149.583333
929,1,87.583333,142.500000
930,1,99.962963,149.222222
931,1,104.000000,155.360000
934,1,108.304348,149.086957
936,1,123.000000,147.384615
939,1,138.200000,148.520000
941,1,149.652174,146.869565
946,1,169.840000,147.720000
948,1,184.434783,146.739130
950,1,194.541667,141.416667
951,1,196.869565,150.000000
952,1,194.840000,144.000000
955,1,209.740741,150.814815
956,1,213.875000,143.666667
959,1,230.428571,152.321429
960,1,23.227273,157.272727
963,1,40.320000,152.000000
964,1,45.680000,151.800000
965,1,51.000000,153.640000
970,1,71.125000,150.875000
975,1,103.000000,151.692308
976,1,96.653846,149.730769
977,1,111.111111,155.629630
978,1,104.916667,158.875000
979,1,113.200000,151.960000
983,1,138.458333,152.583333
985,1,144.040000,143.240000
986,1,150.160000,150.000000
987,1,155.600000,154.640000
989,1,163.833333,152.750000
991,1,170.545455,149.227273
993,1,186.111111,149.629630
998,1,205.571429,156.535714
1000,1,224.291667,150.666667
1001,1,223.913043,156.608696
1002,1,230.888889,155.444444
1004,1,26.000000,155.652174
1005,1,29.615385,158.576923
1010,1,50.923077,156.653846
1012,1,58.960000,155.960000
1015,1,76.125000,157.916667
1016,1,90.607143,145.357143
1019,1,95.160000,154.400000
1020,1,94.192308,159.692308
1021,1,105.040000,159.120000
1024,1,124.833333,159.166667
1025,1,130.960000,154.400000
1026,1,130.920000,160.040000
1031,1,156.884615,152.346154
1040,1,209.041667,158.666667
1041,1,204.384615,164.269231
1042,1,215.875000,155.125000
1043,1,214.413793,149.103448
1046,1,232.913043,148.434783
1048,1,30.391304,156.173913
1049,1,32.391304,160.826087
1050,1,27.222222,161.740741
1053,1,51.541667,159.958333
1054,1,53.208333,160.375000
1057,1,74.454545,162.454545
1062,1,95.576923,164.884615
1063,1,109.666667,148.541667
1064,1,96.692308,160.346154
1070,1,143.520000,165.240000
1071,1,140.259259,160.740741
1076,1,165.000000,158.464286
1079,1,182.333333,166.833333
1082,1,199.960000,162.520000
1083,1,194.440000,164.560000
1084,1,203.714286,157.428571
1086,1,212.115385,156.500000
1087,1,222.296296,162.851852
1089,1,231.956522,165.086957
1090,1,234.320000,158.520000
1095,1,48.576923,170.384615
1099,1,72.500000,164.833333
1100,1,69.440000,166.400000
1102,1,81.400000,169.960000
1104,1,94.120000,168.720000
1105,1,104.192308,169.192308
1108,1,114.222222,171.000000
1109,1,115.500000,168.041667
1111,1,127.925926,170.740741
1117,1,156.541667,168.083333
1120,1,170.291667,171.583333
1122,1,179.280000,165.320000
1124,1,191.884615,177.961538
1125,1,201.695652,167.217391
1126,1,189.217391,168.304348
1128,1,215.423077,166.000000
1129,1,215.478261,161.173913
1131,1,213.217391,171.739130
1132,1,233.958333,164.666667
1133,1,37.080000,175.600000
1136,1,45.192308,180.692308
1137,1,54.846154,174.692308
1139,1,63.750000,169.875000
1140,1,66.692308,171.884615
1141,1,58.692308,170.192308
1145,1,87.600000,170.840000
1146,1,94.833333,168.625000
1147,1,94.280000,173.320000
1148,1,102.000000,165.444444
1149,1,101.120000,180.960000
1153,1,126.666667,167.925926
1154,1,129.407407,163.444444
1155,1,137.400000,172.640000
1156,1,139.909091,167.227273
1160,1,161.478261,174.652174
1162,1,170.230769,169.730769
1164,1,184.458333,170.583333
1165,1,188.222222,173.518519
1166,1,195.954545,168.454545
1169,1,197.714286,184.142857
1171,1,219.583333,161.750000
1173,1,225.304348,175.608696
1174,1,228.000000,171.040000
1175,1,33.600000,175.040000
1176,1,36.250000,179.041667
1177,1,43.076923,179.923077
1178,1,52.038462,175.346154
1179,1,48.208333,173.166667
1181,1,60.280000,174.920000
1184,1,75.043478,176.260870
1185,1,79.680000,175.000000
1186,1,83.090909,179.045455
1189,1,107.840000,178.000000
1190,1,113.800000,183.240000
1192,1,111.884615,180.192308
1193,1,124.333333,174.037037
1196,1,134.518519,174.518519
1200,1,161.545455,177.090909
1201,1,161.782609,182.478261
1203,1,172.958333,179.583333
1204,1,174.043478,175.347826
1208,1,196.846154,181.384615
1209,1,205.307692,172.346154
1210,1,204.115385,179.346154
1212,1,219.120000,169.360000
1213,1,219.333333,173.222222
1214,1,220.320000,178.960000
1216,1,39.958333,174.791667
1218,1,47.391304,178.565217
1220,1,60.304348,182.521739
1222,1,75.307692,179.730769
1223,1,71.458333,185.000000
1224,1,80.333333,181.740741
1225,1,86.923077,184.038462
1229,1,97.590909,186.090909
1230,1,105.166667,174.333333
1231,1,109.076923,185.307692
1234,1,131.840000,182.880000
1235,1,132.217391,177.913043
1236,1,138.846154,184.423077
1238,1,145.074074,183.000000
1241,1,157.541667,172.750000
1243,1,176.458333,181.500000
1244,1,178.230769,176.692308
1246,1,191.320000,180.000000
1247,1,187.500000,182.538462
1248,1,200.678571,190.892857
1249,1,202.230769,175.615385
1250,1,207.043478,178.130435
1254,1,223.913043,181.260870
1256,1,44.363636,188.727273
1259,1,56.095238,185.476190
1261,1,69.807692,181.192308
1266,1,95.115385,188.000000
1267,1,96.038462,190.000000
1268,1,104.846154,181.423077
1270,1,113.692308,192.307692
1272,1,121.576923,191.653846
1276,1,137.608696,178.478261
1277,1,145.160000,187.640000
1279,1,158.000000,179.083333
1287,1,201.916667,192.583333
1288,1,208.888889,184.592593
1289,1,207.692308,191.730769
1290,1,210.565217,184.782609
1291,1,216.500000,189.625000
1292,1,222.461538,188.615385
1294,1,41.086957,193.130435
1298,1,61.826087,194.565217
1300,1,69.360000,190.400000
1303,1,88.173913,194.043478
1304,1,84.500000,193.076923
1305,1,93.346154,188.807692
1308,1,109.480000,190.560000
1310,1,122.583333,197.416667
1313,1,139.916667,189.375000
1318,1,161.913043,189.913043
1321,1,177.280000,190.120000
1323,1,190.384615,192.384615
1324,1,190.925926,199.629630
1325,1,194.680000,193.240000
1326,1,204.640000,189.760000
1327,1,195.826087,192.782609
1328,1,202.200000,186.120000
1329,1,212.304348,196.217391
1331,1,44.333333,194.458333
1332,1,48.791667,196.666667
1334,1,63.416667,194.458333
1335,1,68.680000,195.240000
1336,1,70.640000,194.600000
1342,1,98.680000,196.800000
1344,1,108.884615,192.961538
1345,1,112.571429,197.714286
1347,1,117.480000,189.880000
1348,1,130.800000,198.400000
1349,1,124.692308,195.730769
1351,1,142.680000,201.720000
1353,1,149.560000,195.880000
1358,1,176.666667,196.791667
1359,1,173.518519,195.148148
1361,1,183.720000,203.840000
1363,1,201.458333,196.916667
1365,1,214.440000,187.120000
1370,1,66.800000,198.280000
1374,1,88.695652,206.739130
1375,1,87.653846,207.538462
1376,1,87.192308,199.692308
1378,1,93.185185,204.370370
1382,1,122.360000,198.440000
1384,1,136.791667,199.000000
1386,1,140.541667,198.166667
1387,1,149.440000,205.360000
1388,1,150.814815,200.629630
1391,1,166.480000,203.560000
1395,1,196.692308,199.038462
1396,1,188.680000,205.040000
1398,1,202.250000,190.458333
1401,1,58.120000,208.480000
1402,1,55.600000,205.000000
1406,1,75.185185,207.148148
1409,1,99.576923,201.807692
1410,1,96.523810,207.714286
1411,1,101.041667,207.375000
1413,1,111.555556,208.333333
1416,1,126.200000,204.880000
1417,1,132.363636,201.636364
1424,1,167.080000,199.600000
1425,1,173.370370,199.333333
1427,1,177.000000,212.208333
1429,1,188.416667,198.916667
1430,1,196.576923,209.076923
1431,1,201.875000,206.625000
1433,1,58.739130,213.086957
1434,1,59.814815,207.703704
1435,1,66.520000,215.160000
1437,1,74.888889,211.259259
1438,1,79.846154,213.538462
1441,1,100.958333,207.375000
1443,1,106.086957,218.130435
1444,1,109.840000,214.080000
1450,1,143.434783,211.391304
1451,1,145.000000,219.384615
1455,1,162.636364,217.363636
1456,1,171.480000,206.600000
1458,1,179.500000,215.038462
1460,1,193.814815,208.518519
1461,1,191.846154,210.269231
1467,1,83.818182,215.545455
1468,1,93.040000,216.200000
1469,1,88.250000,217.875000
1472,1,113.730769,222.807692
1474,1,115.642857,211.035714
1476,1,126.956522,218.956522
1478,1,142.520000,214.800000
1480,1,146.370370,210.296296
1483,1,165.178571,218.071429
1484,1,170.318182,212.318182
1485,1,165.444444,212.000000
1487,1,188.086957,220.869565
1489,1,194.041667,214.791667
1492,1,74.760000,220.080000
1496,1,96.166667,214.333333
1498,1,103.086957,219.782609
1499,1,111.760000,217.920000
1500,1,108.166667,221.750000
1504,1,132.920000,220.280000
1506,1,143.153846,217.038462
1507,1,147.807692,222.307692
1512,1,171.875000,217.583333
1515,1,190.360000,222.520000
1516,1,192.040000,219.040000
1526,1,122.384615,227.692308
1527,1,126.000000,228.000000
1529,1,134.925926,224.037037
1530,1,144.038462,225.115385
1531,1,144.040000,228.680000
1534,1,161.478261,223.478261
1535,1,166.375000,227.541667
1537,1,172.769231,215.269231
1538,1,176.125000,227.166667
1540,1,93.304348,232.695652
1542,1,108.200000,234.600000
1543,1,103.045455,233.363636
1547,1,136.777778,227.740741
1548,1,129.863636,231.272727
1552,1,153.653846,233.807692
1555,1,171.333333,227.333333
1556,1,166.384615,224.384615
1558,1,106.846154,229.230769
1559,1,110.269231,237.576923
1560,1,116.291667,237.333333
1561,1,112.423077,232.923077
1566,1,144.423077,235.346154
1567,1,148.923077,237.076923
1569,1,154.681818,230.681818
