ID,type,x COM, y COM
2,2,113.333333,24.166667
5,2,123.130435,19.956522
6,2,127.730769,20.923077
7,2,132.950000,20.650000
9,2,137.500000,21.181818
10,2,150.590909,22.727273
12,2,156.500000,24.384615
13,2,85.833333,30.750000
14,2,90.160000,27.080000
15,2,98.363636,29.500000
16,2,94.400000,26.240000
18,2,108.478261,25.913043
19,2,115.037037,29.666667
22,2,131.680000,25.720000
23,2,134.652174,26.652174
26,2,153.416667,29.500000
31,2,78.809524,33.666667
34,2,90.360000,32.480000
38,2,112.500000,33.875000
39,2,117.320000,34.640000
41,2,130.846154,31.615385
42,2,134.640000,33.640000
45,2,150.125000,32.958333
46,2,155.640000,32.960000
47,2,157.653846,27.846154
51,2,173.280000,30.000000
53,2,75.200000,36.360000
55,2,83.571429,33.238095
57,2,96.043478,36.478261
58,2,95.375000,31.958333
61,2,115.960000,39.520000
62,2,121.440000,40.000000
63,2,121.708333,35.500000
65,2,128.958333,36.833333
66,2,135.523810,37.809524
67,2,139.038462,35.423077
76,2,191.280000,37.480000
77,2,194.272727,41.318182
78,2,63.521739,41.130435
79,2,68.782609,39.260870
81,2,78.916667,45.000000
82,2,79.125000,39.750000
84,2,96.080000,41.400000
85,2,99.461538,45.269231
87,2,104.653846,43.461538
88,2,112.520000,41.880000
89,2,117.166667,45.500000
90,2,121.384615,44.346154
91,2,127.560000,41.160000
92,2,132.304348,41.478261
93,2,138.909091,41.681818
94,2,137.000000,44.833333
96,2,153.608696,40.608696
98,2,157.240000,42.760000
100,2,175.375000,47.208333
101,2,181.260870,43.260870
103,2,185.391304,37.217391
109,2,74.916667,49.916667
110,2,79.307692,50.653846
113,2,93.782609,44.869565
114,2,98.000000,49.695652
115,2,103.375000,48.875000
117,2,106.666667,51.833333
118,2,112.916667,47.666667
122,2,134.666667,49.037037
125,2,150.608696,56.130435
130,2,179.576923,47.000000
131,2,184.625000,47.708333
132,2,188.791667,48.125000
133,2,193.760000,48.560000
134,2,198.227273,48.818182
135,2,198.120000,44.520000
136,2,55.875000,53.875000
137,2,60.750000,53.000000
138,2,62.476190,49.523810
139,2,66.200000,54.440000
140,2,70.478261,52.130435
142,2,79.916667,56.083333
144,2,92.307692,49.615385
146,2,103.869565,56.000000
151,2,126.285714,56.285714
153,2,133.791667,52.208333
155,2,151.583333,60.166667
162,2,179.782609,57.695652
166,2,203.125000,48.000000
167,2,204.440000,53.760000
170,2,57.956522,58.652174
171,2,62.461538,57.730769
173,2,74.875000,55.041667
177,2,90.733333,55.833333
179,2,108.538462,56.576923
181,2,111.608696,59.130435
183,2,132.840000,56.160000
184,2,129.772727,59.409091
185,2,137.208333,58.291667
188,2,146.520000,60.800000
190,2,157.291667,58.041667
192,2,167.125000,61.541667
195,2,179.608696,62.043478
197,2,185.391304,58.043478
200,2,203.038462,63.884615
201,2,203.478261,59.043478
202,2,41.913043,64.913043
203,2,47.900000,63.500000
204,2,55.160000,62.640000
206,2,60.423077,63.384615
211,2,89.040000,65.720000
213,2,96.038462,58.346154
214,2,102.086957,60.304348
216,2,115.440000,62.000000
219,2,133.500000,63.000000
221,2,142.043478,62.173913
223,2,151.000000,65.590909
225,2,155.130435,63.173913
227,2,164.120000,63.920000
230,2,185.680000,62.640000
231,2,189.923077,59.730769
232,2,196.869565,65.304348
233,2,197.600000,61.600000
235,2,209.708333,61.291667
236,2,215.708333,63.041667
240,2,51.739130,65.913043
244,2,72.304348,62.173913
245,2,74.560000,66.280000
247,2,93.869565,68.173913
248,2,92.040000,61.360000
252,2,110.720000,64.360000
257,2,138.760000,63.080000
259,2,145.875000,65.250000
260,2,156.653846,67.307692
263,2,165.695652,70.478261
266,2,182.541667,71.958333
268,2,190.833333,63.833333
269,2,198.318182,69.318182
271,2,210.583333,66.375000
278,2,51.272727,71.136364
280,2,66.192308,74.346154
284,2,86.576923,70.115385
285,2,87.240000,76.160000
286,2,89.833333,71.916667
287,2,96.392857,79.000000
296,2,144.500000,70.500000
297,2,149.200000,70.680000
299,2,152.958333,72.291667
300,2,160.863636,78.136364
304,2,181.250000,76.166667
306,2,192.608696,67.913043
308,2,203.307692,68.884615
309,2,206.958333,65.083333
314,2,37.954545,81.727273
317,2,52.833333,76.583333
320,2,64.391304,78.304348
321,2,69.450000,78.750000
325,2,95.037037,73.407407
327,2,107.636364,78.045455
329,2,111.473684,77.000000
333,2,136.826087,73.217391
334,2,137.000000,77.680000
336,2,141.956522,75.260870
338,2,155.592593,78.333333
340,2,164.625000,81.333333
341,2,169.913043,80.000000
344,2,186.904762,82.380952
349,2,212.217391,77.652174
351,2,222.291667,77.791667
352,2,224.520000,80.720000
354,2,39.080000,86.880000
356,2,48.560000,77.080000
357,2,46.454545,80.772727
358,2,52.000000,82.037037
361,2,76.958333,85.208333
362,2,72.782609,85.826087
365,2,95.814815,83.555556
368,2,104.250000,81.375000
370,2,120.208333,82.041667
371,2,124.600000,83.080000
372,2,128.565217,79.652174
373,2,132.083333,79.250000
374,2,136.346154,82.653846
375,2,141.400000,79.880000
378,2,156.640000,84.440000
379,2,161.000000,83.560000
383,2,183.360000,80.040000
384,2,183.480000,84.880000
385,2,191.384615,81.500000
386,2,192.208333,77.708333
388,2,211.958333,82.708333
391,2,217.782609,82.739130
392,2,230.600000,86.500000
395,2,40.826087,91.260870
397,2,43.782609,87.173913
398,2,50.583333,86.333333
399,2,54.909091,88.363636
405,2,91.958333,78.750000
407,2,94.384615,88.076923
409,2,104.434783,86.608696
410,2,113.571429,84.333333
411,2,120.181818,87.045455
416,2,141.458333,84.250000
418,2,145.192308,89.538462
419,2,152.360000,88.040000
423,2,179.652174,94.043478
425,2,190.391304,85.913043
428,2,194.956522,88.608696
429,2,200.590909,89.090909
431,2,222.346154,88.769231
432,2,220.869565,85.043478
433,2,226.500000,86.230769
438,2,40.652174,95.739130
440,2,50.821429,91.178571
443,2,65.884615,93.038462
444,2,72.280000,93.520000
445,2,77.086957,89.565217
448,2,94.880000,92.400000
449,2,100.083333,89.750000
452,2,110.333333,86.708333
453,2,116.653846,88.192308
454,2,121.680000,93.760000
455,2,123.909091,88.909091
456,2,126.583333,93.875000
457,2,134.545455,90.454545
459,2,145.333333,94.916667
460,2,152.791667,91.791667
462,2,164.285714,97.095238
466,2,181.653846,90.423077
469,2,190.476190,91.380952
471,2,204.217391,92.739130
476,2,231.363636,90.272727
477,2,29.958333,100.000000
478,2,30.347826,96.304348
479,2,36.423077,95.615385
481,2,49.333333,95.095238
482,2,56.045455,97.681818
483,2,58.269231,102.230769
484,2,61.333333,98.416667
485,2,65.880000,99.120000
486,2,70.923077,98.192308
487,2,79.565217,94.173913
488,2,80.518519,99.592593
489,2,89.240000,89.480000
490,2,89.880000,94.680000
491,2,94.782609,96.782609
492,2,99.680000,95.800000
496,2,123.545455,98.590909
497,2,130.615385,97.653846
498,2,132.846154,94.500000
499,2,136.695652,96.043478
501,2,149.608696,94.217391
504,2,161.478261,100.000000
509,2,187.727273,98.863636
510,2,192.000000,98.846154
511,2,198.307692,92.961538
513,2,207.333333,98.142857
515,2,217.619048,102.000000
516,2,221.840000,98.920000
517,2,225.782609,96.565217
518,2,231.291667,97.375000
519,2,236.181818,95.363636
520,2,23.440000,108.880000
521,2,27.173913,104.347826
522,2,31.833333,104.500000
523,2,35.086957,100.000000
527,2,52.880000,101.480000
528,2,63.222222,105.629630
529,2,70.080000,102.360000
530,2,76.307692,101.730769
532,2,81.041667,105.291667
534,2,92.727273,101.227273
538,2,116.090909,103.772727
539,2,120.454545,106.363636
541,2,127.045455,100.590909
542,2,130.440000,104.080000
543,2,137.541667,106.541667
544,2,134.680000,102.520000
547,2,156.000000,102.666667
548,2,160.954545,103.681818
549,2,167.772727,100.363636
550,2,170.333333,104.925926
551,2,176.480000,107.320000
553,2,186.000000,102.409091
554,2,190.769231,105.115385
555,2,193.956522,93.826087
558,2,211.720000,98.480000
564,2,21.875000,113.625000
567,2,36.636364,105.000000
568,2,40.640000,105.600000
569,2,46.520000,109.200000
570,2,54.880000,113.200000
571,2,58.136364,105.818182
574,2,71.720000,107.600000
575,2,75.760000,106.480000
576,2,80.260870,109.956522
579,2,97.333333,101.500000
584,2,125.541667,104.791667
585,2,132.125000,108.333333
586,2,130.791667,112.416667
587,2,135.615385,113.000000
590,2,151.923077,102.923077
591,2,159.880000,109.960000
593,2,166.458333,105.875000
596,2,186.478261,106.521739
598,2,195.000000,106.000000
600,2,203.666667,110.208333
602,2,213.454545,102.863636
603,2,217.041667,106.875000
605,2,228.958333,105.416667
606,2,232.730769,108.769231
607,2,236.583333,106.833333
608,2,25.166667,115.875000
609,2,30.583333,116.583333
610,2,33.105263,109.052632
611,2,37.000000,110.560000
612,2,44.560000,114.400000
614,2,49.640000,114.480000
616,2,64.478261,112.695652
617,2,68.538462,110.576923
618,2,70.777778,115.037037
619,2,75.360000,112.320000
622,2,92.428571,112.285714
625,2,106.500000,110.083333
626,2,112.000000,109.833333
628,2,125.480000,109.200000
631,2,140.222222,110.962963
632,2,140.321429,116.107143
634,2,151.130435,108.782609
635,2,156.703704,107.148148
637,2,164.791667,108.916667
638,2,171.583333,109.916667
639,2,175.750000,112.833333
642,2,194.653846,110.692308
643,2,199.434783,110.217391
645,2,209.086957,112.173913
647,2,213.565217,110.173913
649,2,226.560000,110.520000
651,2,236.434783,113.304348
653,2,28.347826,120.478261
655,2,35.680000,116.440000
657,2,42.190476,110.285714
659,2,56.739130,116.956522
661,2,65.318182,117.045455
663,2,80.238095,114.523810
664,2,85.772727,118.090909
665,2,84.272727,112.590909
666,2,88.666667,114.291667
671,2,112.791667,119.583333
675,2,132.166667,118.208333
676,2,145.200000,122.960000
681,2,163.913043,117.565217
684,2,177.444444,117.888889
686,2,195.250000,115.500000
687,2,200.500000,115.166667
690,2,209.857143,115.285714
692,2,215.666667,121.250000
693,2,223.260870,118.695652
694,2,231.125000,112.666667
696,2,23.272727,120.818182
697,2,29.666667,124.541667
698,2,34.181818,120.954545
700,2,39.500000,115.500000
702,2,51.434783,129.304348
703,2,53.040000,119.000000
705,2,70.360000,120.240000
706,2,62.500000,126.818182
707,2,77.120000,123.000000
708,2,80.346154,118.307692
709,2,88.384615,121.538462
711,2,92.720000,121.240000
712,2,98.080000,121.760000
714,2,113.086957,124.260870
719,2,136.086957,119.521739
720,2,140.916667,120.666667
723,2,161.291667,120.875000
725,2,164.583333,125.458333
728,2,179.869565,123.739130
737,2,219.478261,121.652174
739,2,233.173913,117.695652
740,2,21.653846,129.230769
742,2,37.800000,127.400000
745,2,48.750000,125.958333
747,2,66.307692,127.230769
749,2,65.666667,121.666667
752,2,82.739130,122.478261
755,2,95.217391,125.913043
756,2,107.846154,127.038462
758,2,112.200000,129.480000
761,2,129.208333,130.041667
764,2,144.380952,127.904762
768,2,160.583333,125.750000
774,2,189.304348,134.739130
775,2,195.217391,129.086957
779,2,219.884615,127.076923
780,2,216.560000,131.400000
782,2,235.166667,131.791667
783,2,232.826087,126.956522
786,2,31.708333,129.791667
787,2,35.909091,131.863636
789,2,52.391304,136.565217
791,2,57.320000,131.320000
794,2,66.000000,131.375000
795,2,70.240000,126.640000
796,2,80.782609,134.043478
798,2,97.625000,131.750000
799,2,99.869565,127.173913
801,2,106.291667,131.083333
802,2,112.800000,134.120000
803,2,116.440000,129.800000
804,2,121.875000,136.875000
805,2,121.318182,132.909091
806,2,132.600000,128.560000
809,2,142.130435,132.478261
812,2,161.769231,131.192308
814,2,166.250000,131.666667
818,2,191.590909,131.272727
821,2,205.800000,132.200000
826,2,231.434783,132.043478
829,2,31.346154,135.000000
830,2,36.692308,136.115385
834,2,53.409091,132.954545
835,2,60.280000,136.320000
838,2,71.958333,133.041667
839,2,76.875000,135.375000
846,2,112.434783,138.521739
847,2,117.960000,137.240000
850,2,131.708333,134.666667
851,2,137.160000,132.800000
852,2,143.480000,137.600000
854,2,152.375000,139.125000
856,2,158.458333,133.250000
860,2,185.920000,130.400000
864,2,203.851852,137.666667
865,2,208.090909,137.181818
867,2,220.041667,135.916667
868,2,222.160000,132.320000
869,2,225.681818,136.636364
870,2,226.576923,141.000000
871,2,234.347826,140.913043
872,2,22.760000,145.120000
875,2,35.310345,141.137931
876,2,40.346154,144.846154
878,2,56.652174,139.260870
879,2,60.615385,142.384615
881,2,69.520000,143.040000
885,2,87.083333,147.750000
886,2,92.480000,139.240000
887,2,97.720000,140.200000
888,2,98.240000,145.280000
889,2,109.000000,145.130435
890,2,114.440000,141.480000
891,2,117.291667,146.250000
892,2,119.714286,144.761905
895,2,137.416667,136.791667
897,2,148.130435,139.826087
898,2,156.166667,137.875000
907,2,194.920000,144.400000
915,2,236.708333,145.833333
916,2,20.760000,151.040000
922,2,56.423077,144.769231
927,2,72.960000,148.880000
928,2,82.120000,146.960000
930,2,93.833333,143.666667
934,2,113.148148,146.703704
938,2,135.375000,149.833333
942,2,145.545455,149.500000
944,2,162.333333,149.208333
945,2,162.833333,145.416667
949,2,190.041667,150.041667
951,2,194.760000,149.400000
952,2,198.680000,143.240000
953,2,208.619048,140.952381
954,2,212.304348,150.565217
957,2,226.521739,146.652174
958,2,230.680000,143.280000
961,2,32.076923,150.230769
962,2,36.750000,146.875000
963,2,36.333333,151.083333
964,2,38.166667,156.500000
966,2,50.038462,153.000000
969,2,67.391304,152.956522
970,2,71.320000,154.760000
974,2,88.739130,152.043478
977,2,107.833333,150.583333
978,2,111.739130,152.130435
979,2,116.791667,151.958333
982,2,131.346154,152.884615
983,2,141.160000,151.720000
984,2,138.192308,158.500000
988,2,162.619048,154.000000
990,2,167.692308,147.730769
994,2,196.500000,153.666667
995,2,200.241379,148.689655
1004,2,22.391304,157.565217
1006,2,34.080000,156.160000
1008,2,43.545455,158.681818
1009,2,43.280000,154.880000
1010,2,48.720000,156.720000
1014,2,67.217391,158.086957
1016,2,84.681818,153.136364
1017,2,89.333333,157.541667
1020,2,106.583333,155.625000
1022,2,115.370370,159.592593
1023,2,116.961538,155.576923
1026,2,133.192308,156.769231
1027,2,139.038462,154.769231
1028,2,137.923077,163.730769
1029,2,148.000000,153.307692
1030,2,151.600000,155.960000
1032,2,160.080000,156.960000
1034,2,171.115385,161.576923
1035,2,176.307692,160.115385
1036,2,180.720000,156.800000
1037,2,183.000000,152.826087
1039,2,196.208333,157.666667
1041,2,201.347826,155.565217
1042,2,209.454545,157.772727
1048,2,26.608696,157.478261
1050,2,35.720000,163.360000
1053,2,55.695652,155.173913
1054,2,55.043478,158.782609
1059,2,85.041667,158.583333
1060,2,87.720000,163.440000
1062,2,98.521739,162.608696
1068,2,127.440000,168.960000
1069,2,128.363636,164.818182
1070,2,133.043478,161.869565
1075,2,162.652174,161.739130
1077,2,171.000000,166.434783
1078,2,182.250000,161.625000
1081,2,191.458333,161.208333
1082,2,195.666667,162.541667
1083,2,202.440000,160.760000
1084,2,205.347826,157.565217
1087,2,230.304348,164.478261
1091,2,27.958333,163.416667
1092,2,33.125000,167.208333
1093,2,39.826087,168.000000
1099,2,66.130435,163.173913
1101,2,82.416667,161.291667
1103,2,91.375000,166.208333
1105,2,98.190476,166.666667
1106,2,106.714286,160.857143
1107,2,108.000000,165.636364
1109,2,117.080000,166.120000
1110,2,122.727273,167.954545
1112,2,133.074074,167.592593
1118,2,161.791667,166.875000
1119,2,166.076923,165.076923
1121,2,175.800000,164.880000
1124,2,190.166667,165.875000
1125,2,196.720000,167.680000
1126,2,199.391304,163.695652
1127,2,203.050000,166.350000
1132,2,232.080000,168.360000
1135,2,39.619048,173.190476
1139,2,53.391304,173.391304
1140,2,58.043478,171.391304
1145,2,90.000000,173.739130
1146,2,93.800000,167.400000
1151,2,118.173913,170.130435
1153,2,120.173913,173.130435
1155,2,132.416667,172.541667
1157,2,150.892857,171.321429
1160,2,158.708333,175.333333
1164,2,180.850000,165.550000
1165,2,186.166667,178.541667
1168,2,201.440000,173.400000
1169,2,208.217391,168.217391
1170,2,203.875000,169.916667
1171,2,211.481481,169.851852
1174,2,231.120000,173.600000
1176,2,43.240000,172.400000
1178,2,48.560000,174.440000
1179,2,53.375000,177.833333
1180,2,58.400000,176.600000
1181,2,62.592593,177.555556
1183,2,72.333333,179.916667
1184,2,76.423077,181.923077
1185,2,77.739130,175.521739
1188,2,96.958333,178.541667
1191,2,111.000000,184.120000
1197,2,144.653846,174.538462
1198,2,147.958333,176.541667
1199,2,155.080000,172.520000
1200,2,153.760000,177.680000
1202,2,166.769231,178.576923
1204,2,177.192308,177.384615
1206,2,187.320000,183.320000
1210,2,206.440000,177.760000
1211,2,208.666667,174.444444
1216,2,34.333333,183.791667
1217,2,39.583333,182.833333
1220,2,57.608696,181.565217
1221,2,62.857143,182.571429
1222,2,67.640000,180.240000
1227,2,90.461538,179.576923
1230,2,105.681818,182.545455
1233,2,129.913043,189.913043
1235,2,136.347826,182.652174
1236,2,137.960000,187.560000
1238,2,145.400000,179.840000
1244,2,172.375000,176.000000
1245,2,181.217391,178.347826
1246,2,185.347826,188.173913
1249,2,200.826087,179.173913
1250,2,203.636364,181.045455
1256,2,44.350000,183.750000
1257,2,47.615385,187.653846
1258,2,53.541667,188.833333
1262,2,71.478261,184.695652
1263,2,75.607143,191.214286
1265,2,93.440000,182.400000
1266,2,94.560000,187.360000
1267,2,98.500000,185.500000
1268,2,101.318182,181.545455
1269,2,102.869565,187.347826
1272,2,125.153846,183.807692
1274,2,130.750000,184.250000
1275,2,137.680000,194.400000
1278,2,150.615385,186.884615
1279,2,155.481481,182.296296
1280,2,159.800000,180.800000
1284,2,181.923077,183.884615
1286,2,196.120000,186.320000
1287,2,200.869565,186.173913
1289,2,204.954545,189.454545
1290,2,206.333333,184.000000
1292,2,226.360000,182.600000
1295,2,49.538462,191.576923
1297,2,55.181818,193.636364
1298,2,63.043478,192.260870
1299,2,63.692308,186.961538
1301,2,76.291667,187.125000
1302,2,81.000000,190.291667
1309,2,120.370370,185.333333
1312,2,134.125000,188.375000
1314,2,144.666667,191.518519
1316,2,153.560000,189.280000
1322,2,180.956522,189.086957
1323,2,178.520000,193.440000
1325,2,199.541667,190.750000
1326,2,203.750000,194.250000
1330,2,220.592593,187.962963
1331,2,45.583333,197.333333
1335,2,58.320000,190.080000
1336,2,66.440000,195.360000
1338,2,75.625000,195.708333
1339,2,82.083333,195.750000
1340,2,87.608696,197.782609
1343,2,97.333333,202.857143
1345,2,105.391304,198.434783
1348,2,129.086957,200.347826
1349,2,128.840000,196.080000
1350,2,133.458333,194.500000
1351,2,140.916667,193.791667
1355,2,161.480000,200.360000
1357,2,172.956522,195.217391
1358,2,178.000000,195.227273
1362,2,198.826087,195.739130
1363,2,204.000000,198.500000
1366,2,216.454545,201.363636
1367,2,49.095238,198.095238
1368,2,51.458333,202.875000
1369,2,57.739130,204.217391
1371,2,68.192308,200.230769
1372,2,72.708333,201.083333
1373,2,77.846154,199.038462
1374,2,83.423077,200.384615
1375,2,86.318182,203.500000
1376,2,90.826087,203.869565
1377,2,93.680000,201.080000
1379,2,106.500000,202.818182
1382,2,124.000000,201.391304
1383,2,129.826087,205.130435
1388,2,149.875000,206.500000
1390,2,159.400000,205.240000
1393,2,181.375000,201.625000
1395,2,185.680000,202.160000
1396,2,193.200000,199.320000
1397,2,198.500000,200.769231
1399,2,205.727273,208.590909
1400,2,207.629630,204.740741
1401,2,60.692308,207.153846
1404,2,71.600000,205.840000
1405,2,76.954545,203.681818
1412,2,100.173913,205.434783
1416,2,124.583333,205.541667
1417,2,131.173913,212.956522
1421,2,154.640000,209.440000
1423,2,161.190476,209.095238
1425,2,164.318182,205.636364
1426,2,181.000000,206.714286
1428,2,186.909091,206.045455
1429,2,189.761905,200.333333
1435,2,65.083333,203.375000
1440,2,86.600000,207.760000
1442,2,106.916667,207.666667
1447,2,128.500000,209.181818
1448,2,125.560000,212.960000
1449,2,139.375000,213.500000
1451,2,148.666667,211.476190
1452,2,155.320000,217.680000
1453,2,157.304348,213.739130
1455,2,166.521739,214.130435
1459,2,192.090909,204.909091
1461,2,193.800000,214.240000
1462,2,199.400000,213.200000
1466,2,68.666667,222.851852
1470,2,99.652174,221.608696
1473,2,110.826087,218.782609
1474,2,116.000000,218.416667
1476,2,128.880000,216.880000
1479,2,144.120000,215.840000
1481,2,151.409091,214.136364
1482,2,162.333333,212.250000
1484,2,172.347826,220.391304
1485,2,170.304348,216.565217
1487,2,180.250000,218.000000
1488,2,184.826087,219.565217
1495,2,85.000000,227.875000
1499,2,105.500000,221.500000
1501,2,112.130435,223.173913
1504,2,133.080000,226.080000
1505,2,137.708333,226.500000
1506,2,136.608696,221.608696
1507,2,148.173913,217.260870
1508,2,146.541667,221.458333
1509,2,152.142857,220.142857
1514,2,181.619048,222.904762
1516,2,187.846154,221.769231
1517,2,76.000000,225.478261
1518,2,81.040000,226.240000
1519,2,89.272727,227.590909
1521,2,100.727273,225.590909
1522,2,103.956522,233.434783
1525,2,117.115385,222.538462
1528,2,131.000000,221.409091
1530,2,140.333333,219.666667
1533,2,161.000000,230.391304
1535,2,165.320000,231.120000
1537,2,174.960000,227.200000
1538,2,179.615385,226.730769
1539,2,93.521739,233.043478
1541,2,101.560000,229.680000
1543,2,106.375000,225.375000
1544,2,114.160000,231.680000
1549,2,136.727273,231.363636
1556,2,169.869565,229.826087
1558,2,99.185185,234.703704
1559,2,103.318182,238.772727
1565,2,133.916667,236.083333
1570,2,159.869565,236.130435
1,1,103.347826,32.260870
3,1,117.826087,22.086957
4,1,123.230769,30.500000
8,1,140.346154,23.538462
11,1,148.130435,27.000000
17,1,101.230769,25.538462
20,1,119.500000,26.807692
21,1,127.200000,26.640000
24,1,145.038462,22.346154
25,1,144.080000,27.160000
27,1,170.076923,33.423077
28,1,164.291667,38.750000
29,1,160.965517,34.172414
30,1,162.280000,27.920000
32,1,89.652174,41.173913
33,1,89.739130,43.652174
35,1,101.307692,38.153846
36,1,107.160000,30.120000
37,1,108.320000,38.000000
40,1,122.481481,25.592593
43,1,142.080000,34.600000
44,1,139.964286,29.107143
48,1,173.636364,38.318182
49,1,164.800000,43.080000
50,1,163.560000,44.760000
52,1,179.423077,34.000000
54,1,71.608696,45.826087
56,1,84.423077,40.000000
59,1,102.230769,37.269231
60,1,108.260870,39.043478
64,1,125.296296,34.148148
68,1,145.142857,39.190476
69,1,148.185185,42.629630
70,1,157.956522,37.347826
71,1,166.458333,28.750000
72,1,160.625000,47.500000
73,1,169.720000,44.760000
74,1,166.318182,34.954545
75,1,174.076923,35.269231
80,1,74.884615,42.807692
83,1,85.111111,41.962963
86,1,105.560000,29.720000
95,1,149.423077,38.923077
97,1,143.750000,46.333333
99,1,173.346154,39.192308
102,1,180.692308,39.500000
104,1,190.576923,42.923077
105,1,186.173913,42.347826
106,1,64.000000,45.038462
107,1,69.541667,43.291667
108,1,67.652174,48.739130
111,1,84.652174,44.391304
112,1,87.560000,37.680000
116,1,108.461538,46.538462
119,1,128.040000,49.160000
120,1,120.000000,55.600000
121,1,128.590909,46.409091
123,1,139.920000,54.800000
124,1,147.800000,53.440000
126,1,146.269231,33.192308
127,1,151.608696,45.565217
128,1,162.720000,52.960000
129,1,180.960000,54.200000
141,1,74.750000,62.958333
143,1,87.269231,60.461538
145,1,95.920000,53.200000
147,1,105.296296,62.962963
148,1,118.760000,59.200000
149,1,112.708333,52.208333
150,1,119.250000,50.500000
152,1,123.807692,48.846154
154,1,144.875000,47.166667
156,1,156.666667,48.416667
157,1,163.869565,57.434783
158,1,157.960000,53.080000
159,1,169.200000,44.240000
160,1,168.423077,54.730769
161,1,174.040000,49.920000
163,1,175.192308,56.923077
164,1,193.307692,53.038462
165,1,187.363636,53.863636
168,1,46.884615,60.846154
169,1,52.521739,58.434783
172,1,72.200000,58.040000
174,1,81.629630,71.888889
175,1,80.240000,60.600000
176,1,84.560000,49.600000
178,1,100.200000,55.440000
180,1,104.153846,66.153846
182,1,125.958333,62.375000
186,1,128.461538,50.192308
187,1,144.166667,54.875000
189,1,149.192308,45.923077
191,1,169.285714,50.857143
193,1,171.181818,59.500000
194,1,181.230769,66.423077
196,1,184.500000,52.083333
198,1,194.136364,57.909091
199,1,197.600000,56.400000
205,1,57.923077,67.269231
207,1,80.666667,67.777778
208,1,66.962963,70.703704
209,1,82.958333,64.250000
210,1,84.291667,56.750000
212,1,86.833333,51.416667
215,1,114.307692,71.000000
217,1,115.909091,54.500000
218,1,113.807692,67.961538
220,1,140.583333,68.791667
222,1,140.640000,49.840000
224,1,153.565217,53.304348
226,1,160.120000,62.160000
228,1,174.720000,66.720000
229,1,173.259259,58.000000
234,1,200.333333,54.041667
237,1,217.391304,69.086957
238,1,43.920000,74.280000
239,1,44.680000,69.040000
241,1,61.136364,72.227273
242,1,67.851852,60.444444
243,1,64.750000,65.285714
246,1,76.040000,77.360000
249,1,97.576923,63.692308
250,1,109.217391,70.652174
251,1,98.000000,67.480000
253,1,122.541667,61.458333
254,1,129.625000,65.625000
255,1,120.708333,73.666667
256,1,132.615385,69.538462
258,1,135.884615,68.423077
261,1,161.800000,69.120000
262,1,158.409091,73.636364
264,1,172.583333,72.708333
265,1,169.846154,66.192308
267,1,185.416667,68.458333
270,1,192.400000,73.200000
272,1,212.760000,72.320000
273,1,214.541667,71.041667
274,1,218.200000,67.440000
275,1,37.777778,71.185185
276,1,35.615385,75.576923
277,1,47.416667,70.166667
279,1,59.440000,72.440000
281,1,72.041667,69.041667
282,1,82.600000,76.480000
283,1,77.038462,74.192308
288,1,102.307692,77.538462
289,1,107.958333,71.583333
290,1,118.961538,77.730769
291,1,119.818182,75.409091
292,1,119.480000,66.280000
293,1,123.115385,68.730769
294,1,130.038462,71.961538
295,1,125.269231,69.730769
298,1,158.160000,71.520000
301,1,165.363636,75.909091
302,1,173.269231,66.230769
303,1,169.576923,75.615385
305,1,201.000000,74.608696
307,1,187.250000,72.500000
310,1,207.478261,73.869565
311,1,216.916667,74.416667
312,1,213.500000,88.769231
313,1,32.347826,82.478261
315,1,55.478261,72.347826
316,1,40.583333,75.458333
318,1,57.458333,80.291667
319,1,59.615385,80.038462
322,1,69.782609,70.956522
323,1,82.708333,78.875000
324,1,81.142857,81.571429
326,1,104.111111,91.888889
328,1,101.760000,70.920000
330,1,100.680000,74.040000
331,1,115.190476,78.857143
332,1,126.400000,75.480000
335,1,151.590909,81.681818
337,1,148.384615,75.153846
339,1,177.826087,77.347826
342,1,175.739130,69.043478
343,1,176.185185,77.481481
345,1,190.043478,73.173913
346,1,203.458333,82.083333
347,1,215.280000,89.640000
348,1,199.680000,75.480000
350,1,216.846154,78.461538
353,1,29.708333,85.833333
355,1,39.307692,77.384615
359,1,59.791667,91.875000
360,1,61.750000,86.291667
363,1,73.347826,77.739130
364,1,88.653846,82.307692
366,1,100.434783,84.043478
367,1,102.846154,100.615385
369,1,110.640000,81.720000
376,1,148.307692,79.269231
377,1,146.461538,81.846154
380,1,175.136364,82.772727
381,1,177.583333,86.833333
382,1,174.791667,86.666667
387,1,206.956522,89.000000
389,1,206.200000,77.040000
390,1,211.233333,93.233333
393,1,31.192308,76.769231
394,1,34.160000,90.880000
396,1,44.666667,83.250000
400,1,68.538462,90.692308
401,1,63.173913,91.217391
402,1,68.880000,85.320000
403,1,65.727273,81.681818
404,1,86.500000,104.000000
406,1,87.826087,85.782609
408,1,112.192308,94.192308
412,1,128.708333,86.916667
413,1,131.875000,85.250000
414,1,131.272727,89.000000
415,1,138.708333,88.375000
417,1,149.846154,85.423077
420,1,170.708333,95.833333
421,1,166.576923,86.615385
422,1,158.818182,88.772727
424,1,186.208333,94.375000
426,1,197.260870,84.826087
427,1,196.080000,78.040000
430,1,200.307692,82.115385
434,1,221.916667,93.583333
435,1,34.760000,85.520000
436,1,28.695652,91.565217
437,1,27.407407,92.666667
439,1,46.333333,101.518519
441,1,59.160000,85.280000
442,1,55.680000,93.440000
446,1,84.086957,89.434783
447,1,81.888889,87.592593
450,1,104.461538,101.653846
451,1,112.136364,97.363636
458,1,140.966667,98.033333
461,1,161.869565,90.608696
463,1,165.166667,92.250000
464,1,176.076923,97.846154
465,1,170.160000,84.800000
467,1,181.846154,99.153846
468,1,186.333333,90.370370
470,1,196.153846,98.923077
472,1,205.961538,82.576923
473,1,221.208333,90.916667
474,1,217.040000,97.040000
475,1,230.440000,93.400000
480,1,45.541667,91.833333
493,1,107.640000,91.480000
494,1,120.000000,102.272727
495,1,115.269231,91.884615
500,1,141.080000,92.280000
502,1,145.818182,110.954545
503,1,158.320000,94.000000
505,1,168.833333,92.375000
506,1,174.000000,91.083333
507,1,173.269231,101.884615
508,1,177.041667,98.333333
512,1,201.240000,100.640000
514,1,208.629630,88.592593
524,1,42.629630,98.962963
525,1,49.916667,108.750000
526,1,45.500000,100.035714
531,1,75.769231,94.653846
533,1,84.481481,95.370370
535,1,95.916667,106.750000
536,1,111.782609,103.043478
537,1,106.360000,97.520000
540,1,117.629630,97.222222
545,1,150.576923,99.153846
546,1,156.333333,97.208333
552,1,181.680000,111.080000
556,1,202.333333,97.777778
557,1,208.384615,103.615385
559,1,226.115385,102.153846
560,1,220.192308,114.884615
561,1,221.541667,111.583333
562,1,236.076923,100.961538
563,1,232.125000,101.750000
565,1,27.538462,110.269231
566,1,31.136364,112.318182
572,1,61.111111,117.037037
573,1,66.695652,106.043478
577,1,87.153846,98.884615
578,1,86.576923,108.269231
580,1,100.480000,107.240000
581,1,111.916667,104.166667
582,1,109.000000,115.217391
583,1,106.461538,105.038462
588,1,147.000000,103.304348
589,1,145.160000,104.560000
592,1,161.800000,112.960000
594,1,180.730769,105.615385
595,1,180.000000,110.892857
597,1,188.130435,110.478261
599,1,198.818182,104.818182
601,1,203.760000,104.680000
604,1,221.000000,109.407407
613,1,50.000000,103.956522
615,1,54.173913,107.391304
620,1,92.120000,106.880000
621,1,97.304348,115.434783
623,1,100.400000,111.600000
624,1,103.375000,117.250000
627,1,119.130435,113.739130
629,1,128.409091,119.863636
630,1,123.083333,115.125000
633,1,140.454545,101.818182
636,1,150.800000,113.520000
640,1,186.961538,113.846154
641,1,189.166667,119.583333
644,1,208.875000,107.791667
646,1,210.653846,119.769231
648,1,221.956522,104.434783
650,1,228.347826,115.869565
652,1,25.653846,126.038462
654,1,35.730769,124.576923
656,1,43.800000,119.040000
658,1,48.833333,120.666667
660,1,59.360000,110.160000
662,1,74.884615,118.615385
667,1,88.652174,104.086957
668,1,94.120000,116.920000
669,1,101.478261,114.434783
670,1,104.285714,123.321429
672,1,113.461538,113.961538
673,1,118.240000,109.680000
674,1,125.833333,126.750000
677,1,143.000000,104.541667
678,1,147.500000,119.615385
679,1,155.615385,123.807692
680,1,156.615385,113.615385
682,1,175.692308,132.230769
683,1,169.136364,113.727273
685,1,188.961538,115.346154
688,1,203.076923,125.538462
689,1,199.153846,119.615385
691,1,211.260870,121.913043
695,1,235.800000,120.840000
699,1,46.000000,130.769231
701,1,42.291667,127.375000
704,1,54.541667,122.791667
710,1,85.307692,126.615385
713,1,108.608696,120.521739
715,1,123.560000,116.520000
716,1,117.300000,118.250000
717,1,123.360000,118.880000
718,1,123.640000,128.320000
721,1,145.500000,114.461538
722,1,153.875000,128.708333
724,1,173.791667,119.041667
726,1,168.807692,121.000000
727,1,173.892857,122.142857
729,1,184.200000,119.480000
730,1,201.125000,120.125000
731,1,185.769231,122.076923
732,1,193.590909,123.818182
733,1,205.500000,116.333333
734,1,198.500000,125.916667
735,1,211.625000,130.291667
736,1,225.681818,127.272727
738,1,227.083333,123.625000
741,1,25.240000,134.240000
743,1,40.680000,138.040000
744,1,40.375000,125.208333
746,1,59.782609,122.217391
748,1,73.913043,126.043478
750,1,79.416667,127.291667
751,1,76.769231,130.423077
753,1,85.428571,135.500000
754,1,91.240000,128.840000
757,1,104.846154,122.961538
759,1,118.043478,123.130435
760,1,128.120000,120.720000
762,1,133.333333,124.208333
763,1,148.777778,127.629630
765,1,154.076923,119.961538
766,1,156.909091,116.590909
767,1,151.307692,121.423077
769,1,168.884615,119.730769
770,1,174.120000,128.720000
771,1,184.833333,126.208333
772,1,181.416667,132.625000
773,1,190.590909,126.318182
776,1,199.347826,122.956522
777,1,215.956522,116.173913
778,1,207.130435,126.304348
781,1,227.833333,121.375000
784,1,27.880000,138.280000
785,1,25.346154,132.615385
788,1,44.692308,123.153846
790,1,57.285714,126.250000
792,1,62.652174,134.000000
793,1,67.592593,136.000000
797,1,88.173913,131.347826
800,1,105.173913,136.130435
807,1,138.240000,128.640000
808,1,138.925926,124.851852
810,1,153.150000,132.500000
811,1,152.791667,132.541667
813,1,162.217391,140.782609
815,1,178.884615,131.000000
816,1,187.347826,147.130435
817,1,173.869565,141.782609
819,1,201.040000,130.000000
820,1,184.703704,142.444444
822,1,213.400000,126.320000
823,1,211.600000,139.680000
824,1,225.777778,130.296296
825,1,231.642857,123.071429
827,1,230.541667,136.708333
828,1,23.461538,136.692308
831,1,45.192308,134.923077
832,1,51.555556,142.074074
833,1,47.766667,137.833333
836,1,65.200000,141.320000
837,1,63.545455,144.909091
840,1,85.041667,129.208333
841,1,93.391304,136.130435
842,1,88.833333,141.833333
843,1,102.440000,138.720000
844,1,93.833333,132.750000
845,1,102.913043,134.695652
848,1,120.500000,127.500000
849,1,125.571429,140.571429
853,1,147.230769,133.269231
855,1,151.080000,149.080000
857,1,169.680000,127.080000
858,1,176.708333,138.875000
859,1,183.480000,134.680000
861,1,194.260870,139.565217
862,1,198.840000,134.160000
863,1,196.629630,138.444444
866,1,212.545455,133.227273
873,1,28.666667,147.074074
874,1,30.125000,145.875000
877,1,53.640000,149.960000
880,1,76.760000,148.080000
882,1,76.818182,141.136364
883,1,73.370370,138.703704
884,1,84.444444,141.851852
893,1,124.708333,146.875000
894,1,137.160000,141.000000
896,1,142.160000,142.720000
899,1,161.880000,135.240000
900,1,158.045455,143.454545
901,1,168.769231,137.730769
902,1,166.120000,137.120000
903,1,171.923077,137.423077
904,1,177.840000,139.560000
905,1,189.259259,143.777778
906,1,184.185185,139.296296
908,1,204.500000,144.166667
909,1,194.666667,136.428571
910,1,214.125000,145.291667
911,1,216.592593,138.481481
912,1,221.260870,145.869565
913,1,219.880000,141.400000
914,1,222.545455,147.409091
917,1,28.166667,141.875000
918,1,45.680000,148.600000
919,1,42.000000,150.192308
920,1,50.833333,146.916667
921,1,45.260870,141.391304
923,1,63.791667,148.166667
924,1,67.913043,147.826087
925,1,75.708333,145.291667
926,1,80.333333,155.250000
929,1,82.730769,140.884615
931,1,98.458333,150.666667
932,1,102.720000,146.080000
933,1,107.720000,137.880000
935,1,126.111111,159.925926
936,1,127.041667,145.041667
937,1,130.761905,148.000000
939,1,137.320000,144.880000
940,1,131.120000,143.720000
941,1,142.200000,146.360000
943,1,156.720000,148.080000
946,1,172.680000,150.800000
947,1,170.307692,143.692308
948,1,177.076923,147.000000
950,1,185.440000,151.240000
955,1,208.346154,147.307692
956,1,216.000000,145.090909
959,1,236.043478,155.086957
960,1,26.565217,152.565217
965,1,43.791667,141.500000
967,1,60.380952,159.333333
968,1,62.625000,159.875000
971,1,76.285714,155.142857
972,1,78.360000,152.800000
973,1,90.761905,150.285714
975,1,102.173913,152.130435
976,1,104.500000,142.875000
980,1,130.620690,140.551724
981,1,122.541667,150.875000
985,1,125.583333,136.791667
986,1,153.478261,145.217391
987,1,147.821429,144.071429
989,1,175.636364,155.545455
991,1,169.814815,157.481481
992,1,177.720000,145.480000
993,1,177.739130,151.826087
996,1,204.565217,149.652174
997,1,222.160000,150.920000
998,1,226.826087,167.913043
999,1,216.520000,151.920000
1000,1,222.125000,162.750000
1001,1,217.576923,156.615385
1002,1,228.730769,151.769231
1003,1,234.346154,148.576923
1005,1,27.074074,152.111111
1007,1,42.615385,160.961538
1011,1,58.038462,150.615385
1012,1,57.280000,163.720000
1013,1,63.000000,171.166667
1015,1,75.826087,162.217391
1018,1,94.160000,155.440000
1019,1,102.480000,156.360000
1021,1,113.461538,163.230769
1024,1,124.208333,154.083333
1025,1,127.791667,156.375000
1031,1,156.296296,151.925926
1033,1,168.166667,152.708333
1038,1,190.916667,154.750000
1040,1,207.925926,152.407407
1043,1,218.458333,164.041667
1044,1,225.125000,160.958333
1045,1,213.541667,156.000000
1046,1,232.846154,151.076923
1047,1,231.000000,161.086957
1049,1,30.730769,161.000000
1051,1,49.000000,165.125000
1052,1,52.227273,162.136364
1055,1,62.777778,153.555556
1056,1,66.727273,174.590909
1057,1,86.727273,176.090909
1058,1,71.269231,169.846154
1061,1,94.636364,148.954545
1063,1,110.576923,158.500000
1064,1,98.125000,156.583333
1065,1,120.692308,159.615385
1066,1,109.115385,169.884615
1067,1,123.428571,162.714286
1071,1,151.653846,162.307692
1072,1,158.148148,162.592593
1073,1,151.708333,161.208333
1074,1,153.800000,157.800000
1076,1,166.083333,157.166667
1079,1,187.181818,157.181818
1080,1,187.461538,163.076923
1085,1,209.458333,162.625000
1086,1,214.708333,159.875000
1088,1,213.478261,167.043478
1089,1,233.875000,158.458333
1090,1,224.520000,169.760000
1094,1,46.818182,169.863636
1095,1,43.041667,163.500000
1096,1,70.636364,166.727273
1097,1,57.074074,167.444444
1098,1,71.192308,161.961538
1100,1,79.600000,172.160000
1102,1,79.520000,163.960000
1104,1,94.190476,160.428571
1108,1,106.208333,178.250000
1111,1,136.708333,178.833333
1113,1,144.576923,159.807692
1114,1,141.666667,165.629630
1115,1,146.478261,167.782609
1116,1,142.000000,169.500000
1117,1,157.038462,168.076923
1120,1,170.250000,172.214286
1122,1,185.818182,167.318182
1123,1,184.320000,167.960000
1128,1,221.038462,168.884615
1129,1,215.739130,166.000000
1130,1,225.080000,177.080000
1131,1,217.076923,173.230769
1133,1,32.320000,171.840000
1134,1,31.652174,174.608696
1136,1,33.391304,171.565217
1137,1,50.625000,168.333333
1138,1,48.040000,180.200000
1141,1,62.076923,166.115385
1142,1,76.227273,166.954545
1143,1,82.782609,167.391304
1144,1,87.280000,168.840000
1147,1,101.360000,169.040000
1148,1,111.961538,174.692308
1149,1,100.125000,176.041667
1150,1,113.291667,170.375000
1152,1,125.791667,174.125000
1154,1,130.481481,179.518519
1156,1,141.480000,180.960000
1158,1,144.217391,160.956522
1159,1,150.360000,166.240000
1161,1,166.640000,170.680000
1162,1,178.958333,170.291667
1163,1,185.000000,173.440000
1166,1,196.869565,171.913043
1167,1,194.826087,174.521739
1172,1,220.880000,183.360000
1173,1,229.500000,156.041667
1175,1,37.318182,177.409091
1177,1,41.739130,163.478261
1182,1,69.500000,168.583333
1186,1,89.148148,184.481481
1187,1,92.040000,172.240000
1189,1,97.045455,175.000000
1190,1,102.480000,171.480000
1192,1,112.695652,181.521739
1193,1,115.814815,180.296296
1194,1,124.960000,176.080000
1195,1,130.869565,176.304348
1196,1,137.444444,170.555556
1201,1,161.454545,172.409091
1203,1,175.541667,171.250000
1205,1,179.958333,179.416667
1207,1,194.666667,181.296296
1208,1,190.400000,176.600000
1209,1,192.230769,171.769231
1212,1,216.640000,175.200000
1213,1,221.840000,178.720000
1214,1,224.260870,156.478261
1215,1,33.280000,179.640000
1218,1,48.571429,180.619048
1219,1,42.391304,177.304348
1223,1,80.181818,183.318182
1224,1,85.153846,186.769231
1225,1,83.600000,181.600000
1226,1,79.541667,171.250000
1228,1,102.814815,162.962963
1229,1,107.392857,173.928571
1231,1,118.400000,188.400000
1232,1,118.071429,177.107143
1234,1,122.636364,180.363636
1237,1,138.173913,174.913043
1239,1,150.000000,182.520000
1240,1,164.478261,179.521739
1241,1,170.862069,189.724138
1242,1,166.880000,193.040000
1243,1,170.320000,176.720000
1247,1,191.407407,186.111111
1248,1,194.600000,179.600000
1251,1,213.750000,179.250000
1252,1,211.478261,183.130435
1253,1,219.960000,173.960000
1254,1,229.625000,177.791667
1255,1,35.238095,187.904762
1259,1,58.000000,185.960000
1260,1,71.769231,175.076923
1261,1,68.652174,188.956522
1264,1,82.148148,178.074074
1270,1,113.428571,190.535714
1271,1,111.666667,199.208333
1273,1,121.384615,192.769231
1276,1,142.200000,186.960000
1277,1,145.875000,184.958333
1281,1,166.608696,199.608696
1282,1,163.857143,184.000000
1283,1,176.461538,186.692308
1285,1,189.884615,194.384615
1288,1,211.920000,192.320000
1291,1,215.240000,184.800000
1293,1,41.814815,187.666667
1294,1,39.375000,190.708333
1296,1,51.040000,183.440000
1300,1,68.727273,188.272727
1303,1,94.458333,192.833333
1304,1,87.960000,193.040000
1305,1,86.818182,189.909091
1306,1,101.538462,197.615385
1307,1,106.521739,193.000000
1308,1,115.320000,188.760000
1310,1,121.173913,196.086957
1311,1,122.846154,189.423077
1313,1,149.000000,200.520000
1315,1,158.076923,188.423077
1317,1,157.086957,198.434783
1318,1,160.040000,187.840000
1319,1,172.920000,184.760000
1320,1,175.636364,198.727273
1321,1,169.884615,182.461538
1324,1,193.640000,194.200000
1327,1,210.434783,201.608696
1328,1,209.880000,187.680000
1329,1,217.695652,188.608696
1332,1,44.083333,192.500000
1333,1,53.680000,197.320000
1334,1,58.807692,196.423077
1337,1,71.120000,194.680000
1341,1,90.190476,194.190476
1342,1,95.846154,196.423077
1344,1,107.583333,191.666667
1346,1,111.956522,204.695652
1347,1,123.259259,194.407407
1352,1,159.541667,195.166667
1353,1,147.625000,197.000000
1354,1,150.083333,194.666667
1356,1,163.296296,193.629630
1359,1,185.480000,193.720000
1360,1,183.307692,195.730769
1361,1,192.666667,190.185185
1364,1,212.913043,190.347826
1365,1,215.434783,197.304348
1370,1,56.000000,200.428571
1378,1,95.444444,215.185185
1380,1,102.692308,193.346154
1381,1,113.958333,197.208333
1384,1,133.423077,200.730769
1385,1,136.280000,204.960000
1386,1,143.640000,205.080000
1387,1,141.750000,208.208333
1389,1,154.045455,204.272727
1391,1,175.916667,202.500000
1392,1,168.272727,201.090909
1394,1,171.275862,205.724138
1398,1,213.045455,197.681818
1402,1,61.884615,199.269231
1403,1,63.230769,213.615385
1406,1,69.576923,210.423077
1407,1,94.800000,209.240000
1408,1,85.280000,221.080000
1409,1,98.208333,211.375000
1410,1,99.423077,196.307692
1411,1,119.960000,215.640000
1413,1,112.875000,210.041667
1414,1,110.000000,192.370370
1415,1,118.346154,202.038462
1418,1,143.000000,210.160000
1419,1,145.629630,197.518519
1420,1,138.840000,199.400000
1422,1,153.821429,195.250000
1424,1,168.000000,191.423077
1427,1,181.230769,214.115385
1430,1,200.037037,208.777778
1431,1,197.869565,206.913043
1432,1,208.720000,194.960000
1433,1,67.200000,208.280000
1434,1,68.739130,213.956522
1436,1,72.500000,218.291667
1437,1,67.826087,216.826087
1438,1,81.545455,213.318182
1439,1,80.962963,205.592593
1441,1,91.115385,222.153846
1443,1,116.583333,203.333333
1444,1,110.730769,213.384615
1445,1,120.880000,208.240000
1446,1,115.083333,210.958333
1450,1,152.590909,202.181818
1454,1,162.000000,223.818182
1456,1,175.000000,205.692308
1457,1,168.360000,208.800000
1458,1,187.583333,210.458333
1460,1,203.166667,202.666667
1463,1,75.600000,215.000000
1464,1,64.750000,216.333333
1465,1,83.090909,219.045455
1467,1,87.360000,213.640000
1468,1,89.166667,210.291667
1469,1,96.444444,223.222222
1471,1,93.600000,216.880000
1472,1,105.916667,214.791667
1475,1,119.166667,210.833333
1477,1,134.777778,217.185185
1478,1,135.640000,210.800000
1480,1,137.259259,206.333333
1483,1,160.600000,217.640000
1486,1,179.708333,209.791667
1489,1,194.708333,207.125000
1490,1,189.000000,211.296296
1491,1,79.739130,209.000000
1492,1,75.880000,221.240000
1493,1,79.629630,218.407407
1494,1,76.565217,210.173913
1496,1,88.230769,219.500000
1497,1,102.960000,212.920000
1498,1,104.714286,215.500000
1500,1,108.518519,229.370370
1502,1,122.480000,217.920000
1503,1,126.480000,221.640000
1510,1,160.535714,221.214286
1511,1,176.769231,220.923077
1512,1,174.038462,211.884615
1513,1,174.346154,214.346154
1515,1,187.478261,215.782609
1520,1,102.428571,208.285714
1523,1,113.625000,227.166667
1524,1,121.038462,230.692308
1526,1,128.782609,229.173913
1527,1,128.200000,235.880000
1529,1,142.720000,226.520000
1531,1,148.148148,230.074074
1532,1,157.791667,226.125000
1534,1,166.120000,218.800000
1536,1,170.791667,224.333333
1540,1,93.769231,221.230769
1542,1,107.958333,234.166667
1545,1,114.047619,236.000000
1546,1,120.217391,235.695652
1547,1,131.434783,231.130435
1548,1,143.884615,232.230769
1550,1,143.000000,236.500000
1551,1,152.920000,231.760000
1552,1,141.120000,229.720000
1553,1,148.090909,225.227273
1554,1,153.173913,224.826087
1555,1,165.777778,225.925926
1557,1,95.400000,229.360000
1560,1,110.956522,236.695652
1561,1,118.125000,228.375000
1562,1,124.038462,224.461538
1563,1,124.615385,230.307692
1564,1,124.208333,228.916667
1566,1,139.500000,237.166667
1567,1,149.269231,235.692308
1568,1,154.423077,233.846154
1569,1,156.920000,231.560000
