ID,type,x COM, y COM
2,2,112.375000,23.625000
5,2,123.291667,20.791667
6,2,128.208333,21.333333
7,2,133.000000,21.153846
9,2,138.434783,21.608696
10,2,150.269231,22.923077
12,2,156.360000,24.360000
13,2,86.458333,30.333333
14,2,91.080000,27.120000
15,2,97.680000,28.960000
16,2,96.461538,25.346154
18,2,107.960000,25.760000
19,2,113.791667,29.083333
22,2,131.038462,26.384615
23,2,134.720000,28.200000
26,2,153.875000,28.541667
31,2,78.130435,34.652174
34,2,90.625000,33.208333
38,2,112.541667,34.333333
39,2,117.821429,34.750000
41,2,130.347826,32.086957
42,2,134.440000,33.920000
45,2,151.153846,32.846154
46,2,155.909091,34.090909
47,2,158.440000,29.080000
51,2,173.958333,30.166667
53,2,74.720000,38.040000
55,2,83.320000,33.960000
57,2,95.666667,36.791667
58,2,95.423077,32.576923
61,2,114.909091,39.136364
62,2,120.833333,39.416667
63,2,123.240000,35.840000
65,2,128.500000,36.666667
66,2,134.800000,37.840000
67,2,139.208333,36.125000
76,2,190.272727,38.863636
77,2,194.703704,38.296296
78,2,61.250000,42.458333
79,2,68.583333,38.916667
81,2,78.857143,44.857143
82,2,79.291667,40.541667
84,2,95.800000,41.680000
85,2,99.750000,45.208333
87,2,105.115385,43.653846
88,2,112.600000,43.240000
89,2,117.375000,44.208333
90,2,121.583333,43.583333
91,2,127.000000,41.500000
92,2,131.833333,42.416667
93,2,137.826087,41.391304
94,2,137.259259,44.925926
96,2,153.304348,40.391304
98,2,157.285714,43.380952
100,2,175.619048,47.380952
101,2,179.541667,41.458333
103,2,185.125000,37.416667
109,2,76.041667,49.500000
110,2,79.333333,50.458333
113,2,94.160000,45.840000
114,2,97.863636,49.727273
115,2,103.136364,49.272727
117,2,107.208333,52.750000
118,2,112.791667,48.458333
122,2,136.208333,48.791667
125,2,151.608696,56.565217
130,2,179.458333,48.125000
131,2,183.500000,45.916667
132,2,188.347826,47.782609
133,2,193.360000,47.720000
134,2,197.920000,49.120000
135,2,197.730769,44.230769
136,2,55.583333,54.166667
137,2,59.695652,53.347826
138,2,62.260870,50.304348
139,2,67.520000,54.840000
140,2,70.560000,53.080000
142,2,79.964286,55.607143
144,2,91.541667,50.375000
146,2,102.714286,54.380952
151,2,124.920000,56.080000
153,2,134.720000,53.680000
155,2,151.272727,60.409091
162,2,180.227273,57.409091
166,2,202.750000,48.083333
167,2,203.961538,53.461538
170,2,57.607143,58.821429
171,2,63.038462,56.807692
173,2,74.730769,54.692308
177,2,91.208333,56.625000
179,2,107.636364,56.545455
181,2,112.960000,58.960000
183,2,130.760000,55.720000
184,2,130.043478,59.478261
185,2,136.640000,58.240000
188,2,146.272727,60.818182
190,2,156.923077,58.884615
192,2,166.368421,60.842105
195,2,180.130435,61.826087
197,2,186.136364,56.545455
200,2,202.636364,63.954545
201,2,204.481481,58.925926
202,2,41.739130,65.043478
203,2,47.739130,63.130435
204,2,53.640000,62.520000
206,2,60.592593,62.555556
211,2,89.333333,66.000000
213,2,95.777778,59.592593
214,2,101.708333,60.458333
216,2,115.956522,62.217391
219,2,134.045455,63.090909
221,2,142.153846,61.346154
223,2,150.217391,65.217391
225,2,154.652174,63.869565
227,2,165.038462,64.730769
230,2,185.769231,60.653846
231,2,188.521739,61.434783
232,2,196.909091,65.045455
233,2,198.583333,61.333333
235,2,209.708333,61.375000
236,2,215.555556,62.925926
240,2,52.125000,66.375000
244,2,72.960000,63.480000
245,2,74.380952,67.857143
247,2,94.000000,69.560000
248,2,92.318182,62.000000
252,2,111.208333,63.583333
257,2,138.500000,62.500000
259,2,145.200000,65.880000
260,2,155.625000,68.000000
263,2,166.615385,70.230769
266,2,182.478261,72.652174
268,2,190.958333,63.708333
269,2,198.080000,69.120000
271,2,210.304348,66.695652
278,2,50.727273,70.136364
280,2,64.500000,74.000000
284,2,88.136364,69.409091
285,2,86.826087,75.478261
286,2,90.370370,74.000000
287,2,96.695652,78.000000
296,2,143.909091,71.545455
297,2,148.555556,70.259259
299,2,153.857143,72.071429
300,2,160.681818,77.772727
304,2,181.391304,76.565217
306,2,191.304348,67.000000
308,2,202.869565,69.173913
309,2,206.320000,65.360000
314,2,38.181818,82.545455
317,2,53.095238,76.666667
320,2,64.347826,78.130435
321,2,71.173913,77.565217
325,2,94.958333,74.708333
327,2,106.583333,78.416667
329,2,110.846154,78.000000
333,2,137.440000,72.600000
334,2,137.086957,77.347826
336,2,142.320000,75.560000
338,2,155.760000,77.000000
340,2,166.038462,81.692308
341,2,170.727273,80.318182
344,2,187.125000,81.625000
349,2,211.000000,77.280000
351,2,221.739130,77.347826
352,2,224.000000,81.652174
354,2,38.833333,87.416667
356,2,48.500000,77.363636
357,2,47.520000,80.480000
358,2,52.360000,82.800000
361,2,77.500000,85.136364
362,2,72.833333,86.083333
365,2,94.750000,83.208333
368,2,102.791667,81.916667
370,2,120.625000,82.250000
371,2,124.954545,81.772727
372,2,128.615385,79.730769
373,2,132.076923,80.730769
374,2,135.961538,82.461538
375,2,141.458333,80.083333
378,2,156.961538,84.538462
379,2,160.960000,82.640000
383,2,182.000000,79.960000
384,2,184.074074,85.518519
385,2,190.958333,81.666667
386,2,192.961538,78.000000
388,2,211.416667,82.041667
391,2,218.666667,82.416667
392,2,231.000000,85.217391
395,2,40.869565,91.782609
397,2,45.576923,86.538462
398,2,51.130435,86.782609
399,2,56.173913,87.869565
405,2,91.045455,80.363636
407,2,94.875000,87.708333
409,2,103.826087,86.434783
410,2,114.541667,84.708333
411,2,119.192308,86.115385
416,2,141.608696,83.782609
418,2,147.130435,89.695652
419,2,153.956522,86.913043
423,2,178.363636,93.727273
425,2,189.956522,86.304348
428,2,195.000000,88.391304
429,2,200.478261,89.739130
431,2,220.280000,89.280000
432,2,221.391304,86.217391
433,2,226.440000,86.280000
438,2,39.160000,97.320000
440,2,49.043478,90.130435
443,2,66.481481,94.481481
444,2,72.360000,92.080000
445,2,77.440000,89.920000
448,2,94.769231,92.153846
449,2,99.739130,89.608696
452,2,110.083333,87.041667
453,2,115.818182,89.681818
454,2,121.200000,92.760000
455,2,123.880000,87.520000
456,2,127.500000,93.500000
457,2,135.222222,91.407407
459,2,145.375000,95.166667
460,2,152.272727,92.318182
462,2,163.833333,96.875000
466,2,181.863636,89.818182
469,2,190.208333,91.500000
471,2,204.142857,93.000000
476,2,231.692308,89.846154
477,2,27.083333,98.916667
478,2,31.346154,96.461538
479,2,35.640000,94.800000
481,2,48.652174,94.913043
482,2,57.000000,98.200000
483,2,59.230769,102.346154
484,2,61.826087,97.000000
485,2,64.500000,99.916667
486,2,70.923077,98.038462
487,2,78.640000,94.760000
488,2,82.080000,98.480000
489,2,89.400000,89.960000
490,2,89.291667,94.875000
491,2,94.500000,96.333333
492,2,99.434783,95.260870
496,2,122.875000,98.125000
497,2,129.521739,98.869565
498,2,133.000000,96.625000
499,2,137.000000,95.625000
501,2,149.480000,93.960000
504,2,161.240000,101.000000
509,2,187.000000,98.958333
510,2,191.280000,98.200000
511,2,198.291667,93.583333
513,2,207.318182,97.363636
515,2,217.333333,101.708333
516,2,223.954545,99.227273
517,2,226.260870,96.826087
518,2,231.565217,96.826087
519,2,235.913043,95.260870
520,2,23.360000,108.680000
521,2,27.500000,104.272727
522,2,31.428571,102.809524
523,2,35.320000,101.240000
527,2,52.826087,100.130435
528,2,63.333333,106.833333
529,2,69.440000,101.920000
530,2,76.192308,101.653846
532,2,81.615385,103.692308
534,2,93.291667,100.708333
538,2,115.280000,103.520000
539,2,119.636364,106.227273
541,2,126.666667,100.444444
542,2,131.782609,103.521739
543,2,136.653846,107.846154
544,2,136.076923,101.653846
547,2,155.807692,102.692308
548,2,161.708333,104.625000
549,2,167.041667,100.875000
550,2,171.857143,106.071429
551,2,177.416667,108.166667
553,2,186.913043,103.000000
554,2,191.307692,104.730769
555,2,194.478261,93.434783
558,2,213.000000,98.400000
564,2,22.320000,114.320000
567,2,36.681818,106.000000
568,2,40.800000,105.240000
569,2,46.428571,109.047619
570,2,55.136364,113.136364
571,2,57.370370,105.296296
574,2,71.750000,108.250000
575,2,76.480000,105.760000
576,2,79.962963,109.555556
579,2,97.807692,101.884615
584,2,125.375000,104.791667
585,2,131.954545,107.363636
586,2,130.960000,112.280000
587,2,135.750000,113.083333
590,2,150.791667,103.958333
591,2,160.318182,109.818182
593,2,166.782609,106.695652
596,2,185.809524,106.952381
598,2,194.333333,107.416667
600,2,203.041667,108.708333
602,2,212.080000,102.760000
603,2,216.333333,106.583333
605,2,229.869565,105.826087
606,2,233.772727,108.500000
607,2,237.304348,106.652174
608,2,24.217391,117.043478
609,2,29.869565,115.521739
610,2,32.120000,107.800000
611,2,37.714286,111.035714
612,2,44.958333,114.333333
614,2,49.884615,115.769231
616,2,64.653846,114.038462
617,2,66.727273,110.045455
618,2,70.346154,114.153846
619,2,74.925926,111.037037
622,2,92.208333,112.416667
625,2,106.550000,110.100000
626,2,112.703704,110.629630
628,2,126.000000,109.423077
631,2,140.375000,112.791667
632,2,140.739130,117.260870
634,2,150.541667,108.333333
635,2,156.285714,106.952381
637,2,165.130435,110.173913
638,2,171.600000,110.080000
639,2,174.695652,112.913043
642,2,194.375000,111.500000
643,2,199.520000,110.800000
645,2,208.304348,110.739130
647,2,213.083333,110.583333
649,2,226.500000,109.208333
651,2,236.217391,112.782609
653,2,27.772727,120.272727
655,2,36.100000,116.200000
657,2,42.476190,110.142857
659,2,55.409091,116.954545
661,2,66.476190,118.619048
663,2,79.360000,114.480000
664,2,85.038462,117.615385
665,2,84.480000,112.920000
666,2,89.333333,114.523810
671,2,112.440000,117.880000
675,2,132.708333,118.083333
676,2,145.500000,122.500000
681,2,163.320000,118.920000
684,2,178.240000,116.880000
686,2,196.409091,116.500000
687,2,199.904762,115.142857
690,2,208.391304,114.956522
692,2,216.434783,120.000000
693,2,223.000000,118.916667
694,2,230.521739,111.826087
696,2,23.600000,122.520000
697,2,30.304348,124.217391
698,2,33.000000,119.478261
700,2,40.280000,116.480000
702,2,51.565217,128.478261
703,2,54.086957,120.434783
705,2,70.560000,119.920000
706,2,63.041667,126.125000
707,2,77.608696,123.478261
708,2,79.230769,119.269231
709,2,88.148148,121.333333
711,2,92.481481,121.777778
712,2,98.000000,122.000000
714,2,112.846154,123.461538
719,2,136.260870,119.608696
720,2,140.863636,121.272727
723,2,160.695652,122.000000
725,2,165.916667,124.208333
728,2,179.652174,123.086957
737,2,219.625000,122.041667
739,2,234.153846,116.500000
740,2,21.521739,130.217391
742,2,35.636364,126.636364
745,2,47.791667,126.416667
747,2,66.000000,128.160000
749,2,65.916667,122.333333
752,2,83.272727,122.409091
755,2,95.565217,125.652174
756,2,107.423077,127.769231
758,2,113.083333,128.916667
761,2,127.961538,130.807692
764,2,144.600000,127.000000
768,2,161.000000,126.458333
774,2,188.960000,133.920000
775,2,196.423077,128.692308
779,2,220.000000,126.640000
780,2,217.200000,130.880000
782,2,235.307692,133.807692
783,2,232.080000,127.240000
786,2,32.000000,129.600000
787,2,36.333333,131.666667
789,2,51.925926,136.370370
791,2,58.615385,131.230769
794,2,66.640000,132.800000
795,2,70.125000,128.583333
796,2,81.782609,134.217391
798,2,98.444444,133.185185
799,2,100.166667,127.041667
801,2,108.041667,132.166667
802,2,112.727273,133.681818
803,2,117.333333,131.250000
804,2,122.095238,137.142857
805,2,122.520000,133.200000
806,2,132.500000,128.500000
809,2,142.884615,133.000000
812,2,162.200000,131.160000
814,2,166.538462,132.153846
818,2,192.260870,131.217391
821,2,205.913043,132.826087
826,2,231.454545,131.863636
829,2,30.047619,134.523810
830,2,34.318182,135.818182
834,2,53.153846,132.423077
835,2,60.269231,136.653846
838,2,72.043478,133.826087
839,2,76.740741,134.925926
846,2,112.750000,138.291667
847,2,117.160000,136.960000
850,2,132.260870,134.347826
851,2,136.541667,133.333333
852,2,144.222222,137.481481
854,2,152.846154,139.115385
856,2,158.347826,132.695652
860,2,185.409091,130.272727
864,2,203.578947,137.052632
865,2,208.629630,136.962963
867,2,219.423077,135.923077
868,2,222.240000,133.160000
869,2,227.291667,134.958333
870,2,227.080000,140.240000
871,2,235.500000,141.291667
872,2,23.458333,144.541667
875,2,35.652174,141.086957
876,2,40.538462,143.307692
878,2,56.318182,138.818182
879,2,60.166667,142.666667
881,2,71.347826,143.434783
885,2,87.125000,147.375000
886,2,92.090909,138.227273
887,2,97.833333,139.958333
888,2,97.692308,145.384615
889,2,108.904762,145.714286
890,2,113.208333,142.875000
891,2,117.208333,146.458333
892,2,119.230769,141.884615
895,2,138.772727,137.409091
897,2,146.541667,140.625000
898,2,157.272727,139.863636
907,2,194.695652,146.086957
915,2,237.391304,148.000000
916,2,21.130435,151.608696
922,2,55.916667,144.250000
927,2,72.576923,150.269231
928,2,82.047619,147.190476
930,2,92.708333,143.125000
934,2,113.227273,147.636364
938,2,135.000000,149.884615
942,2,147.040000,149.440000
944,2,162.769231,149.423077
945,2,162.590909,144.318182
949,2,188.923077,150.038462
951,2,194.625000,150.375000
952,2,198.090909,143.545455
953,2,207.500000,141.500000
954,2,211.629630,150.888889
957,2,227.800000,146.320000
958,2,231.583333,142.833333
961,2,32.291667,149.208333
962,2,37.880000,147.160000
963,2,36.440000,151.040000
964,2,38.040000,155.760000
966,2,49.500000,152.916667
969,2,67.230769,153.730769
970,2,70.869565,156.043478
974,2,88.291667,152.625000
977,2,107.809524,150.619048
978,2,111.481481,152.777778
979,2,116.480000,152.320000
982,2,129.846154,151.807692
983,2,140.730769,151.846154
984,2,138.304348,157.217391
988,2,162.360000,154.680000
990,2,167.520000,147.560000
994,2,196.130435,154.434783
995,2,200.107143,148.785714
1004,2,22.863636,156.954545
1006,2,33.480000,155.880000
1008,2,43.884615,158.153846
1009,2,44.000000,154.045455
1010,2,48.916667,156.625000
1014,2,66.952381,158.809524
1016,2,83.884615,152.307692
1017,2,88.666667,157.166667
1020,2,106.000000,155.652174
1022,2,114.708333,158.708333
1023,2,118.142857,155.523810
1026,2,132.080000,157.360000
1027,2,136.040000,154.200000
1028,2,137.833333,162.916667
1029,2,146.680000,153.360000
1030,2,151.250000,155.600000
1032,2,160.125000,158.708333
1034,2,171.375000,161.208333
1035,2,176.545455,160.090909
1036,2,181.880000,157.520000
1037,2,183.120000,153.320000
1039,2,196.772727,157.727273
1041,2,201.227273,154.818182
1042,2,209.615385,156.500000
1048,2,26.086957,159.826087
1050,2,35.347826,162.217391
1053,2,54.791667,154.708333
1054,2,56.545455,159.318182
1059,2,84.347826,158.043478
1060,2,87.869565,162.826087
1062,2,99.760000,162.280000
1068,2,128.875000,168.625000
1069,2,128.458333,163.583333
1070,2,132.916667,161.958333
1075,2,163.208333,162.291667
1077,2,171.384615,166.576923
1078,2,181.750000,161.666667
1081,2,190.727273,161.045455
1082,2,195.760000,162.160000
1083,2,201.791667,160.625000
1084,2,204.777778,156.222222
1087,2,229.954545,164.636364
1091,2,28.772727,163.363636
1092,2,32.923077,167.038462
1093,2,38.280000,167.200000
1099,2,66.520000,163.080000
1101,2,83.708333,163.166667
1103,2,90.791667,166.125000
1105,2,97.714286,166.333333
1106,2,105.958333,161.208333
1107,2,108.269231,165.384615
1109,2,118.333333,165.916667
1110,2,122.625000,167.958333
1112,2,133.318182,166.363636
1118,2,160.760000,166.080000
1119,2,166.807692,165.153846
1121,2,175.875000,164.833333
1124,2,191.217391,165.913043
1125,2,196.125000,167.958333
1126,2,199.238095,164.809524
1127,2,203.652174,165.130435
1132,2,232.043478,168.695652
1135,2,39.086957,172.913043
1139,2,53.360000,172.600000
1140,2,58.125000,172.250000
1145,2,90.444444,172.074074
1146,2,94.500000,167.666667
1151,2,117.259259,171.111111
1153,2,122.800000,171.880000
1155,2,132.320000,171.680000
1157,2,149.296296,171.629630
1160,2,158.107143,175.321429
1164,2,181.083333,165.916667
1165,2,185.708333,178.666667
1168,2,200.434783,171.304348
1169,2,207.500000,168.500000
1170,2,204.041667,171.291667
1171,2,211.875000,170.041667
1174,2,231.521739,173.608696
1176,2,42.695652,171.434783
1178,2,47.761905,174.476190
1179,2,51.071429,178.392857
1180,2,57.320000,176.560000
1181,2,62.840000,177.960000
1183,2,71.695652,178.913043
1184,2,75.086957,181.217391
1185,2,77.458333,174.875000
1188,2,97.038462,180.615385
1191,2,109.956522,182.695652
1197,2,144.760000,173.440000
1198,2,149.692308,176.961538
1199,2,155.080000,172.240000
1200,2,154.125000,177.500000
1202,2,167.173913,178.086957
1204,2,176.807692,176.384615
1206,2,187.320000,182.880000
1210,2,205.666667,176.583333
1211,2,209.760000,173.680000
1216,2,35.115385,183.461538
1217,2,39.807692,181.423077
1220,2,58.173913,180.869565
1221,2,63.608696,182.434783
1222,2,67.880000,181.040000
1227,2,90.680000,178.920000
1230,2,105.863636,184.090909
1233,2,129.500000,189.461538
1235,2,135.230769,183.076923
1236,2,137.961538,187.692308
1238,2,145.137931,179.586207
1244,2,172.480000,175.960000
1245,2,181.916667,178.958333
1246,2,185.772727,188.545455
1249,2,200.652174,178.565217
1250,2,203.400000,181.320000
1256,2,43.434783,183.260870
1257,2,48.869565,187.608696
1258,2,53.869565,189.826087
1262,2,73.407407,184.888889
1263,2,75.640000,191.440000
1265,2,93.333333,182.083333
1266,2,94.291667,187.375000
1267,2,98.846154,186.076923
1268,2,101.956522,181.652174
1269,2,102.583333,188.416667
1272,2,123.833333,184.000000
1274,2,129.600000,183.720000
1275,2,136.730769,194.538462
1278,2,149.846154,187.576923
1279,2,155.800000,182.560000
1280,2,160.125000,181.000000
1284,2,182.400000,184.840000
1286,2,195.958333,187.541667
1287,2,200.800000,185.880000
1289,2,205.083333,189.583333
1290,2,207.083333,185.708333
1292,2,226.954545,183.318182
1295,2,48.916667,192.083333
1297,2,54.880000,194.000000
1298,2,62.521739,192.347826
1299,2,63.666667,186.761905
1301,2,76.222222,188.000000
1302,2,81.583333,190.958333
1309,2,119.520000,184.320000
1312,2,133.500000,188.500000
1314,2,144.040000,192.640000
1316,2,153.576923,188.461538
1322,2,181.120000,189.240000
1323,2,179.250000,193.208333
1325,2,199.565217,190.826087
1326,2,203.600000,193.840000
1330,2,220.071429,189.000000
1331,2,45.360000,197.400000
1335,2,58.782609,190.130435
1336,2,66.375000,195.291667
1338,2,75.956522,195.304348
1339,2,81.909091,196.045455
1340,2,86.541667,196.291667
1343,2,98.666667,201.833333
1345,2,106.160000,199.480000
1348,2,129.173913,199.869565
1349,2,128.818182,195.863636
1350,2,132.956522,193.913043
1351,2,140.086957,193.956522
1355,2,162.000000,200.440000
1357,2,173.130435,194.347826
1358,2,177.956522,195.913043
1362,2,198.153846,195.961538
1363,2,203.826087,198.130435
1366,2,215.958333,201.833333
1367,2,50.071429,197.642857
1368,2,50.000000,202.461538
1369,2,56.916667,204.083333
1371,2,68.541667,199.708333
1372,2,72.916667,201.750000
1373,2,77.833333,198.958333
1374,2,82.777778,201.037037
1375,2,87.666667,201.190476
1376,2,90.434783,204.434783
1377,2,93.666667,201.370370
1379,2,103.590909,203.636364
1382,2,124.695652,200.913043
1383,2,130.185185,205.111111
1388,2,150.869565,208.000000
1390,2,160.000000,204.846154
1393,2,181.136364,202.045455
1395,2,185.739130,202.086957
1396,2,193.434783,199.391304
1397,2,198.260870,200.130435
1399,2,205.863636,208.318182
1400,2,206.333333,205.000000
1401,2,60.782609,207.086957
1404,2,70.833333,205.916667
1405,2,77.166667,203.958333
1412,2,98.518519,206.037037
1416,2,124.880000,205.600000
1417,2,131.619048,213.000000
1421,2,155.444444,208.518519
1423,2,160.304348,209.521739
1425,2,164.920000,205.400000
1426,2,181.320000,206.560000
1428,2,187.250000,207.083333
1429,2,189.520000,200.320000
1435,2,65.391304,204.304348
1440,2,86.666667,207.416667
1442,2,106.576923,206.653846
1447,2,128.000000,209.541667
1448,2,126.346154,212.692308
1449,2,138.727273,214.454545
1451,2,147.916667,211.958333
1452,2,155.320000,218.040000
1453,2,156.625000,213.666667
1455,2,165.269231,213.000000
1459,2,191.826087,205.000000
1461,2,193.115385,213.846154
1462,2,197.409091,213.727273
1466,2,69.227273,222.409091
1470,2,99.833333,221.750000
1473,2,111.545455,217.681818
1474,2,116.833333,217.458333
1476,2,128.240000,217.200000
1479,2,143.041667,216.041667
1481,2,151.363636,214.090909
1482,2,161.708333,214.958333
1484,2,172.307692,220.423077
1485,2,170.185185,215.000000
1487,2,180.826087,217.869565
1488,2,185.040000,218.960000
1495,2,85.000000,227.857143
1499,2,106.565217,221.347826
1501,2,112.440000,222.280000
1504,2,133.208333,226.416667
1505,2,137.727273,227.227273
1506,2,136.285714,222.761905
1507,2,147.571429,217.428571
1508,2,146.461538,222.576923
1509,2,151.625000,220.291667
1514,2,181.913043,223.391304
1516,2,187.291667,222.625000
1517,2,75.040000,225.960000
1518,2,80.250000,226.550000
1519,2,88.800000,228.080000
1521,2,100.760000,225.320000
1522,2,103.434783,231.913043
1525,2,116.818182,222.363636
1528,2,130.782609,221.782609
1530,2,141.791667,219.958333
1533,2,161.434783,230.782609
1535,2,164.583333,232.666667
1537,2,174.730769,227.115385
1538,2,179.333333,227.208333
1539,2,93.407407,232.777778
1541,2,100.565217,228.913043
1543,2,106.840000,226.280000
1544,2,113.666667,232.125000
1549,2,136.625000,231.625000
1556,2,169.640000,231.000000
1558,2,99.681818,234.954545
1559,2,102.913043,237.956522
1565,2,133.652174,236.000000
1570,2,159.375000,237.125000
1,1,100.833333,32.458333
3,1,117.777778,22.074074
4,1,121.458333,28.750000
8,1,140.166667,24.291667
11,1,149.040000,28.040000
17,1,103.200000,26.360000
20,1,118.750000,28.000000
21,1,126.423077,26.923077
24,1,145.523810,23.523810
25,1,144.000000,28.541667
27,1,174.115385,33.461538
28,1,165.038462,38.153846
29,1,161.333333,34.185185
30,1,162.555556,27.666667
32,1,89.565217,40.695652
33,1,89.600000,44.000000
35,1,102.038462,36.153846
36,1,106.423077,33.423077
37,1,107.478261,38.956522
40,1,120.409091,24.454545
43,1,143.678571,32.214286
44,1,139.571429,29.178571
48,1,172.280000,36.080000
49,1,161.920000,40.600000
50,1,164.545455,45.590909
52,1,180.192308,33.384615
54,1,71.160000,46.440000
56,1,83.291667,38.041667
59,1,102.086957,39.652174
60,1,108.680000,39.120000
64,1,124.444444,32.148148
68,1,145.136364,38.954545
69,1,150.565217,42.695652
70,1,157.750000,37.875000
71,1,165.913043,29.434783
72,1,161.320000,49.640000
73,1,169.541667,44.708333
74,1,167.960000,32.800000
75,1,170.500000,40.250000
80,1,74.074074,43.629630
83,1,85.869565,44.434783
86,1,107.920000,29.840000
95,1,149.518519,39.592593
97,1,145.708333,46.166667
99,1,170.565217,40.391304
102,1,180.640000,38.680000
104,1,191.923077,42.769231
105,1,186.076923,42.269231
106,1,64.640000,45.520000
107,1,68.200000,42.720000
108,1,67.166667,48.166667
111,1,84.956522,43.695652
112,1,87.782609,37.217391
116,1,108.166667,47.041667
119,1,127.320000,47.080000
120,1,119.920000,54.680000
121,1,130.480000,48.720000
123,1,139.520000,52.880000
124,1,148.739130,53.217391
126,1,145.666667,36.333333
127,1,152.200000,47.360000
128,1,163.500000,54.750000
129,1,180.400000,53.920000
141,1,79.280000,59.840000
143,1,87.458333,58.791667
145,1,96.166667,53.375000
147,1,106.760000,60.760000
148,1,118.590909,62.454545
149,1,111.791667,52.041667
150,1,118.482759,49.758621
152,1,123.400000,47.760000
154,1,143.038462,44.269231
156,1,157.760000,47.480000
157,1,163.772727,57.227273
158,1,159.565217,51.260870
159,1,172.565217,44.869565
160,1,171.080000,54.520000
161,1,173.600000,48.240000
163,1,176.125000,57.416667
164,1,192.000000,55.423077
165,1,188.680000,51.960000
168,1,46.730769,59.230769
169,1,51.727273,58.045455
172,1,73.466667,59.666667
174,1,82.565217,70.608696
175,1,83.800000,62.520000
176,1,85.269231,49.730769
178,1,99.120000,56.360000
180,1,106.520000,66.200000
182,1,125.500000,62.000000
186,1,126.724138,51.482759
187,1,143.800000,56.160000
189,1,147.269231,50.576923
191,1,168.040000,50.160000
193,1,171.500000,60.076923
194,1,182.285714,66.714286
196,1,182.375000,51.291667
198,1,196.200000,55.840000
199,1,196.333333,56.370370
205,1,56.739130,67.347826
207,1,79.000000,67.400000
208,1,67.120000,69.000000
209,1,80.461538,64.576923
210,1,86.200000,59.240000
212,1,86.857143,51.821429
215,1,113.888889,72.518519
217,1,116.652174,55.826087
218,1,113.000000,68.296296
220,1,139.961538,67.884615
222,1,142.480000,49.200000
224,1,155.240000,53.560000
226,1,160.185185,62.296296
228,1,178.125000,65.958333
229,1,172.318182,55.863636
234,1,199.500000,54.863636
237,1,216.153846,68.076923
238,1,46.481481,73.518519
239,1,42.708333,68.875000
241,1,61.280000,70.800000
242,1,66.880000,62.480000
243,1,63.500000,63.807692
246,1,75.962963,75.555556
249,1,98.666667,64.518519
250,1,106.807692,68.346154
251,1,98.192308,67.692308
253,1,121.518519,61.222222
254,1,129.461538,64.923077
255,1,120.166667,71.541667
256,1,132.458333,71.166667
258,1,135.730769,68.307692
261,1,161.560000,66.320000
262,1,159.583333,72.958333
264,1,170.961538,71.615385
265,1,169.960000,63.160000
267,1,185.653846,69.500000
270,1,194.041667,72.125000
272,1,212.840000,72.600000
273,1,214.560000,70.480000
274,1,220.000000,69.083333
275,1,37.962963,71.370370
276,1,39.916667,74.500000
277,1,47.291667,69.583333
279,1,59.444444,73.407407
281,1,69.407407,65.592593
282,1,81.560000,76.000000
283,1,79.130435,74.217391
288,1,102.727273,77.136364
289,1,107.384615,72.461538
290,1,119.818182,77.318182
291,1,120.320000,75.960000
292,1,117.880000,68.280000
293,1,125.708333,69.416667
294,1,129.230769,74.884615
295,1,125.360000,69.080000
298,1,161.875000,71.750000
301,1,166.250000,76.892857
302,1,175.217391,65.478261
303,1,171.833333,75.708333
305,1,199.833333,75.791667
307,1,186.875000,75.083333
310,1,207.115385,73.115385
311,1,217.130435,75.130435
312,1,213.541667,87.666667
313,1,32.142857,80.357143
315,1,55.666667,72.333333
316,1,41.714286,79.428571
318,1,57.107143,81.571429
319,1,60.615385,79.923077
322,1,70.434783,73.217391
323,1,81.583333,80.375000
324,1,82.200000,80.280000
326,1,103.954545,91.727273
328,1,101.000000,70.192308
330,1,100.727273,73.954545
331,1,115.363636,79.818182
332,1,126.333333,72.875000
335,1,152.040000,81.560000
337,1,146.960000,76.760000
339,1,176.666667,73.041667
342,1,174.692308,69.000000
343,1,177.153846,79.461538
345,1,190.423077,71.961538
346,1,202.807692,80.769231
347,1,215.260870,85.695652
348,1,201.434783,73.695652
350,1,215.250000,80.416667
353,1,29.869565,85.347826
355,1,38.826087,78.173913
359,1,59.230769,91.730769
360,1,69.440000,85.360000
363,1,75.476190,75.809524
364,1,85.541667,82.375000
366,1,98.875000,83.333333
367,1,104.458333,97.875000
369,1,109.200000,82.880000
376,1,151.307692,77.576923
377,1,147.240000,81.800000
380,1,173.960000,83.120000
381,1,177.962963,85.444444
382,1,176.840000,87.040000
387,1,204.000000,88.047619
389,1,205.888889,78.333333
390,1,212.625000,93.791667
393,1,34.666667,75.916667
394,1,35.166667,90.500000
396,1,43.708333,84.416667
400,1,60.730769,92.153846
401,1,63.730769,89.692308
402,1,67.321429,85.571429
403,1,68.440000,80.960000
404,1,85.458333,105.083333
406,1,88.791667,85.833333
408,1,111.360000,92.640000
412,1,128.576923,89.769231
413,1,134.346154,87.000000
414,1,129.363636,86.863636
415,1,140.217391,87.173913
417,1,148.142857,86.107143
420,1,169.285714,93.380952
421,1,164.884615,86.384615
422,1,158.181818,89.136364
424,1,186.320000,94.840000
426,1,196.653846,84.192308
427,1,196.760000,78.800000
430,1,201.782609,84.565217
434,1,221.666667,93.407407
435,1,33.240000,86.280000
436,1,29.708333,92.500000
437,1,26.913043,91.434783
439,1,46.720000,101.720000
441,1,60.962963,85.407407
442,1,53.600000,94.200000
446,1,82.720000,90.240000
447,1,83.480000,86.400000
450,1,103.750000,100.833333
451,1,112.708333,97.583333
458,1,140.615385,98.000000
461,1,161.185185,91.000000
463,1,165.360000,91.640000
464,1,176.227273,98.500000
465,1,169.478261,87.173913
467,1,181.916667,98.916667
468,1,185.181818,91.818182
470,1,196.608696,98.956522
472,1,207.920000,85.480000
473,1,219.750000,92.875000
474,1,219.047619,96.476190
475,1,229.038462,92.961538
480,1,44.500000,93.384615
493,1,107.960000,91.200000
494,1,120.130435,102.304348
495,1,115.045455,94.954545
500,1,141.500000,91.884615
502,1,144.291667,110.000000
503,1,157.461538,94.730769
505,1,170.333333,94.370370
506,1,174.565217,91.739130
507,1,172.916667,101.875000
508,1,174.961538,98.692308
512,1,202.130435,101.347826
514,1,208.851852,90.629630
524,1,42.615385,99.269231
525,1,50.040000,109.200000
526,1,45.833333,102.416667
531,1,74.958333,96.500000
533,1,84.181818,94.090909
535,1,97.125000,108.583333
536,1,109.814815,106.074074
537,1,109.076923,97.153846
540,1,118.772727,96.818182
545,1,150.608696,99.695652
546,1,156.407407,97.814815
552,1,181.652174,112.565217
556,1,202.307692,97.423077
557,1,207.173913,102.608696
559,1,223.481481,104.592593
560,1,219.142857,110.428571
561,1,221.166667,111.833333
562,1,236.173913,100.260870
563,1,232.480000,102.360000
565,1,27.375000,110.916667
566,1,32.320000,112.400000
572,1,61.148148,116.407407
573,1,67.791667,105.500000
577,1,87.260870,98.652174
578,1,86.846154,108.692308
580,1,100.615385,105.500000
581,1,112.095238,103.666667
582,1,107.600000,114.400000
583,1,105.320000,104.200000
588,1,145.653846,101.076923
589,1,143.260870,105.565217
592,1,160.653846,112.923077
594,1,181.125000,105.375000
595,1,179.291667,104.916667
597,1,186.739130,110.782609
599,1,196.521739,102.956522
601,1,201.192308,104.615385
604,1,220.038462,110.384615
613,1,49.909091,105.045455
615,1,54.291667,108.208333
620,1,92.840000,106.680000
621,1,98.480000,115.680000
623,1,99.000000,110.458333
624,1,102.960000,118.400000
627,1,120.541667,112.833333
629,1,127.880000,121.520000
630,1,125.423077,114.461538
633,1,141.037037,103.222222
636,1,149.875000,112.625000
640,1,185.916667,112.125000
641,1,188.407407,119.888889
644,1,209.115385,106.769231
646,1,208.652174,121.086957
648,1,225.518519,103.259259
650,1,226.653846,114.769231
652,1,25.703704,127.888889
654,1,36.464286,122.250000
656,1,44.500000,119.000000
658,1,49.888889,121.925926
660,1,59.074074,110.333333
662,1,74.720000,118.160000
667,1,89.040000,103.160000
668,1,94.076923,116.730769
669,1,102.192308,112.653846
670,1,105.083333,123.458333
672,1,114.846154,115.000000
673,1,118.480000,110.080000
674,1,126.125000,126.500000
677,1,147.375000,111.875000
678,1,149.913043,118.652174
679,1,155.333333,123.541667
680,1,156.307692,114.576923
682,1,176.320000,133.680000
683,1,167.653846,115.423077
685,1,188.714286,115.619048
688,1,205.250000,126.333333
689,1,202.500000,121.035714
691,1,212.590909,117.636364
695,1,235.080000,120.480000
699,1,43.200000,132.360000
701,1,41.807692,128.230769
704,1,57.181818,122.772727
710,1,86.840000,125.840000
713,1,108.400000,121.480000
715,1,125.960000,119.240000
716,1,118.703704,120.296296
717,1,121.363636,117.318182
718,1,122.789474,128.947368
721,1,145.583333,115.625000
722,1,155.076923,128.000000
724,1,171.583333,118.333333
726,1,169.521739,121.130435
727,1,175.000000,123.931034
729,1,182.826087,120.304348
730,1,194.666667,120.541667
731,1,186.217391,118.652174
732,1,191.896552,122.793103
733,1,204.111111,116.111111
734,1,200.280000,125.840000
735,1,214.153846,129.115385
736,1,224.695652,124.695652
738,1,228.760000,121.120000
741,1,25.960000,132.840000
743,1,39.615385,138.307692
744,1,40.000000,124.416667
746,1,59.833333,122.166667
748,1,73.178571,125.000000
750,1,78.043478,127.826087
751,1,76.913043,130.565217
753,1,85.080000,135.720000
754,1,92.200000,129.720000
757,1,105.480000,122.560000
759,1,117.652174,124.304348
760,1,129.840000,120.920000
762,1,136.115385,126.000000
763,1,148.640000,127.000000
765,1,152.720000,120.520000
766,1,156.629630,113.851852
767,1,153.217391,122.652174
769,1,171.521739,118.478261
770,1,174.185185,127.000000
771,1,184.666667,125.703704
772,1,181.727273,130.681818
773,1,191.666667,127.000000
776,1,199.090909,120.409091
777,1,214.000000,116.360000
778,1,209.440000,127.800000
781,1,228.884615,120.461538
784,1,29.791667,138.916667
785,1,24.500000,133.833333
788,1,45.074074,123.629630
790,1,56.666667,127.208333
792,1,63.923077,134.461538
793,1,69.608696,138.652174
797,1,88.333333,129.333333
800,1,103.923077,133.769231
807,1,137.960000,128.920000
808,1,139.640000,125.600000
810,1,151.037037,132.925926
811,1,154.960000,133.320000
813,1,163.148148,140.148148
815,1,178.423077,130.384615
816,1,187.692308,146.384615
817,1,179.583333,143.000000
819,1,200.222222,131.740741
820,1,190.185185,138.037037
822,1,213.120000,123.560000
823,1,212.625000,140.125000
824,1,224.916667,129.958333
825,1,230.160000,125.840000
827,1,231.416667,137.000000
828,1,22.730769,136.730769
831,1,43.518519,135.629630
832,1,51.791667,141.208333
833,1,47.545455,133.227273
836,1,64.391304,139.869565
837,1,65.384615,145.153846
840,1,83.520000,129.600000
841,1,91.280000,135.960000
842,1,86.739130,142.043478
843,1,101.347826,138.478261
844,1,94.115385,133.538462
845,1,104.480000,136.520000
848,1,120.538462,126.423077
849,1,123.958333,143.500000
853,1,148.130435,134.173913
855,1,152.375000,150.833333
857,1,169.307692,128.307692
858,1,177.800000,137.400000
859,1,183.000000,135.833333
861,1,193.291667,139.708333
862,1,198.916667,135.666667
863,1,199.160000,134.000000
866,1,211.640000,133.240000
873,1,27.521739,147.739130
874,1,30.958333,144.416667
877,1,53.250000,147.583333
880,1,77.653846,148.538462
882,1,80.727273,141.590909
883,1,74.375000,139.375000
884,1,83.541667,143.750000
893,1,125.480000,147.720000
894,1,136.961538,140.384615
896,1,142.360000,143.560000
899,1,161.800000,136.120000
900,1,154.720000,143.360000
901,1,169.120000,139.360000
902,1,167.173913,137.391304
903,1,171.892857,135.892857
904,1,174.750000,141.166667
905,1,187.333333,143.962963
906,1,183.625000,139.291667
908,1,202.884615,143.192308
909,1,194.916667,139.791667
910,1,215.400000,147.000000
911,1,214.791667,139.541667
912,1,221.100000,150.850000
913,1,222.000000,140.760000
914,1,222.720000,145.080000
917,1,28.923077,142.000000
918,1,44.076923,146.038462
919,1,43.320000,148.520000
920,1,45.653846,150.615385
921,1,45.826087,139.565217
923,1,59.708333,149.500000
924,1,66.040000,147.040000
925,1,73.222222,145.851852
926,1,78.080000,156.480000
929,1,82.851852,139.333333
931,1,102.173913,149.217391
932,1,103.416667,147.583333
933,1,107.520000,138.840000
935,1,123.320000,159.360000
936,1,126.555556,145.074074
937,1,130.160000,147.000000
939,1,136.360000,145.600000
940,1,133.000000,140.960000
941,1,141.923077,147.461538
943,1,158.375000,148.333333
946,1,172.000000,151.173913
947,1,170.260870,143.217391
948,1,174.791667,146.625000
950,1,182.913043,148.391304
955,1,212.333333,145.555556
956,1,218.541667,142.916667
959,1,235.777778,154.777778
960,1,26.791667,152.000000
965,1,45.807692,142.730769
967,1,59.565217,153.521739
968,1,61.434783,158.391304
971,1,76.440000,156.240000
972,1,76.833333,153.708333
973,1,92.259259,148.111111
975,1,100.444444,153.296296
976,1,105.041667,143.333333
980,1,128.869565,138.956522
981,1,121.545455,151.454545
985,1,125.296296,138.407407
986,1,154.375000,147.416667
987,1,148.777778,145.037037
989,1,177.458333,155.166667
991,1,170.884615,156.807692
992,1,179.318182,147.318182
993,1,176.384615,151.653846
996,1,205.461538,147.307692
997,1,221.541667,150.916667
998,1,226.086957,170.608696
999,1,216.000000,152.080000
1000,1,218.347826,162.347826
1001,1,220.000000,155.520000
1002,1,226.608696,150.608696
1003,1,234.080000,148.520000
1005,1,26.884615,153.653846
1007,1,39.520000,160.520000
1011,1,58.541667,149.625000
1012,1,60.291667,163.250000
1013,1,62.607143,172.285714
1015,1,75.041667,160.916667
1018,1,94.037037,156.740741
1019,1,99.727273,153.772727
1021,1,113.458333,163.666667
1024,1,126.363636,154.454545
1025,1,126.333333,157.500000
1031,1,156.520000,152.760000
1033,1,167.703704,152.925926
1038,1,190.833333,154.208333
1040,1,206.652174,151.521739
1043,1,216.730769,162.884615
1044,1,226.956522,160.043478
1045,1,215.384615,156.384615
1046,1,231.960000,150.800000
1047,1,233.160000,162.160000
1049,1,30.818182,159.818182
1051,1,49.692308,164.115385
1052,1,51.928571,161.821429
1055,1,63.000000,154.680000
1056,1,68.043478,175.043478
1057,1,86.440000,176.120000
1058,1,69.739130,170.956522
1061,1,93.521739,152.173913
1063,1,110.259259,158.814815
1064,1,98.800000,156.640000
1065,1,119.041667,160.458333
1066,1,109.640000,168.440000
1067,1,123.681818,163.681818
1071,1,152.538462,163.423077
1072,1,156.800000,162.600000
1073,1,145.400000,161.080000
1074,1,153.703704,157.666667
1076,1,166.347826,158.043478
1079,1,188.851852,156.814815
1080,1,186.086957,164.086957
1085,1,209.321429,162.285714
1086,1,215.090909,160.636364
1088,1,214.120000,166.240000
1089,1,231.750000,157.375000
1090,1,225.708333,167.458333
1094,1,46.913043,170.565217
1095,1,43.720000,165.160000
1096,1,67.434783,167.391304
1097,1,56.400000,166.600000
1098,1,71.461538,163.115385
1100,1,81.307692,171.730769
1102,1,80.041667,162.208333
1104,1,94.038462,161.000000
1108,1,104.333333,178.142857
1111,1,140.076923,178.115385
1113,1,143.230769,159.230769
1114,1,139.920000,167.080000
1115,1,146.555556,166.777778
1116,1,143.653846,167.615385
1117,1,157.521739,168.869565
1120,1,170.043478,169.869565
1122,1,188.040000,167.600000
1123,1,183.928571,167.928571
1128,1,219.347826,168.043478
1129,1,216.200000,167.640000
1130,1,227.040000,175.080000
1131,1,219.083333,172.625000
1133,1,30.272727,169.454545
1134,1,31.565217,175.173913
1136,1,34.173913,172.347826
1137,1,50.576923,168.153846
1138,1,47.000000,180.920000
1141,1,62.269231,166.692308
1142,1,76.318182,167.454545
1143,1,82.782609,168.304348
1144,1,86.291667,169.791667
1147,1,101.520000,169.240000
1148,1,113.375000,176.458333
1149,1,98.869565,174.826087
1150,1,112.760000,170.520000
1152,1,124.083333,176.625000
1154,1,130.791667,179.250000
1156,1,140.500000,182.730769
1158,1,146.615385,160.923077
1159,1,151.125000,165.416667
1161,1,164.640000,170.440000
1162,1,177.692308,171.038462
1163,1,183.925926,173.629630
1166,1,196.791667,172.791667
1167,1,191.760000,175.000000
1172,1,221.000000,182.035714
1173,1,229.576923,157.115385
1175,1,35.444444,177.592593
1177,1,43.880000,163.520000
1182,1,68.041667,168.333333
1186,1,87.760000,185.720000
1187,1,91.375000,174.750000
1189,1,96.272727,174.318182
1190,1,104.370370,174.444444
1192,1,110.884615,178.576923
1193,1,118.520000,178.360000
1194,1,125.166667,175.791667
1195,1,133.464286,176.714286
1196,1,138.347826,170.913043
1201,1,162.208333,175.750000
1203,1,172.360000,171.760000
1205,1,178.833333,179.416667
1207,1,193.750000,182.208333
1208,1,192.520000,178.160000
1209,1,191.440000,172.000000
1212,1,217.458333,176.833333
1213,1,221.692308,178.153846
1214,1,224.360000,159.960000
1215,1,32.347826,177.304348
1218,1,51.423077,181.961538
1219,1,43.000000,176.600000
1223,1,80.458333,183.333333
1224,1,83.476190,186.523810
1225,1,86.076923,181.461538
1226,1,81.136364,173.090909
1228,1,104.000000,166.458333
1229,1,107.160000,173.200000
1231,1,114.916667,187.916667
1232,1,116.115385,179.769231
1234,1,125.760000,178.840000
1237,1,137.480000,174.200000
1239,1,150.291667,182.333333
1240,1,165.480000,179.360000
1241,1,172.520000,189.640000
1242,1,167.576923,193.461538
1243,1,171.777778,178.444444
1247,1,192.038462,186.384615
1248,1,195.851852,179.888889
1251,1,212.200000,178.440000
1252,1,208.793103,181.931034
1253,1,220.391304,174.304348
1254,1,228.760000,179.280000
1255,1,36.320000,188.240000
1259,1,58.208333,185.750000
1260,1,73.120000,174.160000
1261,1,67.307692,190.230769
1264,1,80.478261,179.347826
1270,1,116.652174,190.217391
1271,1,111.480000,196.040000
1273,1,123.450000,191.350000
1276,1,142.920000,186.880000
1277,1,146.041667,186.000000
1281,1,166.629630,198.222222
1282,1,163.440000,185.520000
1283,1,176.600000,185.640000
1285,1,189.565217,192.173913
1288,1,211.041667,192.500000
1291,1,214.478261,182.652174
1293,1,42.480000,186.720000
1294,1,41.520000,193.200000
1296,1,54.181818,184.636364
1300,1,69.461538,188.307692
1303,1,94.875000,192.708333
1304,1,88.375000,192.000000
1305,1,88.666667,188.541667
1306,1,104.375000,194.708333
1307,1,102.347826,193.521739
1308,1,114.962963,186.148148
1310,1,121.200000,197.240000
1311,1,120.560000,190.560000
1313,1,149.333333,199.500000
1315,1,157.769231,189.923077
1317,1,157.115385,198.961538
1318,1,159.636364,187.818182
1319,1,172.291667,184.416667
1320,1,174.320000,199.760000
1321,1,168.480000,183.240000
1324,1,193.913043,193.739130
1327,1,211.040000,200.120000
1328,1,214.160000,186.800000
1329,1,217.666667,185.541667
1332,1,43.807692,190.769231
1333,1,54.782609,198.391304
1334,1,60.600000,197.040000
1337,1,71.875000,196.083333
1341,1,90.913043,195.478261
1342,1,96.333333,195.541667
1344,1,111.480000,190.720000
1346,1,110.960000,203.560000
1347,1,124.708333,193.291667
1352,1,159.555556,195.444444
1353,1,146.500000,197.307692
1354,1,150.791667,194.166667
1356,1,161.440000,192.760000
1359,1,182.960000,196.720000
1360,1,186.080000,195.680000
1361,1,189.545455,191.000000
1364,1,212.043478,190.173913
1365,1,216.888889,196.407407
1370,1,57.333333,200.428571
1378,1,98.760000,213.760000
1380,1,107.166667,194.541667
1381,1,113.666667,198.833333
1384,1,133.916667,200.083333
1385,1,134.840000,207.040000
1386,1,141.869565,205.260870
1387,1,144.884615,208.192308
1389,1,153.230769,203.269231
1391,1,176.500000,203.625000
1392,1,170.680000,198.880000
1394,1,169.769231,204.423077
1398,1,212.291667,198.625000
1402,1,63.500000,200.666667
1403,1,63.370370,210.555556
1406,1,70.521739,209.826087
1407,1,93.423077,209.423077
1408,1,84.576923,221.384615
1409,1,97.041667,212.291667
1410,1,101.740741,196.000000
1411,1,114.040000,213.520000
1413,1,111.040000,208.240000
1414,1,114.444444,197.000000
1415,1,120.739130,202.260870
1418,1,140.153846,209.192308
1419,1,144.080000,198.840000
1420,1,139.560000,200.720000
1422,1,151.958333,195.833333
1424,1,167.080000,189.680000
1427,1,179.571429,213.535714
1430,1,200.384615,209.615385
1431,1,201.615385,204.423077
1432,1,209.583333,195.916667
1433,1,69.200000,211.720000
1434,1,67.608696,214.956522
1436,1,73.520000,219.400000
1437,1,68.045455,216.090909
1438,1,80.750000,213.583333
1439,1,82.791667,205.666667
1441,1,92.173913,220.521739
1443,1,116.400000,203.960000
1444,1,110.185185,214.740741
1445,1,120.120000,208.480000
1446,1,115.000000,210.545455
1450,1,148.666667,203.416667
1454,1,163.192308,223.923077
1456,1,173.400000,206.760000
1457,1,167.208333,209.541667
1458,1,186.076923,212.269231
1460,1,201.791667,202.625000
1463,1,75.333333,214.291667
1464,1,66.217391,216.869565
1465,1,81.809524,217.142857
1467,1,88.592593,214.888889
1468,1,87.583333,212.250000
1469,1,95.346154,222.846154
1471,1,93.000000,214.840000
1472,1,106.863636,214.545455
1475,1,121.423077,212.538462
1477,1,133.920000,217.080000
1478,1,135.956522,215.695652
1480,1,137.814815,207.296296
1483,1,159.960000,219.440000
1486,1,180.576923,210.230769
1489,1,195.560000,206.480000
1490,1,190.320000,210.440000
1491,1,79.307692,211.461538
1492,1,78.750000,220.833333
1493,1,83.208333,219.083333
1494,1,76.833333,207.958333
1496,1,87.269231,222.000000
1497,1,104.086957,211.652174
1498,1,103.000000,218.521739
1500,1,109.153846,228.730769
1502,1,123.166667,217.833333
1503,1,125.884615,222.500000
1510,1,159.230769,223.153846
1511,1,177.111111,221.222222
1512,1,174.217391,211.608696
1513,1,174.760000,215.240000
1515,1,189.434783,217.000000
1520,1,101.521739,213.217391
1523,1,114.321429,228.571429
1524,1,122.000000,230.125000
1526,1,127.608696,229.347826
1527,1,128.833333,235.208333
1529,1,142.181818,224.318182
1531,1,147.040000,230.240000
1532,1,157.392857,226.035714
1534,1,167.370370,220.000000
1536,1,170.107143,225.642857
1540,1,92.500000,222.666667
1542,1,107.760000,233.960000
1545,1,116.920000,237.000000
1546,1,119.958333,235.916667
1547,1,131.083333,231.000000
1548,1,143.160000,230.160000
1550,1,144.260870,237.043478
1551,1,156.440000,230.280000
1552,1,140.960000,232.480000
1553,1,149.642857,228.785714
1554,1,152.695652,225.739130
1555,1,166.200000,225.920000
1557,1,94.851852,228.851852
1560,1,110.560000,236.280000
1561,1,117.956522,229.086957
1562,1,120.615385,223.269231
1563,1,125.481481,228.740741
1564,1,123.370370,231.740741
1566,1,139.600000,236.680000
1567,1,149.458333,232.916667
1568,1,152.708333,235.500000
1569,1,154.880000,235.880000
