ID,type,x COM, y COM
2,2,107.185185,22.444444
6,2,126.739130,23.652174
7,2,132.826087,25.869565
8,2,137.680000,23.680000
9,2,142.200000,21.400000
11,2,153.320000,23.400000
14,2,94.760000,26.440000
17,2,109.560000,29.040000
19,2,114.625000,30.208333
20,2,122.880000,28.280000
21,2,127.695652,27.043478
24,2,141.642857,27.142857
25,2,146.478261,26.521739
26,2,151.280000,26.640000
27,2,157.125000,27.958333
28,2,162.913043,23.608696
29,2,165.080000,28.160000
30,2,169.153846,27.307692
31,2,75.478261,34.695652
34,2,90.173913,28.869565
35,2,94.666667,32.250000
36,2,100.640000,30.880000
38,2,111.680000,33.560000
40,2,123.565217,33.130435
41,2,127.800000,33.160000
42,2,131.333333,30.708333
45,2,147.583333,31.166667
46,2,152.961538,32.461538
47,2,158.880000,33.200000
48,2,161.166667,29.916667
49,2,166.185185,33.481481
50,2,171.807692,32.076923
51,2,175.291667,30.416667
52,2,184.000000,34.541667
53,2,71.333333,37.714286
57,2,93.454545,37.590909
58,2,97.142857,38.285714
59,2,99.916667,36.041667
61,2,110.304348,37.608696
63,2,124.280000,37.800000
65,2,132.041667,35.833333
67,2,144.200000,37.000000
68,2,147.952381,35.190476
70,2,155.291667,37.916667
73,2,174.040000,37.360000
74,2,178.296296,35.592593
75,2,183.375000,38.041667
77,2,191.600000,36.800000
78,2,58.833333,42.500000
80,2,72.807692,40.884615
82,2,81.840000,44.720000
83,2,87.520000,43.000000
86,2,102.434783,40.478261
87,2,107.956522,41.304348
89,2,117.000000,44.217391
90,2,120.080000,41.280000
91,2,125.869565,41.826087
94,2,143.958333,41.791667
95,2,147.782609,43.478261
96,2,152.200000,43.280000
97,2,156.400000,43.600000
103,2,186.652174,44.043478
105,2,192.136364,43.272727
106,2,56.086957,46.652174
110,2,76.576923,44.807692
111,2,84.520000,47.840000
113,2,90.615385,47.423077
117,2,112.730769,47.653846
122,2,137.280000,47.960000
124,2,144.153846,46.807692
126,2,155.080000,47.800000
128,2,168.125000,46.041667
132,2,184.884615,50.884615
133,2,194.260870,46.565217
135,2,200.173913,46.913043
136,2,56.434783,51.130435
138,2,62.041667,52.583333
140,2,73.040000,52.240000
141,2,77.440000,54.640000
143,2,90.538462,52.192308
144,2,96.166667,50.375000
145,2,95.500000,54.416667
147,2,106.913043,53.565217
148,2,111.000000,53.125000
150,2,122.545455,55.227273
157,2,156.960000,52.360000
160,2,170.476190,50.380952
161,2,175.173913,52.173913
163,2,188.962963,48.296296
165,2,195.954545,50.090909
167,2,205.565217,51.434783
168,2,49.434783,59.478261
169,2,53.000000,54.826087
170,2,57.869565,56.608696
172,2,64.000000,56.500000
175,2,82.000000,55.576923
176,2,88.227273,56.045455
178,2,95.814815,57.592593
183,2,124.400000,59.600000
185,2,128.920000,58.600000
186,2,132.814815,61.925926
187,2,141.807692,57.653846
190,2,156.666667,57.416667
193,2,173.304348,56.173913
195,2,182.037037,56.185185
196,2,186.769231,56.000000
198,2,194.520000,55.360000
200,2,206.217391,55.565217
203,2,44.708333,61.750000
204,2,53.652174,60.130435
205,2,57.520000,61.880000
208,2,73.423077,65.846154
209,2,76.692308,61.576923
210,2,82.600000,60.480000
211,2,86.285714,63.190476
213,2,95.040000,61.320000
215,2,107.250000,65.291667
218,2,120.615385,60.807692
219,2,128.440000,64.160000
220,2,137.217391,61.000000
223,2,149.185185,62.703704
224,2,153.160000,60.400000
225,2,157.181818,62.818182
229,2,176.680000,64.760000
230,2,180.083333,61.208333
231,2,184.956522,61.608696
235,2,206.611111,64.555556
236,2,209.043478,60.739130
243,2,69.000000,63.296296
245,2,77.541667,68.166667
248,2,90.500000,65.884615
251,2,109.074074,69.740741
253,2,118.500000,67.000000
256,2,131.920000,67.880000
257,2,137.347826,67.782609
260,2,153.695652,66.739130
261,2,158.480000,67.800000
262,2,162.375000,65.041667
263,2,166.250000,72.041667
264,2,168.920000,65.920000
265,2,175.680000,69.520000
267,2,183.791667,66.000000
269,2,194.500000,67.708333
270,2,199.760000,66.800000
278,2,51.360000,75.520000
279,2,56.040000,71.640000
283,2,75.840000,72.280000
284,2,80.280000,71.960000
286,2,89.720000,71.360000
287,2,94.920000,71.240000
289,2,105.192308,70.153846
291,2,117.521739,73.391304
292,2,123.160000,72.400000
293,2,128.080000,72.280000
294,2,132.769231,74.038462
295,2,136.240000,72.240000
296,2,140.826087,73.130435
297,2,145.269231,73.153846
299,2,155.714286,71.809524
300,2,161.750000,70.666667
301,2,171.125000,72.625000
302,2,170.545455,68.454545
311,2,215.833333,75.500000
312,2,222.920000,72.600000
313,2,35.538462,75.269231
315,2,43.083333,76.875000
316,2,46.923077,73.961538
318,2,56.095238,76.190476
319,2,59.923077,75.307692
321,2,73.440000,76.000000
325,2,92.500000,75.000000
328,2,105.625000,75.291667
331,2,123.038462,76.923077
332,2,128.038462,77.576923
336,2,143.720000,78.120000
337,2,149.416667,76.666667
339,2,161.285714,74.964286
341,2,168.583333,77.416667
345,2,193.920000,77.920000
346,2,196.423077,73.653846
347,2,200.166667,79.125000
348,2,210.954545,77.727273
349,2,211.041667,73.083333
350,2,217.136364,79.727273
354,2,36.217391,81.434783
355,2,41.363636,83.681818
356,2,45.260870,82.173913
358,2,57.625000,82.375000
359,2,62.083333,81.291667
361,2,72.920000,81.680000
362,2,78.272727,81.409091
363,2,82.652174,84.130435
365,2,92.173913,80.000000
366,2,96.227273,82.500000
369,2,110.384615,82.346154
375,2,143.538462,84.192308
378,2,160.083333,81.708333
380,2,164.269231,83.307692
381,2,170.807692,81.538462
382,2,177.440000,82.320000
389,2,211.576923,81.923077
390,2,217.217391,84.130435
391,2,221.857143,83.857143
393,2,28.185185,89.000000
395,2,36.040000,86.120000
397,2,47.000000,86.280000
399,2,56.608696,86.565217
401,2,66.920000,88.240000
404,2,83.384615,88.153846
405,2,88.708333,88.041667
406,2,93.956522,85.652174
409,2,109.458333,86.416667
410,2,114.173913,88.304348
411,2,118.153846,86.730769
416,2,143.160000,88.480000
420,2,163.120000,87.320000
421,2,168.428571,86.857143
422,2,174.000000,83.777778
423,2,178.608696,89.130435
424,2,180.956522,85.478261
425,2,185.307692,85.423077
427,2,198.666667,87.708333
428,2,203.791667,87.250000
429,2,208.961538,86.346154
432,2,218.760000,88.320000
433,2,225.652174,87.304348
434,2,231.034483,86.206897
436,2,32.583333,90.666667
438,2,43.772727,91.681818
439,2,47.583333,92.625000
440,2,53.000000,91.185185
441,2,58.615385,90.692308
444,2,74.320000,89.920000
445,2,78.375000,90.166667
447,2,87.840000,93.000000
448,2,93.000000,90.666667
449,2,96.041667,93.125000
450,2,106.153846,88.269231
453,2,119.192308,91.461538
455,2,130.565217,92.739130
456,2,130.520000,96.640000
458,2,144.000000,93.409091
463,2,166.185185,91.925926
464,2,172.863636,88.681818
465,2,177.000000,92.500000
466,2,183.666667,91.583333
473,2,218.000000,92.869565
474,2,222.857143,90.809524
476,2,234.916667,92.083333
479,2,37.760000,98.800000
480,2,43.120000,96.960000
482,2,52.160000,96.280000
485,2,67.250000,99.333333
489,2,88.000000,98.458333
490,2,92.120000,96.800000
495,2,116.560000,94.840000
496,2,121.208333,97.583333
497,2,125.695652,97.000000
499,2,136.708333,101.291667
501,2,147.454545,96.363636
504,2,163.608696,96.086957
509,2,187.227273,96.863636
510,2,191.520000,96.440000
511,2,196.208333,97.291667
512,2,200.625000,95.625000
515,2,217.333333,97.166667
517,2,226.500000,99.750000
519,2,236.227273,96.772727
520,2,23.720000,100.400000
521,2,28.000000,101.818182
522,2,32.739130,100.173913
523,2,39.153846,103.192308
526,2,52.280000,101.800000
528,2,63.000000,100.807692
530,2,68.960000,103.240000
532,2,84.000000,100.920000
533,2,88.391304,103.565217
537,2,107.560000,99.920000
538,2,111.481481,103.370370
539,2,116.739130,99.913043
540,2,121.880000,102.160000
544,2,141.076923,98.807692
545,2,146.240000,101.080000
546,2,150.692308,102.807692
550,2,173.666667,102.000000
551,2,178.120000,101.520000
552,2,182.961538,100.307692
553,2,186.130435,102.869565
554,2,190.800000,101.640000
555,2,195.217391,103.130435
556,2,200.407407,101.185185
558,2,211.954545,103.272727
559,2,216.347826,102.130435
560,2,221.740741,100.925926
561,2,229.440000,103.640000
564,2,23.500000,106.727273
567,2,36.545455,107.045455
570,2,54.240000,106.400000
571,2,58.320000,107.400000
572,2,62.428571,107.619048
573,2,65.375000,108.250000
574,2,70.458333,107.666667
576,2,80.040000,105.040000
577,2,85.520000,107.400000
578,2,89.884615,108.884615
583,2,116.772727,105.090909
584,2,120.280000,107.760000
587,2,141.600000,109.240000
588,2,142.080000,103.960000
589,2,146.148148,107.259259
590,2,150.875000,107.875000
591,2,155.956522,107.478261
592,2,159.913043,106.956522
594,2,173.346154,107.269231
595,2,177.625000,107.416667
596,2,182.047619,106.190476
599,2,199.730769,105.538462
601,2,207.086957,107.391304
602,2,212.083333,108.083333
603,2,217.880000,106.080000
604,2,222.458333,106.333333
605,2,228.666667,107.333333
606,2,235.230769,107.038462
609,2,26.320000,111.320000
610,2,30.375000,114.125000
612,2,40.320000,116.280000
613,2,46.222222,112.444444
614,2,52.576923,111.153846
615,2,57.208333,112.791667
620,2,82.076923,109.538462
625,2,106.461538,113.038462
626,2,110.875000,112.625000
627,2,114.800000,109.840000
631,2,136.740741,112.148148
632,2,142.875000,113.791667
633,2,147.760000,112.680000
634,2,152.384615,112.846154
635,2,157.173913,112.869565
636,2,163.000000,110.000000
639,2,175.428571,112.178571
641,2,187.730769,113.192308
643,2,195.304348,108.739130
645,2,207.846154,112.384615
646,2,213.000000,113.038462
648,2,222.681818,110.227273
649,2,227.208333,111.041667
650,2,232.541667,111.541667
651,2,237.576923,111.461538
653,2,27.681818,119.181818
658,2,52.826087,120.739130
659,2,55.840000,116.600000
660,2,60.652174,119.130435
662,2,71.857143,117.821429
664,2,81.833333,116.500000
665,2,86.346154,117.000000
668,2,104.307692,117.384615
671,2,115.423077,115.230769
675,2,140.818182,116.318182
678,2,153.259259,118.111111
680,2,162.500000,114.045455
681,2,167.360000,117.320000
682,2,171.857143,116.000000
683,2,177.739130,115.739130
684,2,181.884615,117.653846
686,2,194.500000,115.333333
688,2,200.120000,115.680000
690,2,211.928571,118.178571
691,2,218.370370,115.148148
692,2,223.076923,117.000000
693,2,226.230769,118.038462
694,2,230.083333,116.500000
696,2,22.230769,120.576923
697,2,27.695652,123.478261
700,2,42.846154,121.807692
701,2,46.666667,125.761905
703,2,58.520000,122.440000
705,2,66.863636,121.545455
706,2,72.363636,122.636364
707,2,76.416667,120.875000
713,2,105.750000,122.958333
716,2,120.791667,120.583333
717,2,124.560000,123.200000
718,2,128.708333,118.458333
720,2,141.045455,121.545455
722,2,151.583333,123.958333
727,2,177.333333,122.000000
731,2,197.142857,121.464286
732,2,201.541667,120.541667
733,2,205.720000,121.000000
734,2,212.833333,121.458333
736,2,223.041667,124.208333
740,2,22.913043,125.434783
741,2,29.740741,127.111111
746,2,49.173913,129.739130
748,2,62.961538,127.884615
752,2,81.461538,121.730769
753,2,86.880000,127.600000
756,2,101.565217,125.391304
757,2,106.280000,129.240000
758,2,109.961538,126.884615
761,2,128.173913,124.956522
766,2,152.826087,128.000000
767,2,157.130435,126.608696
768,2,160.304348,124.478261
769,2,167.920000,127.040000
775,2,197.750000,127.041667
776,2,202.230769,126.730769
781,2,228.130435,126.217391
782,2,232.434783,126.478261
783,2,237.333333,126.458333
785,2,28.160000,131.120000
786,2,31.777778,133.037037
787,2,36.041667,130.791667
789,2,49.217391,133.608696
791,2,57.000000,129.428571
792,2,60.625000,132.541667
793,2,67.260870,130.217391
794,2,70.115385,133.884615
800,2,103.240000,132.640000
801,2,106.833333,136.125000
802,2,110.391304,133.347826
807,2,134.840000,131.400000
809,2,147.173913,132.695652
810,2,152.000000,132.875000
814,2,172.416667,132.166667
816,2,181.000000,133.750000
820,2,201.086957,131.956522
821,2,206.884615,130.269231
822,2,212.125000,131.291667
825,2,225.727273,129.136364
826,2,229.208333,132.666667
829,2,26.925926,137.148148
830,2,32.037037,138.222222
831,2,37.160000,136.160000
832,2,41.347826,138.826087
833,2,45.692308,138.653846
834,2,51.500000,138.000000
835,2,57.880000,136.040000
837,2,67.608696,137.782609
840,2,79.357143,140.500000
844,2,102.500000,138.153846
852,2,144.523810,137.666667
854,2,152.962963,138.666667
855,2,156.360000,132.840000
857,2,168.750000,137.458333
858,2,173.130435,136.695652
861,2,184.863636,138.363636
862,2,189.230769,136.269231
864,2,202.720000,135.280000
868,2,224.619048,138.380952
870,2,232.600000,134.720000
871,2,236.160000,137.440000
872,2,23.409091,141.500000
873,2,27.240000,142.440000
874,2,32.476190,142.571429
876,2,41.666667,144.500000
878,2,53.500000,142.272727
879,2,57.652174,140.913043
881,2,66.280000,141.800000
884,2,83.500000,140.500000
888,2,105.227273,141.772727
890,2,113.304348,141.739130
893,2,127.720000,142.880000
895,2,133.592593,142.777778
897,2,149.173913,137.347826
900,2,162.391304,141.652174
902,2,171.727273,141.954545
903,2,175.440000,142.840000
907,2,198.730769,139.230769
908,2,202.727273,142.181818
909,2,206.416667,140.666667
911,2,217.272727,142.181818
912,2,221.916667,143.708333
913,2,226.391304,141.956522
915,2,236.772727,142.909091
917,2,25.520000,147.400000
918,2,31.800000,146.600000
919,2,37.090909,146.863636
922,2,53.730769,148.192308
924,2,61.173913,148.043478
925,2,67.000000,146.208333
926,2,71.826087,143.869565
928,2,84.571429,146.190476
932,2,101.920000,145.560000
933,2,106.625000,145.666667
935,2,115.840000,148.800000
937,2,128.541667,147.666667
938,2,133.583333,146.625000
940,2,142.846154,145.576923
942,2,153.166667,147.250000
943,2,157.208333,146.458333
944,2,161.500000,145.500000
945,2,166.080000,147.760000
947,2,179.500000,148.000000
949,2,190.320000,147.160000
953,2,205.730769,146.423077
954,2,210.115385,145.807692
957,2,226.166667,146.958333
958,2,231.148148,144.111111
961,2,29.208333,150.916667
962,2,34.952381,151.523810
966,2,53.565217,153.521739
967,2,57.347826,152.347826
968,2,63.000000,152.791667
969,2,66.478261,151.000000
971,2,77.818182,151.772727
972,2,82.592593,150.555556
973,2,87.833333,149.416667
974,2,92.541667,154.291667
980,2,121.615385,153.653846
981,2,127.500000,153.142857
982,2,132.666667,152.111111
984,2,143.720000,152.480000
988,2,160.875000,150.625000
990,2,172.260870,154.434783
992,2,180.000000,152.076923
994,2,191.464286,152.607143
995,2,197.090909,151.772727
996,2,202.160000,153.240000
997,2,206.750000,150.708333
999,2,219.080000,148.640000
1003,2,237.346154,149.653846
1006,2,31.826087,154.869565
1007,2,36.500000,156.500000
1008,2,40.500000,158.875000
1009,2,46.739130,156.347826
1011,2,57.840000,158.520000
1013,2,68.576923,156.384615
1014,2,73.391304,156.695652
1017,2,82.869565,157.956522
1018,2,89.518519,156.555556
1022,2,111.680000,159.320000
1023,2,117.083333,155.708333
1027,2,136.407407,156.962963
1028,2,141.680000,157.520000
1029,2,146.166667,156.166667
1030,2,150.965517,155.724138
1032,2,161.333333,156.074074
1033,2,167.480000,156.920000
1034,2,173.240000,158.680000
1035,2,177.130435,154.782609
1036,2,181.913043,157.739130
1037,2,185.185185,155.703704
1038,2,191.200000,156.920000
1039,2,196.384615,157.576923
1044,2,220.076923,155.307692
1045,2,227.666667,158.074074
1047,2,236.250000,156.458333
1051,2,44.500000,160.416667
1052,2,45.083333,164.708333
1055,2,62.458333,160.791667
1056,2,66.772727,160.727273
1058,2,75.875000,160.916667
1059,2,82.250000,163.000000
1060,2,86.583333,160.750000
1061,2,91.250000,162.416667
1065,2,109.720000,162.720000
1066,2,118.480000,163.560000
1067,2,118.200000,159.600000
1068,2,125.043478,163.826087
1069,2,134.080000,162.560000
1072,2,147.320000,161.480000
1073,2,151.520000,161.880000
1074,2,155.250000,161.250000
1075,2,159.538462,161.807692
1077,2,172.291667,162.875000
1078,2,177.478261,160.956522
1080,2,187.814815,160.888889
1081,2,192.916667,161.708333
1085,2,211.560000,162.800000
1088,2,225.769231,161.884615
1091,2,27.043478,166.217391
1092,2,33.666667,167.333333
1093,2,37.037037,164.370370
1094,2,40.500000,165.416667
1096,2,50.391304,165.000000
1097,2,58.692308,164.461538
1098,2,64.772727,165.227273
1101,2,78.000000,165.500000
1103,2,87.000000,165.600000
1106,2,98.636364,171.409091
1107,2,105.090909,167.454545
1110,2,121.173913,167.217391
1112,2,132.869565,169.565217
1113,2,136.440000,166.960000
1114,2,142.818182,170.863636
1115,2,146.480000,167.520000
1116,2,150.750000,167.541667
1118,2,162.240000,164.720000
1119,2,167.703704,165.296296
1121,2,175.583333,165.958333
1123,2,188.217391,166.043478
1127,2,207.045455,169.727273
1130,2,225.409091,166.272727
1134,2,30.652174,170.913043
1135,2,40.304348,170.739130
1138,2,50.120000,169.240000
1142,2,72.875000,171.458333
1143,2,78.000000,171.680000
1144,2,81.954545,172.454545
1150,2,109.480000,168.640000
1151,2,116.521739,173.434783
1152,2,121.173913,171.956522
1157,2,147.285714,173.714286
1158,2,151.481481,172.555556
1159,2,161.269231,169.115385
1161,2,166.833333,169.583333
1163,2,177.458333,170.250000
1167,2,197.400000,172.960000
1168,2,202.240000,170.160000
1170,2,211.043478,171.869565
1172,2,225.423077,170.846154
1180,2,56.708333,179.875000
1182,2,63.560000,178.400000
1183,2,68.217391,175.652174
1187,2,88.846154,175.961538
1188,2,95.480000,175.600000
1191,2,111.000000,174.000000
1194,2,125.000000,178.000000
1195,2,130.280000,177.280000
1197,2,143.166667,175.833333
1198,2,147.615385,178.692308
1199,2,154.107143,177.750000
1202,2,167.320000,177.200000
1205,2,181.833333,176.583333
1206,2,185.360000,176.760000
1207,2,192.750000,173.875000
1211,2,211.583333,177.208333
1215,2,30.923077,180.346154
1217,2,41.526316,184.000000
1219,2,52.173913,180.565217
1221,2,64.545455,182.545455
1226,2,87.884615,181.153846
1227,2,92.086957,180.826087
1228,2,96.458333,180.583333
1232,2,117.920000,180.360000
1233,2,123.304348,184.608696
1237,2,142.153846,181.692308
1239,2,151.916667,181.916667
1240,2,156.083333,184.958333
1242,2,168.000000,182.333333
1245,2,182.666667,182.444444
1251,2,214.400000,182.640000
1252,2,216.730769,178.692308
1253,2,220.240000,182.960000
1255,2,35.120000,184.600000
1257,2,47.217391,185.608696
1258,2,52.000000,185.000000
1260,2,61.375000,188.208333
1262,2,73.739130,186.739130
1263,2,77.538462,185.384615
1264,2,82.000000,189.576923
1265,2,85.760000,187.080000
1269,2,104.875000,187.958333
1271,2,120.000000,185.538462
1273,2,127.074074,185.555556
1274,2,131.260870,187.260870
1275,2,135.692308,187.423077
1278,2,152.304348,186.739130
1280,2,160.217391,186.130435
1281,2,165.833333,186.416667
1282,2,172.840000,186.600000
1283,2,178.240000,184.000000
1284,2,182.160000,187.920000
1285,2,186.636364,185.863636
1286,2,191.434783,187.391304
1293,2,37.269231,189.384615
1295,2,49.083333,190.125000
1296,2,52.952381,191.190476
1297,2,57.739130,191.782609
1299,2,65.250000,188.000000
1301,2,76.720000,191.720000
1302,2,78.956522,195.043478
1306,2,101.565217,192.434783
1307,2,105.333333,192.875000
1309,2,116.321429,189.142857
1311,2,128.260870,192.521739
1312,2,132.560000,193.120000
1314,2,142.400000,192.080000
1315,2,148.666667,191.222222
1316,2,153.793103,191.862069
1317,2,158.423077,192.730769
1319,2,166.230769,191.730769
1320,2,170.840000,190.240000
1322,2,184.375000,192.375000
1330,2,219.590909,190.000000
1333,2,55.166667,195.833333
1337,2,71.800000,197.440000
1338,2,77.653846,199.730769
1339,2,84.043478,197.304348
1340,2,90.347826,198.826087
1341,2,91.625000,194.625000
1343,2,102.173913,199.000000
1346,2,115.440000,196.480000
1350,2,136.961538,195.692308
1352,2,144.440000,196.680000
1354,2,155.040000,196.960000
1355,2,161.280000,197.760000
1356,2,165.583333,196.208333
1357,2,170.541667,195.666667
1360,2,187.000000,196.250000
1362,2,197.880000,200.480000
1364,2,207.523810,198.476190
1366,2,217.291667,195.166667
1367,2,47.346154,199.846154
1368,2,51.400000,201.520000
1369,2,56.708333,200.250000
1371,2,67.307692,202.384615
1372,2,73.038462,201.730769
1373,2,78.125000,204.375000
1377,2,94.518519,199.851852
1379,2,107.576923,201.346154
1380,2,110.666667,204.875000
1381,2,115.769231,201.576923
1383,2,127.740741,201.000000
1385,2,136.875000,201.208333
1389,2,156.750000,202.000000
1390,2,162.190476,202.000000
1392,2,178.115385,201.500000
1393,2,179.590909,206.409091
1394,2,182.615385,201.153846
1397,2,196.090909,204.954545
1399,2,206.913043,202.565217
1400,2,212.217391,200.260870
1403,2,61.846154,205.846154
1404,2,66.160000,208.400000
1405,2,71.074074,206.222222
1407,2,82.600000,204.320000
1408,2,85.840000,207.600000
1412,2,105.280000,206.920000
1414,2,116.000000,206.000000
1415,2,121.166667,206.416667
1418,2,136.086957,207.086957
1419,2,140.120000,208.480000
1420,2,143.916667,205.458333
1421,2,150.952381,207.333333
1422,2,154.560000,208.160000
1423,2,160.041667,205.708333
1426,2,174.409091,204.772727
1428,2,188.518519,210.814815
1432,2,206.434783,207.608696
1436,2,70.043478,211.304348
1439,2,86.695652,212.260870
1440,2,91.920000,212.600000
1442,2,104.545455,213.045455
1445,2,117.652174,210.478261
1446,2,122.833333,211.500000
1447,2,126.869565,211.173913
1448,2,132.115385,210.269231
1449,2,137.173913,212.739130
1452,2,151.920000,213.080000
1453,2,158.423077,210.423077
1454,2,163.555556,209.814815
1457,2,176.160000,210.080000
1459,2,184.080000,210.160000
1462,2,202.454545,213.136364
1463,2,62.166667,216.708333
1464,2,67.818182,218.318182
1465,2,71.000000,216.120000
1466,2,75.454545,215.772727
1470,2,97.318182,217.818182
1471,2,100.347826,215.086957
1473,2,114.000000,218.500000
1475,2,121.285714,216.285714
1477,2,131.739130,215.434783
1479,2,136.076923,217.000000
1481,2,152.407407,218.037037
1482,2,156.458333,216.708333
1486,2,179.520000,220.200000
1488,2,185.956522,215.826087
1490,2,197.400000,216.840000
1491,2,66.115385,221.153846
1493,2,79.272727,219.590909
1494,2,83.833333,221.333333
1495,2,87.590909,223.818182
1497,2,96.043478,222.782609
1501,2,118.777778,219.740741
1502,2,123.240000,221.440000
1503,2,127.041667,220.583333
1505,2,138.538462,222.000000
1508,2,151.960000,222.800000
1509,2,156.600000,224.040000
1510,2,159.640000,219.120000
1511,2,167.960000,221.040000
1513,2,176.083333,221.750000
1514,2,183.695652,224.260870
1517,2,78.142857,223.904762
1518,2,82.250000,226.333333
1519,2,85.363636,228.727273
1520,2,91.160000,226.680000
1521,2,96.560000,226.600000
1522,2,101.750000,226.250000
1523,2,107.269231,225.269231
1524,2,111.619048,227.000000
1525,2,115.695652,225.565217
1528,2,130.280000,225.800000
1532,2,151.166667,227.583333
1533,2,157.000000,228.320000
1536,2,172.920000,225.520000
1539,2,87.440000,231.240000
1541,2,98.434783,231.347826
1544,2,112.652174,231.956522
1545,2,117.363636,230.500000
1546,2,122.208333,232.541667
1549,2,138.000000,233.040000
1550,2,141.416667,232.791667
1551,2,147.230769,231.692308
1553,2,159.708333,233.041667
1554,2,163.920000,231.040000
1557,2,98.500000,235.416667
1562,2,122.583333,236.750000
1563,2,127.727273,235.318182
1564,2,132.760000,234.480000
1565,2,138.818182,238.545455
1568,2,152.560000,238.200000
1570,2,163.173913,236.000000
1,1,102.760000,25.000000
3,1,116.000000,24.583333
4,1,118.760000,28.280000
5,1,119.916667,23.208333
10,1,147.840000,22.080000
12,1,158.173913,23.782609
13,1,89.692308,34.307692
15,1,98.200000,25.920000
16,1,103.148148,28.703704
18,1,112.208333,23.750000
22,1,135.909091,29.772727
23,1,137.740741,32.481481
32,1,81.111111,31.592593
33,1,85.916667,33.125000
37,1,105.826087,29.695652
39,1,118.692308,35.884615
43,1,137.520000,37.800000
44,1,142.040000,32.000000
54,1,83.000000,40.166667
55,1,80.307692,37.538462
56,1,88.760000,39.200000
60,1,105.409091,36.227273
62,1,116.090909,36.000000
64,1,128.964286,41.428571
66,1,139.230769,39.884615
69,1,150.360000,38.200000
71,1,165.280000,38.440000
72,1,169.909091,37.136364
76,1,182.000000,43.636364
79,1,67.884615,43.769231
81,1,79.240000,37.920000
84,1,94.280000,42.920000
85,1,102.037037,44.222222
88,1,113.115385,41.961538
92,1,131.214286,47.607143
93,1,137.240000,43.400000
98,1,161.391304,38.260870
99,1,161.538462,41.653846
100,1,169.130435,42.130435
101,1,175.240000,41.840000
102,1,181.478261,43.000000
104,1,189.041667,38.708333
107,1,62.954545,44.454545
108,1,68.043478,43.913043
109,1,68.640000,49.720000
112,1,79.192308,50.384615
114,1,97.680000,48.240000
115,1,100.083333,45.916667
116,1,108.875000,46.333333
118,1,118.730769,48.153846
119,1,124.380952,46.095238
120,1,122.333333,51.111111
121,1,132.458333,43.916667
123,1,139.125000,55.458333
125,1,149.173913,49.869565
127,1,161.695652,45.000000
129,1,163.916667,54.500000
130,1,174.222222,45.740741
131,1,178.777778,47.333333
134,1,200.791667,51.250000
137,1,62.375000,52.458333
139,1,64.869565,49.043478
142,1,85.080000,51.440000
146,1,105.037037,48.851852
149,1,116.192308,52.538462
151,1,130.681818,52.227273
152,1,131.608696,52.652174
153,1,134.739130,55.739130
154,1,144.000000,52.384615
155,1,140.961538,51.153846
156,1,150.880000,51.880000
158,1,162.130435,47.086957
159,1,169.000000,56.296296
162,1,180.107143,50.607143
164,1,191.818182,52.500000
166,1,200.400000,55.520000
171,1,61.500000,61.363636
173,1,71.040000,49.920000
174,1,74.035714,58.714286
177,1,89.074074,60.037037
179,1,101.384615,56.192308
180,1,108.560000,60.560000
181,1,109.740741,60.222222
182,1,115.826087,57.913043
184,1,125.400000,52.560000
188,1,150.260870,55.260870
189,1,148.291667,57.958333
191,1,160.538462,58.038462
192,1,164.461538,51.153846
194,1,176.625000,58.208333
197,1,190.107143,59.142857
199,1,204.333333,59.750000
201,1,212.416667,58.083333
202,1,46.307692,70.615385
206,1,59.038462,67.423077
207,1,70.480000,57.120000
212,1,98.423077,64.307692
214,1,101.520000,64.720000
216,1,112.636364,57.363636
217,1,115.720000,63.160000
221,1,140.434783,66.130435
222,1,143.555556,62.777778
226,1,167.080000,62.320000
227,1,164.250000,59.375000
228,1,172.625000,61.583333
232,1,198.916667,61.791667
233,1,195.214286,60.035714
234,1,197.208333,63.208333
237,1,214.111111,67.111111
238,1,38.480000,67.960000
239,1,51.500000,64.772727
240,1,47.333333,66.291667
241,1,64.772727,62.818182
242,1,60.884615,67.538462
244,1,68.125000,68.625000
246,1,81.370370,64.962963
247,1,85.076923,69.230769
249,1,97.680000,69.200000
250,1,103.250000,59.458333
252,1,114.074074,68.296296
254,1,123.680000,65.720000
255,1,124.125000,68.875000
258,1,143.961538,67.384615
259,1,149.250000,68.541667
266,1,180.545455,69.181818
268,1,189.961538,65.692308
271,1,209.840000,67.400000
272,1,214.500000,63.038462
273,1,213.576923,72.576923
274,1,218.400000,69.440000
275,1,38.923077,71.884615
276,1,42.125000,66.500000
277,1,51.481481,68.037037
280,1,63.760000,75.320000
281,1,70.133333,73.533333
282,1,66.120000,71.320000
285,1,84.961538,73.692308
288,1,100.333333,69.500000
290,1,112.043478,73.608696
298,1,151.259259,72.814815
303,1,178.960000,72.760000
304,1,186.391304,70.608696
305,1,188.120000,73.680000
306,1,186.576923,71.153846
307,1,195.880000,72.560000
308,1,204.956522,75.826087
309,1,204.840000,69.560000
310,1,205.916667,70.291667
314,1,39.750000,77.666667
317,1,49.583333,79.541667
320,1,68.583333,80.333333
322,1,78.840000,77.680000
323,1,83.800000,79.360000
324,1,87.791667,78.375000
326,1,97.250000,77.500000
327,1,101.285714,77.357143
329,1,112.375000,78.208333
330,1,116.500000,78.375000
333,1,133.520000,82.920000
334,1,136.791667,77.250000
335,1,138.740741,80.481481
338,1,155.791667,78.333333
340,1,164.416667,78.958333
342,1,174.125000,76.083333
343,1,179.758621,77.448276
344,1,188.400000,77.480000
351,1,222.791667,78.041667
352,1,223.230769,77.192308
353,1,31.958333,80.541667
357,1,51.760000,81.320000
360,1,65.652174,81.173913
364,1,88.625000,83.583333
367,1,106.080000,80.400000
368,1,102.272727,81.090909
370,1,117.280000,82.880000
371,1,122.000000,81.807692
372,1,127.653846,83.730769
373,1,131.541667,83.041667
374,1,137.458333,84.541667
376,1,147.304348,81.782609
377,1,153.461538,85.269231
379,1,155.583333,78.458333
383,1,183.653846,80.269231
384,1,189.040000,83.680000
385,1,192.272727,82.954545
386,1,199.259259,83.074074
387,1,202.653846,75.730769
388,1,204.583333,82.416667
392,1,226.769231,82.192308
394,1,31.666667,85.208333
396,1,41.520000,88.200000
398,1,52.080000,85.840000
400,1,62.041667,87.208333
402,1,69.583333,85.708333
403,1,75.769231,85.884615
407,1,99.541667,88.583333
408,1,101.923077,86.115385
412,1,122.666667,83.208333
413,1,126.708333,88.500000
414,1,137.347826,88.913043
415,1,134.500000,90.250000
417,1,147.409091,89.818182
418,1,156.000000,97.280000
419,1,155.916667,87.333333
426,1,192.538462,89.961538
430,1,212.400000,92.680000
431,1,212.576923,87.961538
435,1,31.560000,95.040000
437,1,37.807692,91.423077
442,1,62.291667,93.916667
443,1,68.703704,93.259259
446,1,79.576923,99.230769
451,1,107.296296,95.296296
452,1,110.346154,92.038462
454,1,124.280000,92.160000
457,1,135.130435,94.826087
459,1,150.962963,92.851852
460,1,150.384615,84.576923
461,1,156.920000,90.880000
462,1,160.375000,90.875000
467,1,188.576923,91.538462
468,1,193.666667,84.666667
469,1,197.615385,92.000000
470,1,202.884615,91.153846
471,1,204.760000,96.320000
472,1,209.608696,93.956522
475,1,229.347826,91.173913
477,1,27.120000,96.720000
478,1,37.291667,94.916667
481,1,47.769231,98.307692
483,1,56.800000,95.440000
484,1,61.769231,97.153846
486,1,79.173913,95.130435
487,1,73.321429,94.571429
488,1,83.269231,93.846154
491,1,98.074074,96.296296
492,1,102.956522,93.391304
493,1,98.480000,102.520000
494,1,112.678571,97.428571
498,1,132.166667,105.375000
500,1,139.541667,94.458333
502,1,154.482759,98.000000
503,1,160.920000,96.080000
505,1,168.115385,96.884615
506,1,175.833333,97.208333
507,1,172.000000,94.178571
508,1,181.576923,96.076923
513,1,207.240000,98.720000
514,1,212.120000,98.320000
516,1,222.760000,95.200000
518,1,227.708333,94.958333
524,1,43.851852,103.703704
525,1,42.666667,107.583333
527,1,58.962963,102.000000
529,1,69.250000,98.464286
531,1,74.384615,103.230769
534,1,94.928571,107.928571
535,1,92.727273,101.909091
536,1,101.370370,98.925926
541,1,127.653846,102.346154
542,1,136.708333,106.625000
543,1,132.360000,101.400000
547,1,155.520000,101.880000
548,1,161.875000,102.541667
549,1,165.520000,104.320000
557,1,206.080000,102.400000
562,1,231.160000,96.920000
563,1,233.458333,100.833333
565,1,29.961538,107.615385
566,1,32.620690,106.000000
568,1,45.600000,105.040000
569,1,49.538462,107.038462
575,1,76.760000,105.600000
579,1,95.560000,109.000000
580,1,102.777778,103.518519
581,1,105.600000,107.400000
582,1,109.576923,106.769231
585,1,127.961538,109.692308
586,1,129.296296,111.000000
593,1,169.250000,101.750000
597,1,186.304348,108.391304
598,1,190.833333,106.583333
600,1,203.280000,110.560000
607,1,236.619048,103.000000
608,1,23.625000,112.916667
611,1,40.208333,111.375000
616,1,62.160000,114.560000
617,1,68.000000,111.958333
618,1,77.925926,116.592593
619,1,76.423077,110.846154
621,1,87.043478,112.782609
622,1,94.407407,117.814815
623,1,98.692308,112.923077
624,1,101.666667,109.962963
628,1,120.000000,113.840000
629,1,124.035714,109.392857
630,1,132.826087,111.000000
637,1,169.346154,108.153846
638,1,167.956522,112.521739
640,1,182.000000,111.500000
642,1,192.440000,111.560000
644,1,199.560000,111.440000
647,1,217.318182,110.727273
652,1,23.000000,115.916667
654,1,33.592593,111.259259
655,1,35.347826,115.956522
656,1,45.360000,118.400000
657,1,49.720000,115.960000
661,1,66.148148,116.555556
663,1,71.960000,113.280000
666,1,99.080000,117.640000
667,1,91.250000,116.333333
669,1,110.080000,119.920000
670,1,110.666667,119.375000
672,1,122.800000,116.640000
673,1,128.423077,114.961538
674,1,137.346154,118.653846
676,1,147.148148,117.888889
677,1,148.000000,121.260870
679,1,159.041667,118.291667
685,1,187.961538,122.461538
687,1,193.000000,120.153846
689,1,206.500000,115.958333
695,1,236.920000,116.440000
698,1,33.346154,120.538462
699,1,36.200000,122.240000
702,1,46.666667,124.666667
704,1,64.090909,123.818182
708,1,86.111111,122.481481
709,1,89.880000,121.880000
710,1,96.041667,122.291667
711,1,97.833333,127.750000
712,1,99.846154,122.153846
714,1,114.642857,126.571429
715,1,115.769231,120.038462
719,1,131.846154,122.307692
721,1,144.814815,125.703704
723,1,158.040000,120.920000
724,1,163.708333,119.291667
725,1,166.391304,123.695652
726,1,173.461538,119.730769
728,1,178.600000,124.640000
729,1,186.230769,124.000000
730,1,188.400000,118.240000
735,1,218.269231,120.384615
737,1,228.608696,120.652174
738,1,234.333333,122.000000
739,1,235.541667,118.833333
742,1,35.925926,124.555556
743,1,40.000000,126.038462
744,1,43.560000,129.720000
745,1,52.840000,126.080000
747,1,54.333333,125.370370
749,1,69.791667,126.333333
750,1,74.678571,129.607143
751,1,76.347826,126.086957
754,1,86.500000,127.625000
755,1,93.560000,128.560000
759,1,118.074074,126.074074
760,1,125.608696,129.043478
762,1,140.120000,130.160000
763,1,135.280000,123.920000
764,1,138.120000,125.160000
765,1,146.370370,128.518519
770,1,174.640000,125.480000
771,1,172.360000,125.960000
772,1,177.185185,130.703704
773,1,185.840000,128.880000
774,1,192.692308,130.846154
777,1,207.653846,125.115385
778,1,214.500000,126.666667
779,1,216.304348,131.478261
780,1,214.750000,124.583333
784,1,23.250000,129.750000
788,1,42.074074,133.777778
790,1,53.769231,133.884615
795,1,77.320000,133.400000
796,1,82.500000,134.230769
797,1,83.250000,131.291667
798,1,98.120000,132.080000
799,1,94.846154,136.576923
803,1,118.200000,129.880000
804,1,118.115385,130.576923
805,1,126.791667,134.125000
806,1,129.541667,136.583333
808,1,141.384615,133.384615
811,1,160.517241,131.862069
812,1,163.000000,137.285714
813,1,163.720000,130.200000
815,1,182.740741,124.888889
817,1,186.160000,132.800000
818,1,192.166667,125.708333
819,1,196.333333,131.750000
823,1,220.360000,127.880000
824,1,219.833333,130.375000
827,1,235.360000,130.880000
828,1,22.695652,134.521739
836,1,62.320000,139.080000
838,1,77.640000,141.600000
839,1,74.880000,135.320000
841,1,89.172414,132.862069
842,1,90.000000,140.392857
843,1,95.958333,139.583333
845,1,117.416667,140.625000
846,1,121.250000,142.125000
847,1,114.888889,136.296296
848,1,122.269231,134.192308
849,1,124.038462,137.346154
850,1,131.600000,128.840000
851,1,134.625000,136.250000
853,1,141.772727,140.818182
856,1,166.541667,132.750000
859,1,179.920000,140.680000
860,1,178.444444,138.888889
863,1,195.000000,136.851852
865,1,207.821429,135.535714
866,1,215.375000,136.291667
867,1,220.296296,137.037037
869,1,224.807692,135.230769
875,1,37.080000,141.080000
877,1,48.181818,142.045455
880,1,63.791667,137.666667
882,1,72.791667,140.541667
883,1,77.653846,147.230769
885,1,91.777778,146.555556
886,1,89.555556,135.111111
887,1,97.923077,141.423077
889,1,110.640000,140.120000
891,1,120.440000,148.960000
892,1,121.416667,142.208333
894,1,133.583333,138.708333
896,1,139.040000,140.720000
898,1,152.521739,143.130435
899,1,157.269231,139.423077
901,1,166.720000,142.120000
904,1,182.080000,143.520000
905,1,189.307692,140.769231
906,1,197.541667,145.833333
910,1,211.192308,139.423077
914,1,231.608696,139.695652
916,1,21.920000,151.640000
920,1,44.923077,147.653846
921,1,48.153846,145.576923
923,1,58.695652,144.956522
927,1,74.560000,150.080000
929,1,88.416667,143.375000
930,1,97.333333,146.958333
931,1,102.652174,154.869565
934,1,112.083333,147.666667
936,1,123.304348,147.652174
939,1,137.800000,148.040000
941,1,145.192308,148.653846
946,1,170.172414,148.379310
948,1,185.681818,145.454545
950,1,194.560000,145.360000
951,1,200.600000,148.200000
952,1,192.720000,142.920000
955,1,215.538462,147.538462
956,1,213.520000,143.880000
959,1,234.285714,148.047619
960,1,23.160000,159.360000
963,1,39.115385,152.000000
964,1,43.320000,153.280000
965,1,47.740741,150.518519
970,1,70.791667,149.833333
975,1,99.269231,150.038462
976,1,96.923077,152.384615
977,1,107.304348,156.869565
978,1,107.400000,153.040000
979,1,113.520000,152.960000
983,1,138.045455,152.090909
985,1,147.037037,143.074074
986,1,149.961538,150.384615
987,1,156.083333,153.875000
989,1,166.640000,152.640000
991,1,174.230769,148.653846
993,1,186.480000,151.040000
998,1,207.583333,154.000000
1000,1,222.740741,151.222222
1001,1,226.740741,151.851852
1002,1,231.884615,151.153846
1004,1,24.590909,153.363636
1005,1,29.076923,157.307692
1010,1,50.450000,155.550000
1012,1,61.480000,155.840000
1015,1,79.280000,155.760000
1016,1,83.708333,154.625000
1019,1,96.880000,157.440000
1020,1,100.185185,160.185185
1021,1,104.730769,161.384615
1024,1,123.444444,159.259259
1025,1,129.076923,156.769231
1026,1,130.840000,162.160000
1031,1,156.695652,154.739130
1040,1,206.640000,157.200000
1041,1,206.307692,161.500000
1042,1,212.217391,156.782609
1043,1,214.760000,153.080000
1046,1,230.833333,155.583333
1048,1,28.954545,163.636364
1049,1,33.416667,161.291667
1050,1,26.125000,160.333333
1053,1,51.884615,162.615385
1054,1,54.428571,161.250000
1057,1,71.269231,162.500000
1062,1,95.629630,162.000000
1063,1,107.791667,149.958333
1064,1,101.875000,166.541667
1070,1,143.416667,163.333333
1071,1,139.500000,162.375000
1076,1,165.629630,160.481481
1079,1,182.913043,162.826087
1082,1,200.409091,160.272727
1083,1,198.740741,164.740741
1084,1,205.407407,160.370370
1086,1,216.518519,163.037037
1087,1,220.720000,160.440000
1089,1,230.840000,164.280000
1090,1,233.807692,159.538462
1095,1,46.296296,170.851852
1099,1,73.125000,166.833333
1100,1,67.576923,167.730769
1102,1,83.076923,168.115385
1104,1,93.703704,167.481481
1105,1,103.357143,176.964286
1108,1,113.962963,168.000000
1109,1,115.148148,167.111111
1111,1,126.384615,165.884615
1117,1,155.923077,167.500000
1120,1,172.875000,169.833333
1122,1,181.666667,165.703704
1124,1,189.555556,176.703704
1125,1,202.500000,165.272727
1126,1,194.304348,166.782609
1128,1,211.625000,166.541667
1129,1,218.727273,161.681818
1131,1,215.000000,169.083333
1132,1,235.153846,165.307692
1133,1,32.576923,176.000000
1136,1,43.521739,177.043478
1137,1,55.035714,173.035714
1139,1,55.285714,168.714286
1140,1,65.920000,171.880000
1141,1,61.304348,169.869565
1145,1,87.043478,171.478261
1146,1,91.640000,171.880000
1147,1,96.304348,168.173913
1148,1,104.555556,171.259259
1149,1,100.583333,179.291667
1153,1,128.461538,171.961538
1154,1,127.565217,167.043478
1155,1,134.040000,172.200000
1156,1,139.160000,168.320000
1160,1,163.142857,173.964286
1162,1,169.640000,173.160000
1164,1,182.434783,170.130435
1165,1,187.333333,171.333333
1166,1,192.320000,169.000000
1169,1,199.888889,181.185185
1171,1,219.720000,164.280000
1173,1,226.777778,174.370370
1174,1,231.153846,169.538462
1175,1,34.960000,174.160000
1176,1,37.080000,178.240000
1177,1,41.880000,181.160000
1178,1,44.846154,173.730769
1179,1,52.809524,174.571429
1181,1,59.653846,174.615385
1184,1,75.821429,175.428571
1185,1,80.583333,178.458333
1186,1,82.240000,178.680000
1189,1,106.409091,179.318182
1190,1,110.333333,178.703704
1192,1,115.153846,177.769231
1193,1,121.791667,177.750000
1196,1,138.409091,174.909091
1200,1,159.458333,175.833333
1201,1,163.166667,181.291667
1203,1,174.681818,179.818182
1204,1,174.347826,175.173913
1208,1,196.652174,178.695652
1209,1,204.888889,177.481481
1210,1,208.275862,178.551724
1212,1,216.076923,172.692308
1213,1,222.107143,173.928571
1214,1,220.840000,175.520000
1216,1,37.833333,176.416667
1218,1,48.333333,178.481481
1220,1,59.958333,181.583333
1222,1,70.416667,183.625000
1223,1,69.160000,183.560000
1224,1,76.043478,181.173913
1225,1,83.320000,183.240000
1229,1,97.346154,186.692308
1230,1,108.520000,181.120000
1231,1,108.320000,185.960000
1234,1,130.296296,181.851852
1235,1,134.576923,177.923077
1236,1,139.782609,183.956522
1238,1,147.653846,183.884615
1241,1,156.000000,172.458333
1243,1,172.250000,182.000000
1244,1,178.320000,176.880000
1246,1,191.720000,179.800000
1247,1,189.619048,182.666667
1248,1,195.227273,183.909091
1249,1,201.958333,174.833333
1250,1,205.208333,182.375000
1254,1,224.523810,181.333333
1256,1,42.560000,187.520000
1259,1,56.545455,185.636364
1261,1,69.166667,176.708333
1266,1,92.480000,185.120000
1267,1,97.615385,192.230769
1268,1,102.714286,183.642857
1270,1,114.291667,185.416667
1272,1,124.708333,191.541667
1276,1,137.913043,180.652174
1277,1,144.880000,187.760000
1279,1,159.000000,180.625000
1287,1,196.040000,190.720000
1288,1,205.800000,185.720000
1289,1,202.703704,190.888889
1290,1,210.333333,185.750000
1291,1,214.958333,187.416667
1292,1,221.916667,186.333333
1294,1,43.038462,191.846154
1298,1,60.545455,192.409091
1300,1,70.565217,189.521739
1303,1,89.250000,189.833333
1304,1,84.083333,193.541667
1305,1,94.750000,190.000000
1308,1,111.240000,191.440000
1310,1,121.307692,198.384615
1313,1,138.551724,189.724138
1318,1,161.846154,190.653846
1321,1,177.230769,189.769231
1323,1,183.360000,193.280000
1324,1,190.692308,193.653846
1325,1,195.160000,193.760000
1326,1,203.434783,190.347826
1327,1,200.360000,191.920000
1328,1,206.851852,191.703704
1329,1,214.375000,193.708333
1331,1,43.846154,193.923077
1332,1,49.480000,195.560000
1334,1,60.291667,197.166667
1335,1,70.758621,194.206897
1336,1,66.576923,194.423077
1342,1,97.375000,197.666667
1344,1,111.520000,197.400000
1345,1,107.148148,196.666667
1347,1,119.583333,191.541667
1348,1,130.846154,201.423077
1349,1,124.857143,196.190476
1351,1,142.961538,201.000000
1353,1,149.200000,196.000000
1358,1,178.080000,194.000000
1359,1,174.814815,196.740741
1361,1,185.440000,199.400000
1363,1,203.560000,198.440000
1365,1,211.958333,192.416667
1370,1,64.272727,199.818182
1374,1,85.444444,199.259259
1375,1,91.230769,207.000000
1376,1,90.045455,204.181818
1378,1,97.217391,203.478261
1382,1,120.440000,199.080000
1384,1,131.931034,199.206897
1386,1,141.400000,199.880000
1387,1,150.250000,203.541667
1388,1,150.538462,199.923077
1391,1,168.888889,204.629630
1395,1,191.916667,198.666667
1396,1,188.538462,204.153846
1398,1,200.240000,195.440000
1401,1,53.037037,206.000000
1402,1,58.130435,203.217391
1406,1,76.541667,210.125000
1409,1,96.952381,208.476190
1410,1,96.363636,211.318182
1411,1,99.600000,204.000000
1413,1,110.625000,209.583333
1416,1,124.809524,204.285714
1417,1,129.173913,207.043478
1424,1,166.000000,202.115385
1425,1,169.913043,202.391304
1427,1,181.480000,210.200000
1429,1,191.423077,206.269231
1430,1,195.769231,205.615385
1431,1,201.321429,206.035714
1433,1,57.444444,211.592593
1434,1,59.310345,209.517241
1435,1,64.461538,212.769231
1437,1,76.120000,210.040000
1438,1,81.961538,211.807692
1441,1,100.560000,208.800000
1443,1,107.458333,213.583333
1444,1,111.347826,213.260870
1450,1,143.280000,211.040000
1451,1,146.923077,211.038462
1455,1,165.680000,216.400000
1456,1,170.178571,208.857143
1458,1,179.615385,215.538462
1460,1,193.538462,211.307692
1461,1,199.703704,210.777778
1467,1,80.708333,214.666667
1468,1,87.480000,217.920000
1469,1,89.208333,217.541667
1472,1,115.080000,222.440000
1474,1,116.875000,213.583333
1476,1,127.840000,216.560000
1478,1,141.846154,217.615385
1480,1,146.222222,215.481481
1483,1,161.608696,215.043478
1484,1,173.000000,213.608696
1485,1,168.280000,215.160000
1487,1,186.160000,220.080000
1489,1,191.000000,215.322581
1492,1,73.840000,221.120000
1496,1,93.333333,219.666667
1498,1,102.120000,219.880000
1499,1,105.720000,220.760000
1500,1,109.173913,219.260870
1504,1,132.666667,221.541667
1506,1,142.666667,220.375000
1507,1,147.916667,221.625000
1512,1,169.833333,222.666667
1515,1,190.538462,222.576923
1516,1,190.826087,219.565217
1526,1,121.074074,227.222222
1527,1,125.821429,227.107143
1529,1,137.318182,227.045455
1530,1,142.444444,225.518519
1531,1,145.909091,227.590909
1534,1,162.692308,224.538462
1535,1,163.708333,226.000000
1537,1,172.200000,214.840000
1538,1,178.538462,227.692308
1540,1,93.521739,231.826087
1542,1,103.600000,235.040000
1543,1,104.148148,230.481481
1547,1,134.148148,229.111111
1548,1,129.703704,230.962963
1552,1,155.095238,232.714286
1555,1,170.730769,230.461538
1556,1,172.851852,226.851852
1558,1,108.400000,231.280000
1559,1,109.280000,237.320000
1560,1,113.130435,236.652174
1561,1,117.250000,235.000000
1566,1,145.000000,235.521739
1567,1,150.120000,236.200000
1569,1,155.040000,234.800000
