ID,type,x COM, y COM
2,2,106.333333,23.000000
6,2,125.720000,23.720000
7,2,132.538462,25.153846
8,2,137.807692,23.730769
9,2,143.363636,21.727273
11,2,153.652174,23.391304
14,2,94.782609,27.043478
17,2,109.960000,28.920000
19,2,115.111111,31.592593
20,2,122.952381,28.190476
21,2,128.615385,27.615385
24,2,140.913043,26.652174
25,2,146.346154,27.115385
26,2,151.769231,26.615385
27,2,156.500000,29.750000
28,2,162.600000,24.160000
29,2,165.440000,28.120000
30,2,169.565217,27.347826
31,2,75.391304,35.043478
34,2,89.400000,29.080000
35,2,94.230769,32.153846
36,2,100.461538,31.576923
38,2,110.791667,33.750000
40,2,123.043478,33.391304
41,2,127.160000,32.400000
42,2,132.545455,30.500000
45,2,146.500000,31.208333
46,2,152.115385,32.000000
47,2,159.260870,33.478261
48,2,160.923077,29.076923
49,2,166.833333,33.375000
50,2,171.560000,31.440000
51,2,176.136364,31.409091
52,2,184.043478,34.434783
53,2,71.714286,37.952381
57,2,93.160000,36.800000
58,2,97.125000,39.375000
59,2,99.391304,35.913043
61,2,110.520000,38.400000
63,2,124.956522,37.956522
65,2,131.760000,35.120000
67,2,144.250000,37.125000
68,2,148.296296,35.555556
70,2,156.400000,37.000000
73,2,174.000000,37.440000
74,2,178.695652,36.347826
75,2,183.625000,38.125000
77,2,192.217391,36.782609
78,2,59.476190,42.000000
80,2,73.120000,41.440000
82,2,80.608696,45.782609
83,2,86.296296,42.851852
86,2,103.200000,40.600000
87,2,108.480000,41.160000
89,2,117.120000,45.040000
90,2,119.884615,40.730769
91,2,125.400000,42.560000
94,2,144.192308,41.769231
95,2,147.818182,43.590909
96,2,152.000000,43.782609
97,2,156.666667,43.700000
103,2,187.038462,44.269231
105,2,192.318182,42.863636
106,2,57.130435,46.782609
110,2,76.090909,45.090909
111,2,84.083333,48.083333
113,2,89.307692,47.923077
117,2,112.363636,47.636364
122,2,138.458333,47.208333
124,2,145.260870,47.130435
126,2,154.125000,48.166667
128,2,168.400000,46.000000
132,2,184.740741,51.259259
133,2,193.652174,46.217391
135,2,199.846154,46.807692
136,2,55.846154,51.576923
138,2,61.714286,52.714286
140,2,74.272727,52.681818
141,2,76.954545,56.454545
143,2,90.720000,52.440000
144,2,95.565217,50.347826
145,2,95.913043,54.347826
147,2,106.851852,53.703704
148,2,111.458333,52.416667
150,2,121.916667,55.083333
157,2,157.291667,52.125000
160,2,170.750000,50.375000
161,2,175.360000,52.400000
163,2,189.178571,48.964286
165,2,196.818182,50.409091
167,2,205.043478,52.130435
168,2,48.880000,60.240000
169,2,53.000000,55.350000
170,2,58.115385,56.923077
172,2,64.041667,56.916667
175,2,81.640000,56.320000
176,2,87.304348,56.391304
178,2,96.269231,57.500000
183,2,124.720000,59.480000
185,2,129.960000,58.160000
186,2,133.041667,63.083333
187,2,141.192308,57.384615
190,2,157.083333,57.500000
193,2,172.916667,56.291667
195,2,182.185185,57.148148
196,2,186.739130,56.565217
198,2,194.560000,55.040000
200,2,206.791667,55.458333
203,2,43.800000,60.920000
204,2,53.956522,60.304348
205,2,57.461538,63.076923
208,2,73.434783,65.347826
209,2,77.076923,61.884615
210,2,81.916667,60.916667
211,2,86.148148,62.185185
213,2,94.840000,61.040000
215,2,107.360000,65.040000
218,2,120.880000,61.320000
219,2,127.846154,63.576923
220,2,137.333333,60.416667
223,2,148.826087,63.347826
224,2,152.260870,60.260870
225,2,156.333333,62.541667
229,2,175.260870,64.304348
230,2,180.291667,62.125000
231,2,185.083333,61.916667
235,2,206.692308,64.615385
236,2,209.115385,59.692308
243,2,69.681818,62.909091
245,2,77.666667,67.458333
248,2,91.086957,65.869565
251,2,107.958333,68.583333
253,2,118.782609,66.782609
256,2,132.545455,68.181818
257,2,137.608696,67.956522
260,2,153.217391,66.695652
261,2,158.173913,66.869565
262,2,162.480000,64.800000
263,2,165.400000,72.040000
264,2,168.480000,65.480000
265,2,174.960000,69.400000
267,2,183.260870,66.304348
269,2,194.040000,68.200000
270,2,199.869565,67.000000
278,2,51.037037,75.814815
279,2,57.000000,71.304348
283,2,76.038462,71.846154
284,2,80.565217,71.434783
286,2,89.160000,70.280000
287,2,94.560000,71.120000
289,2,105.681818,70.500000
291,2,117.769231,71.884615
292,2,122.739130,72.913043
293,2,127.750000,72.000000
294,2,132.333333,74.148148
295,2,136.458333,72.750000
296,2,140.913043,72.913043
297,2,145.363636,73.090909
299,2,156.208333,71.458333
300,2,161.608696,70.478261
301,2,170.200000,73.080000
302,2,169.880000,68.640000
311,2,216.080000,74.760000
312,2,222.259259,72.814815
313,2,34.545455,74.954545
315,2,42.360000,77.440000
316,2,46.240000,74.200000
318,2,56.115385,76.153846
319,2,60.269231,74.769231
321,2,73.400000,74.960000
325,2,92.130435,75.086957
328,2,106.375000,75.916667
331,2,122.777778,77.222222
332,2,128.040000,77.320000
336,2,143.538462,77.923077
337,2,148.920000,77.040000
339,2,160.115385,75.076923
341,2,169.125000,78.291667
345,2,195.272727,77.681818
346,2,195.708333,72.958333
347,2,200.380952,79.476190
348,2,212.041667,78.083333
349,2,210.434783,73.739130
350,2,217.541667,79.166667
354,2,36.181818,81.454545
355,2,41.192308,83.500000
356,2,45.583333,81.291667
358,2,58.120000,82.120000
359,2,62.080000,80.360000
361,2,72.920000,80.720000
362,2,77.590909,81.181818
363,2,82.000000,84.391304
365,2,91.869565,80.173913
366,2,95.909091,82.500000
369,2,110.333333,81.888889
375,2,144.250000,84.250000
378,2,159.120000,82.560000
380,2,164.304348,82.869565
381,2,170.541667,82.791667
382,2,177.909091,83.045455
389,2,212.520000,82.720000
390,2,217.272727,83.500000
391,2,221.666667,84.333333
393,2,28.259259,89.555556
395,2,36.560000,86.240000
397,2,47.434783,85.739130
399,2,56.200000,87.300000
401,2,67.500000,88.375000
404,2,82.692308,88.807692
405,2,88.814815,88.000000
406,2,93.076923,85.461538
409,2,110.730769,86.153846
410,2,114.074074,89.037037
411,2,117.833333,86.583333
416,2,143.173913,88.130435
420,2,162.760000,87.200000
421,2,167.625000,86.291667
422,2,174.200000,82.560000
423,2,178.708333,88.875000
424,2,181.208333,85.541667
425,2,185.625000,85.458333
427,2,198.125000,87.291667
428,2,203.909091,87.500000
429,2,208.400000,87.560000
432,2,218.571429,88.333333
433,2,225.142857,87.285714
434,2,231.304348,87.565217
436,2,32.440000,90.800000
438,2,43.750000,91.458333
439,2,47.400000,93.600000
440,2,52.769231,91.192308
441,2,58.826087,90.521739
444,2,74.320000,90.280000
445,2,78.320000,90.240000
447,2,87.653846,92.653846
448,2,92.375000,91.041667
449,2,96.444444,92.777778
450,2,106.923077,87.923077
453,2,119.086957,91.260870
455,2,130.200000,93.560000
456,2,131.576923,97.153846
458,2,144.375000,92.916667
463,2,166.739130,91.782609
464,2,172.846154,88.384615
465,2,177.961538,92.730769
466,2,183.615385,91.423077
473,2,218.653846,92.576923
474,2,223.750000,90.875000
476,2,235.250000,91.583333
479,2,38.148148,98.296296
480,2,44.160000,97.080000
482,2,52.038462,96.769231
485,2,67.565217,99.260870
489,2,87.653846,98.615385
490,2,92.000000,96.846154
495,2,116.400000,94.720000
496,2,120.916667,96.708333
497,2,125.208333,97.291667
499,2,136.625000,101.000000
501,2,147.136364,96.181818
504,2,164.090909,95.227273
509,2,186.360000,95.920000
510,2,190.791667,96.125000
511,2,194.814815,98.185185
512,2,201.040000,95.560000
515,2,217.695652,97.478261
517,2,226.000000,100.250000
519,2,236.583333,97.083333
520,2,22.791667,100.708333
521,2,27.880000,101.240000
522,2,32.640000,100.280000
523,2,39.038462,102.769231
526,2,52.541667,102.083333
528,2,63.000000,100.500000
530,2,68.333333,103.481481
532,2,83.583333,101.500000
533,2,87.739130,103.391304
537,2,107.440000,100.080000
538,2,112.125000,102.375000
539,2,117.083333,100.333333
540,2,121.960000,101.960000
544,2,141.360000,99.320000
545,2,146.259259,101.296296
546,2,151.391304,102.434783
550,2,172.538462,101.923077
551,2,177.916667,101.375000
552,2,182.636364,100.454545
553,2,186.320000,102.480000
554,2,190.360000,101.920000
555,2,195.250000,103.416667
556,2,200.260870,100.956522
558,2,212.120000,102.960000
559,2,216.000000,102.480000
560,2,221.481481,101.703704
561,2,230.541667,103.666667
564,2,24.000000,105.807692
567,2,36.291667,106.708333
570,2,54.576923,106.461538
571,2,58.076923,107.269231
572,2,62.160000,106.280000
573,2,64.909091,108.636364
574,2,70.458333,107.041667
576,2,79.703704,106.185185
577,2,84.814815,107.333333
578,2,90.600000,108.200000
583,2,115.680000,105.440000
584,2,120.120000,107.440000
587,2,142.652174,109.000000
588,2,142.318182,103.863636
589,2,146.875000,107.708333
590,2,151.000000,107.040000
591,2,155.423077,106.961538
592,2,159.791667,107.041667
594,2,173.360000,107.760000
595,2,177.538462,106.653846
596,2,181.772727,105.727273
599,2,199.583333,104.833333
601,2,206.416667,107.791667
602,2,211.560000,107.600000
603,2,218.727273,106.000000
604,2,224.041667,106.333333
605,2,228.583333,107.041667
606,2,235.320000,107.240000
609,2,26.782609,111.000000
610,2,30.480000,113.920000
612,2,40.000000,116.814815
613,2,46.200000,112.200000
614,2,52.346154,110.884615
615,2,57.130435,112.826087
620,2,82.107143,111.321429
625,2,106.000000,113.208333
626,2,110.240000,112.560000
627,2,114.875000,109.750000
631,2,137.074074,111.333333
632,2,142.782609,113.260870
633,2,148.086957,112.826087
634,2,152.142857,113.321429
635,2,157.041667,112.583333
636,2,162.880000,110.480000
639,2,176.153846,111.884615
641,2,188.560000,113.720000
643,2,195.583333,109.333333
645,2,207.730769,112.461538
646,2,212.333333,113.041667
648,2,221.960000,111.120000
649,2,226.800000,112.120000
650,2,232.083333,111.125000
651,2,237.041667,111.833333
653,2,27.958333,119.250000
658,2,53.583333,120.416667
659,2,55.217391,116.913043
660,2,61.115385,119.269231
662,2,72.125000,117.458333
664,2,81.666667,117.458333
665,2,86.481481,117.000000
668,2,104.925926,117.370370
671,2,115.192308,114.038462
675,2,139.840000,115.680000
678,2,152.280000,119.120000
680,2,162.916667,114.041667
681,2,167.555556,116.666667
682,2,171.640000,115.800000
683,2,177.666667,115.777778
684,2,182.545455,117.000000
686,2,195.600000,115.800000
688,2,200.909091,116.272727
690,2,212.333333,118.000000
691,2,217.875000,115.083333
692,2,222.740741,116.259259
693,2,226.409091,119.909091
694,2,230.173913,115.782609
696,2,21.920000,121.080000
697,2,28.555556,123.740741
700,2,42.200000,122.000000
701,2,45.833333,125.833333
703,2,57.956522,123.000000
705,2,67.000000,121.043478
706,2,72.173913,121.869565
707,2,76.291667,121.375000
713,2,105.160000,122.080000
716,2,121.000000,119.708333
717,2,124.296296,122.777778
718,2,128.666667,119.083333
720,2,141.478261,120.869565
722,2,152.346154,123.538462
727,2,177.923077,121.269231
731,2,197.038462,121.115385
732,2,201.541667,121.041667
733,2,205.833333,121.375000
734,2,211.478261,121.652174
736,2,222.925926,124.111111
740,2,22.761905,125.190476
741,2,29.708333,127.541667
746,2,48.869565,130.652174
748,2,62.958333,128.041667
752,2,81.600000,122.400000
753,2,86.625000,127.666667
756,2,102.148148,125.814815
757,2,106.000000,129.391304
758,2,109.851852,126.925926
761,2,128.565217,124.782609
766,2,152.440000,127.760000
767,2,157.680000,127.160000
768,2,160.600000,124.960000
769,2,168.043478,126.739130
775,2,197.750000,127.250000
776,2,202.434783,126.565217
781,2,228.083333,125.666667
782,2,232.521739,128.000000
783,2,237.130435,126.173913
785,2,27.636364,131.681818
786,2,31.640000,133.320000
787,2,35.909091,130.863636
789,2,49.208333,134.458333
791,2,57.875000,128.416667
792,2,60.407407,132.740741
793,2,68.000000,130.000000
794,2,70.545455,133.772727
800,2,102.538462,132.961538
801,2,106.869565,135.826087
802,2,110.458333,132.541667
807,2,134.000000,130.750000
809,2,147.208333,132.791667
810,2,152.000000,132.913043
814,2,172.869565,132.434783
816,2,180.259259,133.740741
820,2,200.720000,133.240000
821,2,205.884615,130.961538
822,2,212.625000,131.875000
825,2,226.280000,129.160000
826,2,229.565217,133.173913
829,2,26.708333,136.916667
830,2,31.708333,138.375000
831,2,36.680000,135.960000
832,2,41.304348,138.391304
833,2,45.541667,138.000000
834,2,51.750000,138.416667
835,2,58.200000,136.440000
837,2,67.333333,137.333333
840,2,78.782609,140.173913
844,2,102.958333,137.708333
852,2,144.666667,139.370370
854,2,153.750000,138.583333
855,2,155.739130,132.260870
857,2,168.884615,136.153846
858,2,173.520000,136.640000
861,2,184.692308,138.307692
862,2,189.250000,137.000000
864,2,203.538462,136.346154
868,2,225.347826,138.217391
870,2,233.083333,134.666667
871,2,236.666667,137.703704
872,2,23.652174,142.521739
873,2,27.434783,142.608696
874,2,32.692308,142.423077
876,2,41.500000,143.833333
878,2,53.347826,143.347826
879,2,56.846154,140.769231
881,2,66.520000,141.680000
884,2,83.192308,140.423077
888,2,106.625000,141.625000
890,2,113.520000,142.680000
893,2,127.952381,142.666667
895,2,132.100000,142.750000
897,2,149.310345,137.724138
900,2,162.782609,141.391304
902,2,171.217391,141.652174
903,2,175.541667,142.708333
907,2,199.227273,139.227273
908,2,202.695652,142.304348
909,2,207.400000,140.600000
911,2,217.280000,141.680000
912,2,221.240000,143.360000
913,2,226.440000,141.720000
915,2,236.320000,143.800000
917,2,25.259259,147.185185
918,2,32.000000,146.500000
919,2,37.173913,146.608696
922,2,53.875000,148.041667
924,2,62.333333,148.500000
925,2,67.000000,145.961538
926,2,71.541667,144.125000
928,2,83.833333,145.583333
932,2,101.320000,145.880000
933,2,106.000000,145.260870
935,2,116.000000,149.500000
937,2,128.291667,147.708333
938,2,133.375000,146.458333
940,2,143.115385,146.230769
942,2,153.884615,146.076923
943,2,157.730769,144.769231
944,2,161.560000,146.360000
945,2,166.166667,148.000000
947,2,178.608696,147.478261
949,2,190.000000,147.652174
953,2,206.120000,146.280000
954,2,210.888889,146.555556
957,2,226.000000,146.280000
958,2,230.782609,144.347826
961,2,30.115385,150.961538
962,2,34.958333,151.166667
966,2,53.500000,154.000000
967,2,57.304348,152.217391
968,2,63.478261,153.043478
969,2,67.166667,151.708333
971,2,77.590909,152.090909
972,2,82.280000,151.160000
973,2,87.230769,148.538462
974,2,92.416667,153.125000
980,2,122.695652,154.260870
981,2,127.250000,152.916667
982,2,132.041667,151.708333
984,2,144.000000,151.962963
988,2,159.560000,150.440000
990,2,172.384615,154.346154
992,2,179.160000,151.560000
994,2,192.400000,151.760000
995,2,197.000000,153.250000
996,2,202.038462,153.000000
997,2,206.148148,150.666667
999,2,219.791667,149.125000
1003,2,237.565217,149.869565
1006,2,31.041667,155.666667
1007,2,37.833333,156.416667
1008,2,39.875000,159.791667
1009,2,44.375000,155.708333
1011,2,57.826087,158.913043
1013,2,67.875000,157.000000
1014,2,73.074074,156.481481
1017,2,83.625000,157.125000
1018,2,89.250000,156.833333
1022,2,112.458333,160.000000
1023,2,117.695652,155.652174
1027,2,136.038462,157.423077
1028,2,141.240000,156.920000
1029,2,145.791667,156.208333
1030,2,150.230769,156.346154
1032,2,161.166667,156.416667
1033,2,167.541667,157.333333
1034,2,173.304348,158.652174
1035,2,178.045455,155.318182
1036,2,182.500000,157.500000
1037,2,185.640000,155.400000
1038,2,191.560000,157.040000
1039,2,196.625000,158.333333
1044,2,219.954545,155.272727
1045,2,228.000000,158.434783
1047,2,236.047619,155.333333
1051,2,46.120000,160.200000
1052,2,44.916667,164.875000
1055,2,62.500000,160.500000
1056,2,67.043478,160.869565
1058,2,77.615385,160.192308
1059,2,82.080000,163.160000
1060,2,86.615385,161.153846
1061,2,91.307692,162.115385
1065,2,110.000000,163.130435
1066,2,118.040000,163.360000
1067,2,118.370370,159.925926
1068,2,125.521739,163.130435
1069,2,134.523810,162.190476
1072,2,146.680000,161.280000
1073,2,152.166667,162.291667
1074,2,155.080000,160.760000
1075,2,159.454545,161.181818
1077,2,172.041667,162.833333
1078,2,177.777778,160.333333
1080,2,187.480000,160.600000
1081,2,193.407407,162.296296
1085,2,210.958333,162.541667
1088,2,226.041667,162.250000
1091,2,27.125000,166.791667
1092,2,33.592593,167.148148
1093,2,37.307692,164.307692
1094,2,40.739130,165.478261
1096,2,50.347826,164.434783
1097,2,59.760000,164.440000
1098,2,65.000000,165.590909
1101,2,78.000000,165.695652
1103,2,87.962963,166.259259
1106,2,98.478261,171.565217
1107,2,106.454545,166.045455
1110,2,121.080000,166.680000
1112,2,132.666667,168.541667
1113,2,137.083333,167.000000
1114,2,142.625000,171.666667
1115,2,147.384615,166.923077
1116,2,151.240000,167.480000
1118,2,162.160000,164.360000
1119,2,167.954545,164.909091
1121,2,175.920000,165.680000
1123,2,188.384615,165.961538
1127,2,207.375000,168.916667
1130,2,225.608696,166.565217
1134,2,30.629630,171.111111
1135,2,41.000000,170.160000
1138,2,50.653846,169.000000
1142,2,72.640000,171.320000
1143,2,77.681818,171.590909
1144,2,81.500000,172.846154
1150,2,109.400000,169.440000
1151,2,117.040000,173.560000
1152,2,121.772727,171.818182
1157,2,147.800000,172.840000
1158,2,151.807692,173.500000
1159,2,161.240000,168.280000
1161,2,165.560000,169.760000
1163,2,177.391304,169.695652
1167,2,197.521739,173.739130
1168,2,202.555556,170.407407
1170,2,211.384615,173.230769
1172,2,224.958333,171.291667
1180,2,56.760000,180.080000
1182,2,63.153846,178.153846
1183,2,68.791667,175.750000
1187,2,88.307692,176.038462
1188,2,95.750000,175.916667
1191,2,111.541667,174.250000
1194,2,125.807692,178.346154
1195,2,130.400000,177.560000
1197,2,143.280000,176.640000
1198,2,147.160000,178.640000
1199,2,153.692308,178.269231
1202,2,167.565217,177.391304
1205,2,181.583333,175.541667
1206,2,185.083333,177.041667
1207,2,193.280000,173.360000
1211,2,211.043478,177.913043
1215,2,31.478261,180.739130
1217,2,41.440000,184.080000
1219,2,52.000000,179.961538
1221,2,65.000000,182.884615
1226,2,87.826087,180.652174
1227,2,92.360000,180.760000
1228,2,96.888889,180.592593
1232,2,118.458333,179.333333
1233,2,122.920000,184.440000
1237,2,141.800000,181.960000
1239,2,151.772727,182.090909
1240,2,156.038462,186.115385
1242,2,167.739130,181.521739
1245,2,182.826087,182.130435
1251,2,214.625000,181.875000
1252,2,217.590909,178.818182
1253,2,219.727273,183.136364
1255,2,34.600000,184.640000
1257,2,47.375000,186.125000
1258,2,52.400000,184.760000
1260,2,61.500000,188.583333
1262,2,74.409091,187.136364
1263,2,77.500000,185.818182
1264,2,82.000000,188.807692
1265,2,86.958333,186.666667
1269,2,104.760000,188.200000
1271,2,119.583333,185.666667
1273,2,127.000000,185.346154
1274,2,131.653846,187.153846
1275,2,135.916667,188.041667
1278,2,151.800000,187.000000
1280,2,160.296296,185.962963
1281,2,165.884615,186.307692
1282,2,173.625000,186.125000
1283,2,178.250000,184.050000
1284,2,181.416667,187.791667
1285,2,186.000000,187.000000
1286,2,191.346154,187.307692
1293,2,37.416667,188.958333
1295,2,49.125000,190.125000
1296,2,52.285714,190.809524
1297,2,57.000000,191.720000
1299,2,65.730769,188.653846
1301,2,76.520000,191.120000
1302,2,78.391304,194.739130
1306,2,101.652174,192.956522
1307,2,105.480000,192.720000
1309,2,116.363636,188.636364
1311,2,128.958333,191.791667
1312,2,132.541667,193.458333
1314,2,142.222222,192.666667
1315,2,148.000000,191.115385
1316,2,153.740741,192.518519
1317,2,158.461538,192.692308
1319,2,166.166667,191.291667
1320,2,170.769231,189.884615
1322,2,183.826087,191.913043
1330,2,220.280000,191.480000
1333,2,54.500000,195.423077
1337,2,72.400000,197.640000
1338,2,78.000000,199.600000
1339,2,82.708333,197.791667
1340,2,89.857143,197.428571
1341,2,93.250000,194.678571
1343,2,103.863636,197.954545
1346,2,115.541667,197.458333
1350,2,136.375000,195.208333
1352,2,144.000000,196.666667
1354,2,155.000000,197.720000
1355,2,160.730769,197.961538
1356,2,165.777778,196.259259
1357,2,170.538462,195.653846
1360,2,186.480000,195.640000
1362,2,197.875000,200.458333
1364,2,207.481481,198.148148
1366,2,215.857143,196.238095
1367,2,47.086957,200.130435
1368,2,52.391304,201.086957
1369,2,56.846154,200.115385
1371,2,67.000000,202.875000
1372,2,73.130435,201.652174
1373,2,77.304348,203.913043
1377,2,94.375000,199.958333
1379,2,107.461538,201.846154
1380,2,110.190476,204.476190
1381,2,116.384615,201.846154
1383,2,126.428571,200.714286
1385,2,137.043478,201.086957
1389,2,156.608696,202.391304
1390,2,162.576923,202.307692
1392,2,178.160000,202.680000
1393,2,180.791667,207.125000
1394,2,182.423077,201.307692
1397,2,195.076923,204.500000
1399,2,206.652174,202.869565
1400,2,211.960000,200.800000
1403,2,62.208333,205.375000
1404,2,65.227273,208.500000
1405,2,70.680000,205.880000
1407,2,82.640000,204.080000
1408,2,84.880000,208.880000
1412,2,105.090909,206.954545
1414,2,116.269231,206.346154
1415,2,121.625000,206.375000
1418,2,135.807692,206.846154
1419,2,140.208333,208.291667
1420,2,144.038462,205.307692
1421,2,151.333333,208.037037
1422,2,155.240000,209.240000
1423,2,160.200000,206.040000
1426,2,174.666667,203.518519
1428,2,188.708333,211.958333
1432,2,205.956522,207.782609
1436,2,68.916667,210.708333
1439,2,87.000000,212.041667
1440,2,92.000000,212.520000
1442,2,105.041667,212.166667
1445,2,118.500000,211.136364
1446,2,123.200000,211.920000
1447,2,126.960000,210.880000
1448,2,131.636364,210.227273
1449,2,136.730769,212.692308
1452,2,151.769231,213.807692
1453,2,158.590909,210.727273
1454,2,163.956522,209.826087
1457,2,175.875000,209.250000
1459,2,184.923077,209.500000
1462,2,202.833333,213.250000
1463,2,62.833333,216.708333
1464,2,68.920000,219.040000
1465,2,71.000000,215.416667
1466,2,75.608696,215.521739
1470,2,98.125000,218.375000
1471,2,100.652174,215.086957
1473,2,113.708333,217.916667
1475,2,121.500000,215.863636
1477,2,131.653846,215.538462
1479,2,135.826087,217.000000
1481,2,152.227273,218.363636
1482,2,156.560000,217.000000
1486,2,180.280000,220.720000
1488,2,185.434783,216.260870
1490,2,197.200000,216.560000
1491,2,66.136364,221.227273
1493,2,79.333333,219.750000
1494,2,84.120000,221.480000
1495,2,87.695652,223.565217
1497,2,96.080000,222.440000
1501,2,118.583333,219.000000
1502,2,123.826087,221.000000
1503,2,127.625000,221.291667
1505,2,138.826087,223.086957
1508,2,153.458333,222.458333
1509,2,157.444444,224.592593
1510,2,160.130435,219.608696
1511,2,167.481481,220.703704
1513,2,176.541667,221.166667
1514,2,183.375000,223.875000
1517,2,78.680000,223.920000
1518,2,82.173913,227.739130
1519,2,86.363636,227.954545
1520,2,91.400000,227.720000
1521,2,95.200000,225.880000
1522,2,101.000000,226.000000
1523,2,107.590909,225.727273
1524,2,111.920000,226.600000
1525,2,117.680000,225.360000
1528,2,130.240000,225.600000
1532,2,151.250000,226.958333
1533,2,156.772727,228.909091
1536,2,173.347826,225.217391
1539,2,87.280000,231.960000
1541,2,97.958333,230.833333
1544,2,112.238095,231.857143
1545,2,116.708333,229.833333
1546,2,121.480000,231.880000
1549,2,137.166667,233.666667
1550,2,142.360000,232.080000
1551,2,147.956522,231.347826
1553,2,159.916667,232.500000
1554,2,164.833333,231.333333
1557,2,98.960000,235.080000
1562,2,121.916667,236.916667
1563,2,126.791667,235.041667
1564,2,132.320000,234.560000
1565,2,139.260870,238.173913
1568,2,152.541667,237.791667
1570,2,162.541667,236.500000
1,1,101.454545,24.954545
3,1,116.680000,23.960000
4,1,117.653846,28.076923
5,1,120.454545,22.909091
10,1,148.230769,22.000000
12,1,157.695652,23.260870
13,1,88.615385,34.269231
15,1,98.791667,25.541667
16,1,104.208333,29.125000
18,1,112.769231,23.807692
22,1,137.272727,29.772727
23,1,136.458333,34.625000
32,1,80.956522,32.130435
33,1,85.363636,34.954545
37,1,105.125000,28.791667
39,1,120.000000,34.920000
43,1,137.875000,36.916667
44,1,141.913043,32.000000
54,1,81.153846,41.115385
55,1,80.680000,36.600000
56,1,89.520000,40.400000
60,1,105.166667,35.375000
62,1,115.391304,36.434783
64,1,129.666667,40.666667
66,1,139.478261,41.173913
69,1,151.807692,38.692308
71,1,164.869565,38.652174
72,1,170.076923,36.807692
76,1,181.920000,44.200000
79,1,68.160000,45.120000
81,1,79.916667,37.000000
84,1,93.862069,43.068966
85,1,100.923077,44.307692
88,1,114.240000,41.760000
92,1,132.120000,46.440000
93,1,136.560000,42.080000
98,1,161.840000,37.400000
99,1,161.120000,42.520000
100,1,169.478261,41.391304
101,1,176.560000,42.320000
102,1,181.692308,43.115385
104,1,189.304348,38.869565
107,1,63.217391,44.217391
108,1,69.600000,45.400000
109,1,68.920000,46.160000
112,1,78.892857,50.714286
114,1,96.807692,48.576923
115,1,100.875000,47.541667
116,1,107.680000,45.960000
118,1,119.153846,49.115385
119,1,123.708333,46.500000
120,1,124.280000,49.680000
121,1,132.045455,42.636364
123,1,139.200000,56.080000
125,1,150.043478,50.173913
127,1,162.136364,47.136364
129,1,164.090909,56.090909
130,1,173.307692,44.807692
131,1,178.291667,47.583333
134,1,200.761905,51.904762
137,1,61.076923,50.423077
139,1,65.350000,50.650000
142,1,85.240000,52.520000
146,1,104.960000,49.040000
149,1,116.259259,52.518519
151,1,131.333333,50.833333
152,1,132.240000,52.240000
153,1,134.875000,56.833333
154,1,143.320000,52.920000
155,1,140.000000,50.960000
156,1,149.115385,52.769231
158,1,162.913043,46.695652
159,1,168.375000,54.291667
162,1,180.440000,51.680000
164,1,191.769231,52.269231
166,1,199.615385,56.730769
171,1,61.840000,61.880000
173,1,68.750000,51.208333
174,1,72.535714,57.642857
177,1,90.125000,60.208333
179,1,101.916667,55.875000
180,1,108.521739,60.521739
181,1,109.142857,59.178571
182,1,116.500000,56.884615
184,1,126.777778,53.444444
188,1,151.692308,55.576923
189,1,147.833333,58.333333
191,1,161.080000,57.600000
192,1,163.360000,51.640000
194,1,177.600000,57.520000
197,1,189.695652,59.695652
199,1,204.160000,60.240000
201,1,212.920000,58.880000
202,1,46.583333,70.458333
206,1,58.565217,68.565217
207,1,69.640000,56.840000
212,1,98.333333,65.259259
214,1,103.040000,64.640000
216,1,111.851852,58.629630
217,1,115.680000,63.320000
221,1,141.545455,67.227273
222,1,144.080000,62.840000
226,1,167.954545,62.045455
227,1,164.956522,59.521739
228,1,171.875000,60.875000
232,1,198.962963,63.185185
233,1,194.520000,59.760000
234,1,196.760000,62.560000
237,1,215.227273,67.318182
238,1,39.480000,67.120000
239,1,52.583333,66.500000
240,1,48.318182,66.636364
241,1,65.357143,63.285714
242,1,61.083333,67.791667
244,1,69.920000,68.920000
246,1,82.391304,66.000000
247,1,85.500000,69.125000
249,1,97.840000,69.280000
250,1,101.500000,61.500000
252,1,112.730769,69.038462
254,1,122.814815,66.407407
255,1,127.720000,68.400000
258,1,141.869565,66.304348
259,1,148.120000,68.640000
266,1,179.750000,69.208333
268,1,190.142857,66.107143
271,1,211.120000,68.080000
272,1,214.086957,63.869565
273,1,212.640000,73.000000
274,1,217.130435,68.695652
275,1,39.000000,71.680000
276,1,43.208333,66.916667
277,1,50.958333,67.291667
280,1,65.375000,74.875000
281,1,69.681818,75.590909
282,1,66.960000,69.880000
285,1,86.043478,73.913043
288,1,100.541667,70.083333
290,1,112.346154,73.038462
298,1,151.480000,72.320000
303,1,178.000000,72.800000
304,1,186.461538,72.076923
305,1,187.962963,73.666667
306,1,184.615385,70.615385
307,1,198.370370,73.000000
308,1,207.363636,80.681818
309,1,203.923077,70.000000
310,1,205.880000,70.680000
314,1,39.037037,76.370370
317,1,50.360000,79.480000
320,1,67.518519,81.111111
322,1,78.434783,77.043478
323,1,82.461538,78.730769
324,1,86.800000,78.160000
326,1,97.000000,75.703704
327,1,101.652174,78.565217
329,1,112.608696,78.347826
330,1,116.960000,77.200000
333,1,133.080000,81.320000
334,1,136.880000,77.600000
335,1,139.384615,81.269231
338,1,158.280000,77.720000
340,1,163.458333,78.708333
342,1,174.120000,76.320000
343,1,179.333333,77.703704
344,1,188.416667,77.208333
351,1,224.240000,77.320000
352,1,223.260870,78.130435
353,1,32.000000,80.916667
357,1,52.000000,82.375000
360,1,64.153846,84.192308
364,1,86.769231,83.153846
367,1,104.807692,81.076923
368,1,100.846154,80.423077
370,1,117.423077,81.500000
371,1,122.666667,83.888889
372,1,127.560000,82.880000
373,1,131.958333,84.125000
374,1,137.409091,84.409091
376,1,147.560000,81.560000
377,1,153.208333,83.875000
379,1,155.192308,77.230769
383,1,183.458333,80.250000
384,1,189.769231,82.769231
385,1,191.291667,82.000000
386,1,200.160000,83.520000
387,1,202.521739,75.826087
388,1,204.791667,82.375000
392,1,226.160000,82.560000
394,1,31.833333,85.666667
396,1,42.320000,87.960000
398,1,51.880000,87.000000
400,1,61.291667,86.625000
402,1,68.500000,85.346154
403,1,75.269231,85.576923
407,1,100.961538,88.961538
408,1,100.500000,85.392857
412,1,122.185185,83.740741
413,1,126.428571,89.035714
414,1,138.666667,89.166667
415,1,134.782609,89.739130
417,1,148.458333,88.666667
418,1,156.916667,97.500000
419,1,155.583333,88.333333
426,1,192.880000,89.360000
430,1,212.148148,93.185185
431,1,213.076923,89.576923
435,1,31.720000,95.720000
437,1,38.400000,91.160000
442,1,61.360000,94.760000
443,1,69.454545,92.090909
446,1,79.391304,99.826087
451,1,107.347826,95.956522
452,1,109.208333,92.583333
454,1,125.250000,92.291667
457,1,134.851852,93.814815
459,1,152.000000,92.520000
460,1,151.791667,85.333333
461,1,157.391304,92.130435
462,1,160.807692,90.692308
467,1,189.423077,91.153846
468,1,194.458333,82.083333
469,1,195.896552,92.689655
470,1,198.875000,90.583333
471,1,204.888889,99.000000
472,1,209.615385,94.000000
475,1,229.875000,91.583333
477,1,26.692308,96.307692
478,1,38.347826,94.695652
481,1,47.680000,100.120000
483,1,56.333333,95.333333
484,1,65.961538,94.653846
486,1,79.640000,95.040000
487,1,74.000000,95.153846
488,1,83.320000,94.880000
491,1,98.652174,96.043478
492,1,101.960000,93.120000
493,1,98.444444,101.444444
494,1,112.304348,96.782609
498,1,132.782609,106.391304
500,1,139.464286,94.785714
502,1,152.500000,97.625000
503,1,162.090909,97.954545
505,1,167.360000,96.840000
506,1,175.192308,97.307692
507,1,172.250000,93.000000
508,1,180.666667,96.666667
513,1,206.304348,92.391304
514,1,211.444444,98.592593
516,1,223.652174,96.217391
518,1,227.730769,95.076923
524,1,44.173913,103.913043
525,1,42.600000,107.800000
527,1,57.640000,100.760000
529,1,67.916667,98.500000
531,1,74.333333,102.916667
534,1,96.555556,105.666667
535,1,92.814815,102.333333
536,1,102.280000,98.000000
541,1,127.440000,102.040000
542,1,136.680000,106.040000
543,1,132.192308,102.423077
547,1,154.640000,99.560000
548,1,160.739130,103.043478
549,1,165.200000,103.440000
557,1,206.280000,102.560000
562,1,232.000000,97.090909
563,1,234.500000,100.045455
565,1,30.576923,107.884615
566,1,31.040000,104.800000
568,1,44.500000,106.500000
569,1,48.730769,106.615385
575,1,75.538462,103.923077
579,1,94.480000,111.840000
580,1,104.083333,104.833333
581,1,105.148148,106.074074
582,1,109.000000,107.000000
585,1,126.500000,111.142857
586,1,129.880000,111.160000
593,1,169.208333,100.916667
597,1,185.615385,108.769231
598,1,190.400000,107.040000
600,1,203.000000,110.521739
607,1,236.454545,103.045455
608,1,22.869565,111.347826
611,1,40.600000,112.320000
616,1,60.958333,114.208333
617,1,68.440000,112.040000
618,1,77.785714,116.142857
619,1,75.916667,110.416667
621,1,87.160000,112.560000
622,1,95.217391,117.347826
623,1,99.166667,111.583333
624,1,101.884615,109.769231
628,1,119.760000,114.240000
629,1,124.478261,107.391304
630,1,131.791667,110.458333
637,1,168.120000,106.600000
638,1,168.869565,111.086957
640,1,182.428571,111.714286
642,1,192.461538,111.384615
644,1,199.615385,110.615385
647,1,216.703704,110.222222
652,1,24.666667,116.407407
654,1,35.086957,112.521739
655,1,35.136364,115.727273
656,1,45.120000,118.360000
657,1,49.259259,116.259259
661,1,65.240000,114.480000
663,1,72.040000,113.000000
666,1,99.250000,114.458333
667,1,91.461538,115.769231
669,1,111.541667,120.791667
670,1,109.541667,119.708333
672,1,122.680000,115.640000
673,1,127.760000,115.400000
674,1,136.520000,119.960000
676,1,145.807692,117.769231
677,1,147.956522,121.869565
679,1,158.120000,118.000000
685,1,189.629630,122.962963
687,1,192.814815,120.185185
689,1,206.250000,116.375000
695,1,236.280000,117.160000
698,1,33.160000,120.240000
699,1,35.692308,123.461538
702,1,46.958333,124.166667
704,1,63.961538,121.576923
708,1,86.461538,122.961538
709,1,90.576923,121.807692
710,1,96.500000,121.423077
711,1,95.346154,126.846154
712,1,98.703704,123.740741
714,1,115.320000,126.560000
715,1,115.555556,120.481481
719,1,132.600000,120.440000
721,1,144.961538,124.653846
723,1,158.520000,120.520000
724,1,163.000000,118.083333
725,1,166.640000,124.040000
726,1,173.884615,120.038462
728,1,175.800000,126.280000
729,1,187.321429,125.428571
730,1,188.600000,118.920000
735,1,218.500000,119.730769
737,1,229.000000,120.320000
738,1,233.916667,122.666667
739,1,235.869565,119.217391
742,1,36.521739,124.260870
743,1,39.250000,127.333333
744,1,43.608696,130.782609
745,1,51.291667,126.166667
747,1,52.814815,125.555556
749,1,68.615385,125.807692
750,1,74.444444,129.111111
751,1,76.200000,126.160000
754,1,85.240000,127.360000
755,1,94.961538,129.423077
759,1,117.750000,125.892857
760,1,124.291667,127.791667
762,1,139.750000,130.458333
763,1,135.391304,123.260870
764,1,138.931034,126.172414
765,1,145.807692,128.653846
770,1,170.370370,123.703704
771,1,173.173913,127.608696
772,1,179.846154,128.461538
773,1,182.074074,128.259259
774,1,192.173913,131.347826
777,1,207.500000,126.678571
778,1,215.400000,125.840000
779,1,216.826087,129.956522
780,1,212.000000,125.125000
784,1,23.333333,129.625000
788,1,41.916667,133.416667
790,1,54.153846,132.692308
795,1,77.814815,132.296296
796,1,84.115385,134.807692
797,1,82.458333,131.250000
798,1,98.000000,132.961538
799,1,95.115385,137.000000
803,1,116.583333,131.750000
804,1,118.629630,130.592593
805,1,128.083333,132.291667
806,1,130.480000,135.800000
808,1,142.320000,133.880000
811,1,159.791667,134.041667
812,1,164.000000,137.461538
813,1,163.222222,131.000000
815,1,184.240000,122.360000
817,1,186.230769,132.730769
818,1,191.230769,127.038462
819,1,195.038462,131.807692
823,1,221.208333,128.625000
824,1,219.000000,129.920000
827,1,236.583333,131.250000
828,1,23.160000,133.960000
836,1,62.000000,140.777778
838,1,76.045455,143.318182
839,1,75.884615,135.807692
841,1,89.760000,132.320000
842,1,89.600000,139.480000
843,1,98.321429,139.428571
845,1,117.642857,139.464286
846,1,121.958333,141.750000
847,1,117.200000,136.640000
848,1,123.583333,134.208333
849,1,125.071429,137.428571
850,1,131.125000,127.916667
851,1,134.913043,135.608696
853,1,139.565217,141.521739
856,1,167.153846,131.884615
859,1,182.346154,141.038462
860,1,178.920000,139.520000
863,1,196.035714,136.285714
865,1,208.250000,135.250000
866,1,215.807692,135.423077
867,1,220.608696,136.391304
869,1,224.083333,134.875000
875,1,37.136364,141.045455
877,1,47.909091,141.863636
880,1,64.545455,134.863636
882,1,73.259259,139.481481
883,1,77.916667,147.166667
885,1,91.807692,146.500000
886,1,89.958333,135.625000
887,1,96.400000,142.920000
889,1,111.080000,138.160000
891,1,121.240000,149.680000
892,1,121.307692,142.500000
894,1,134.416667,140.291667
896,1,139.115385,137.923077
898,1,151.200000,144.400000
899,1,157.833333,139.166667
901,1,167.307692,143.653846
904,1,181.280000,144.320000
905,1,189.652174,140.478261
906,1,196.800000,147.080000
910,1,211.409091,141.181818
914,1,231.708333,139.708333
916,1,21.956522,152.043478
920,1,46.240000,147.440000
921,1,46.826087,145.304348
923,1,59.083333,145.500000
927,1,75.826087,147.782609
929,1,88.652174,142.695652
930,1,97.000000,147.200000
931,1,102.307692,154.346154
934,1,111.285714,147.535714
936,1,121.576923,146.884615
939,1,137.192308,147.807692
941,1,144.333333,148.541667
946,1,170.160000,148.720000
948,1,184.375000,145.875000
950,1,195.153846,142.961538
951,1,200.230769,147.961538
952,1,192.800000,144.120000
955,1,214.960000,147.680000
956,1,213.454545,140.227273
959,1,233.791667,148.208333
960,1,22.727273,159.454545
963,1,39.480000,151.960000
964,1,44.304348,152.304348
965,1,46.518519,150.222222
970,1,71.280000,149.680000
975,1,101.038462,150.384615
976,1,96.681818,152.727273
977,1,108.240000,157.000000
978,1,108.269231,155.500000
979,1,113.222222,151.777778
983,1,137.846154,152.269231
985,1,147.625000,144.125000
986,1,150.500000,151.041667
987,1,155.291667,153.958333
989,1,165.592593,153.148148
991,1,173.703704,149.037037
993,1,186.793103,151.620690
998,1,208.384615,154.153846
1000,1,223.518519,150.814815
1001,1,224.964286,154.642857
1002,1,231.037037,150.777778
1004,1,25.480000,152.720000
1005,1,27.916667,157.916667
1010,1,49.909091,154.772727
1012,1,60.500000,155.250000
1015,1,78.625000,155.375000
1016,1,87.208333,152.833333
1019,1,96.434783,158.217391
1020,1,99.520000,160.560000
1021,1,104.760000,160.880000
1024,1,124.000000,158.280000
1025,1,129.692308,157.076923
1026,1,130.280000,160.760000
1031,1,157.416667,154.916667
1040,1,207.884615,158.038462
1041,1,205.541667,160.500000
1042,1,215.666667,158.625000
1043,1,215.333333,152.083333
1046,1,230.375000,154.750000
1048,1,29.750000,163.791667
1049,1,33.280000,159.920000
1050,1,26.304348,160.347826
1053,1,50.961538,161.153846
1054,1,54.703704,162.259259
1057,1,72.538462,162.000000
1062,1,95.038462,160.846154
1063,1,106.880000,151.080000
1064,1,101.625000,165.625000
1070,1,143.518519,164.407407
1071,1,139.720000,162.320000
1076,1,165.600000,160.480000
1079,1,183.120000,163.920000
1082,1,200.360000,159.320000
1083,1,198.259259,165.037037
1084,1,206.320000,160.240000
1086,1,215.961538,163.038462
1087,1,220.040000,160.040000
1089,1,231.240000,164.080000
1090,1,233.769231,159.615385
1095,1,45.875000,170.458333
1099,1,73.555556,167.185185
1100,1,68.961538,167.423077
1102,1,83.076923,167.884615
1104,1,94.269231,167.346154
1105,1,104.076923,176.653846
1108,1,113.760000,169.800000
1109,1,115.250000,166.583333
1111,1,125.535714,167.785714
1117,1,156.037037,167.666667
1120,1,172.120000,169.200000
1122,1,181.320000,165.640000
1124,1,190.074074,178.037037
1125,1,203.615385,165.576923
1126,1,194.800000,167.080000
1128,1,212.200000,168.160000
1129,1,217.478261,163.173913
1131,1,214.846154,171.653846
1132,1,234.500000,166.230769
1133,1,32.782609,177.043478
1136,1,44.640000,177.520000
1137,1,56.120000,172.280000
1139,1,56.360000,169.960000
1140,1,65.000000,170.652174
1141,1,59.875000,169.625000
1145,1,86.840000,172.080000
1146,1,92.520000,172.520000
1147,1,95.640000,168.200000
1148,1,104.250000,170.416667
1149,1,101.086957,179.130435
1153,1,127.391304,171.913043
1154,1,129.640000,165.920000
1155,1,134.346154,172.500000
1156,1,140.000000,168.636364
1160,1,163.173913,173.304348
1162,1,169.461538,172.538462
1164,1,183.296296,170.333333
1165,1,188.592593,172.259259
1166,1,191.880000,169.560000
1169,1,200.000000,181.653846
1171,1,220.703704,164.481481
1173,1,227.125000,173.750000
1174,1,229.653846,169.384615
1175,1,34.423077,173.461538
1176,1,35.800000,178.960000
1177,1,42.076923,179.230769
1178,1,43.916667,177.041667
1179,1,52.038462,174.807692
1181,1,61.208333,175.000000
1184,1,75.545455,175.772727
1185,1,79.826087,179.260870
1186,1,83.130435,178.913043
1189,1,107.681818,178.954545
1190,1,108.560000,177.680000
1192,1,114.291667,178.875000
1193,1,121.880000,177.200000
1196,1,137.000000,175.347826
1200,1,160.458333,175.208333
1201,1,162.692308,180.230769
1203,1,172.851852,178.444444
1204,1,175.080000,175.360000
1208,1,197.782609,179.478261
1209,1,204.541667,178.375000
1210,1,207.240000,178.400000
1212,1,216.318182,171.227273
1213,1,222.625000,174.083333
1214,1,221.291667,176.125000
1216,1,38.400000,174.840000
1218,1,48.217391,178.173913
1220,1,60.280000,182.160000
1222,1,72.041667,180.583333
1223,1,69.043478,184.217391
1224,1,75.956522,180.782609
1225,1,82.714286,183.357143
1229,1,97.958333,185.791667
1230,1,106.320000,178.840000
1231,1,110.222222,184.925926
1234,1,130.320000,182.040000
1235,1,133.739130,176.043478
1236,1,139.240000,184.080000
1238,1,147.192308,183.538462
1241,1,156.692308,173.769231
1243,1,172.280000,182.400000
1244,1,178.111111,177.481481
1246,1,192.185185,179.888889
1247,1,189.259259,183.074074
1248,1,196.869565,185.478261
1249,1,201.423077,175.769231
1250,1,207.318182,184.181818
1254,1,224.185185,182.185185
1256,1,41.560000,188.240000
1259,1,57.000000,186.260870
1261,1,67.041667,175.458333
1266,1,92.703704,185.518519
1267,1,96.115385,191.153846
1268,1,103.230769,184.153846
1270,1,113.961538,185.730769
1272,1,123.920000,191.360000
1276,1,137.120000,180.160000
1277,1,144.370370,187.629630
1279,1,158.400000,180.920000
1287,1,196.636364,191.727273
1288,1,207.083333,185.750000
1289,1,204.291667,190.208333
1290,1,210.800000,184.880000
1291,1,215.173913,187.913043
1292,1,222.125000,187.458333
1294,1,42.227273,193.090909
1298,1,62.269231,194.923077
1300,1,71.000000,188.250000
1303,1,88.320000,190.440000
1304,1,84.629630,193.703704
1305,1,95.913043,189.565217
1308,1,112.086957,192.652174
1310,1,120.666667,197.888889
1313,1,139.166667,190.291667
1318,1,161.791667,191.041667
1321,1,176.821429,189.964286
1323,1,185.680000,193.920000
1324,1,189.818182,194.454545
1325,1,193.826087,194.260870
1326,1,200.708333,190.375000
1327,1,201.304348,193.695652
1328,1,207.269231,190.653846
1329,1,214.600000,192.840000
1331,1,45.080000,192.800000
1332,1,48.880000,196.520000
1334,1,60.520000,195.840000
1335,1,70.565217,195.434783
1336,1,67.615385,194.692308
1342,1,98.653846,197.461538
1344,1,111.000000,196.000000
1345,1,107.615385,197.230769
1347,1,118.666667,190.750000
1348,1,129.653846,201.307692
1349,1,126.653846,195.730769
1351,1,143.840000,201.920000
1353,1,149.555556,195.703704
1358,1,178.185185,195.000000
1359,1,174.961538,195.769231
1361,1,186.800000,199.840000
1363,1,203.291667,197.916667
1365,1,212.708333,190.416667
1370,1,64.000000,198.708333
1374,1,86.192308,201.692308
1375,1,92.440000,207.120000
1376,1,88.416667,202.958333
1378,1,97.560000,203.000000
1382,1,120.500000,198.423077
1384,1,132.280000,199.120000
1386,1,140.454545,199.863636
1387,1,149.760000,204.160000
1388,1,150.740741,200.370370
1391,1,168.681818,206.636364
1395,1,192.880000,198.920000
1396,1,187.615385,205.115385
1398,1,199.791667,194.958333
1401,1,53.071429,207.285714
1402,1,57.652174,204.695652
1406,1,76.307692,208.153846
1409,1,95.958333,207.916667
1410,1,96.666667,211.750000
1411,1,98.960000,204.200000
1413,1,110.800000,208.160000
1416,1,124.565217,202.086957
1417,1,129.760000,206.400000
1424,1,166.160000,203.320000
1425,1,170.409091,200.272727
1427,1,180.916667,212.125000
1429,1,194.920000,206.960000
1430,1,198.080000,205.120000
1431,1,202.416667,205.750000
1433,1,56.782609,211.086957
1434,1,60.230769,209.076923
1435,1,63.080000,213.400000
1437,1,75.269231,210.615385
1438,1,80.880000,211.720000
1441,1,101.272727,208.772727
1443,1,106.750000,216.625000
1444,1,110.851852,212.851852
1450,1,141.608696,213.000000
1451,1,147.222222,211.148148
1455,1,166.259259,214.703704
1456,1,170.360000,207.560000
1458,1,179.227273,216.181818
1460,1,192.083333,208.875000
1461,1,198.250000,211.791667
1467,1,81.037037,215.148148
1468,1,88.545455,218.045455
1469,1,89.166667,216.791667
1472,1,117.625000,223.208333
1474,1,115.423077,212.692308
1476,1,128.384615,217.230769
1478,1,142.444444,218.111111
1480,1,145.600000,213.720000
1483,1,161.840000,215.680000
1484,1,172.333333,214.708333
1485,1,168.560000,214.320000
1487,1,187.642857,220.500000
1489,1,191.964286,214.500000
1492,1,73.807692,220.692308
1496,1,93.333333,218.875000
1498,1,102.480000,220.640000
1499,1,106.238095,221.523810
1500,1,110.392857,219.928571
1504,1,134.166667,222.333333
1506,1,142.178571,220.107143
1507,1,148.240000,221.120000
1512,1,169.840000,222.000000
1515,1,191.230769,221.692308
1516,1,191.375000,219.708333
1526,1,121.652174,225.869565
1527,1,126.703704,228.074074
1529,1,138.653846,227.653846
1530,1,142.920000,225.800000
1531,1,146.478261,226.956522
1534,1,163.760000,224.400000
1535,1,163.370370,226.481481
1537,1,174.884615,213.153846
1538,1,177.040000,228.320000
1540,1,93.160000,232.240000
1542,1,104.192308,234.269231
1543,1,104.520000,230.080000
1547,1,134.520000,228.960000
1548,1,128.208333,231.375000
1552,1,155.148148,234.037037
1555,1,170.884615,228.961538
1556,1,172.541667,227.500000
1558,1,108.166667,231.125000
1559,1,110.000000,237.500000
1560,1,114.833333,237.500000
1561,1,117.080000,235.640000
1566,1,143.608696,236.086957
1567,1,148.500000,235.884615
1569,1,155.227273,234.181818
