ID,type,x COM, y COM
1,2,101.916667,22.083333
2,2,106.884615,21.923077
4,2,117.000000,22.000000
7,2,132.000000,22.000000
10,2,146.916667,21.916667
12,2,157.000000,22.000000
13,2,87.000000,27.000000
14,2,92.000000,27.000000
15,2,97.000000,27.000000
18,2,112.000000,27.000000
19,2,117.000000,27.000000
23,2,137.000000,27.000000
27,2,157.000000,27.000000
28,2,161.916667,26.916667
31,2,77.083333,32.083333
32,2,82.000000,32.000000
33,2,87.000000,32.000000
34,2,92.000000,32.000000
37,2,107.000000,32.000000
39,2,117.000000,32.000000
41,2,127.115385,31.923077
42,2,132.000000,32.173913
43,2,137.000000,32.000000
44,2,142.000000,32.000000
45,2,147.000000,32.000000
47,2,157.083333,31.916667
48,2,162.000000,32.000000
52,2,181.884615,31.961538
53,2,72.000000,37.000000
56,2,87.000000,37.000000
57,2,91.916667,36.916667
58,2,97.083333,36.916667
59,2,102.000000,37.000000
60,2,107.000000,37.000000
63,2,122.041667,36.916667
64,2,126.923077,37.115385
66,2,136.916667,36.916667
71,2,162.200000,37.160000
72,2,167.083333,36.916667
73,2,172.000000,37.000000
74,2,177.000000,37.000000
78,2,62.083333,42.083333
80,2,71.875000,42.083333
81,2,77.000000,42.000000
82,2,81.916667,41.916667
84,2,92.076923,41.884615
89,2,117.000000,42.000000
90,2,121.961538,41.884615
92,2,132.000000,42.000000
96,2,152.000000,42.000000
97,2,157.000000,42.000000
98,2,162.076923,42.115385
100,2,172.000000,42.000000
101,2,177.000000,42.000000
102,2,182.000000,42.000000
104,2,192.000000,42.000000
105,2,196.916667,42.083333
107,2,62.000000,47.000000
109,2,71.960000,46.960000
110,2,76.800000,46.840000
112,2,87.083333,47.083333
115,2,102.000000,47.000000
116,2,107.083333,46.916667
121,2,132.000000,47.000000
125,2,152.130435,47.173913
126,2,157.000000,47.000000
128,2,167.000000,47.000000
132,2,187.000000,47.000000
133,2,192.000000,47.000000
136,2,52.083333,52.083333
137,2,57.000000,52.000000
139,2,67.000000,52.000000
142,2,82.000000,52.000000
143,2,87.000000,52.000000
145,2,97.000000,52.000000
146,2,102.000000,52.000000
148,2,112.000000,52.000000
149,2,117.000000,52.000000
150,2,122.000000,52.000000
151,2,127.000000,52.000000
153,2,137.200000,52.120000
156,2,152.173913,52.130435
159,2,167.000000,52.000000
160,2,172.038462,51.884615
161,2,177.000000,52.000000
162,2,181.916667,52.083333
163,2,186.923077,52.115385
164,2,192.000000,52.000000
165,2,196.923077,52.115385
168,2,47.038462,57.115385
170,2,57.000000,57.000000
173,2,72.000000,57.000000
174,2,77.000000,57.000000
175,2,81.916667,56.916667
176,2,86.884615,57.076923
179,2,102.222222,56.814815
180,2,107.074074,57.370370
181,2,112.136364,56.727273
186,2,136.916667,57.083333
190,2,157.111111,57.222222
191,2,162.045455,56.863636
192,2,166.884615,56.961538
193,2,171.916667,56.916667
194,2,177.000000,57.000000
196,2,187.000000,57.200000
198,2,197.090909,57.227273
199,2,201.800000,57.000000
203,2,46.538462,62.269231
205,2,57.000000,62.000000
207,2,67.083333,61.916667
209,2,77.000000,62.000000
210,2,82.000000,62.000000
211,2,87.000000,62.000000
213,2,97.000000,62.080000
214,2,102.000000,62.000000
216,2,111.962963,61.777778
217,2,117.000000,62.000000
218,2,122.083333,62.083333
225,2,156.750000,62.125000
227,2,167.000000,62.000000
228,2,172.185185,61.962963
231,2,187.083333,62.083333
232,2,192.000000,62.000000
236,2,212.076923,62.115385
238,2,42.000000,67.000000
240,2,52.000000,67.000000
242,2,62.269231,66.846154
243,2,67.000000,67.000000
245,2,77.000000,67.000000
247,2,87.000000,67.000000
248,2,92.111111,67.185185
250,2,102.083333,66.958333
251,2,106.916667,66.916667
252,2,111.884615,67.076923
253,2,117.000000,67.000000
257,2,137.000000,67.000000
259,2,147.000000,67.000000
260,2,151.916667,66.916667
264,2,171.884615,66.923077
266,2,181.916667,66.916667
268,2,191.800000,67.000000
269,2,196.800000,66.840000
270,2,201.800000,67.000000
271,2,207.000000,67.000000
277,2,46.826087,71.956522
278,2,51.777778,72.037037
283,2,77.000000,72.000000
285,2,87.200000,72.040000
286,2,92.423077,72.230769
287,2,97.272727,71.863636
289,2,107.000000,72.000000
291,2,117.000000,72.000000
293,2,127.000000,72.000000
294,2,132.000000,72.000000
295,2,136.916667,72.083333
299,2,157.000000,72.000000
305,2,187.000000,72.000000
306,2,192.000000,72.000000
307,2,197.222222,72.037037
313,2,32.000000,77.000000
314,2,37.000000,77.000000
316,2,47.000000,77.115385
321,2,72.000000,77.000000
322,2,77.000000,77.000000
323,2,82.083333,76.916667
326,2,97.083333,76.916667
327,2,101.840000,77.040000
329,2,112.115385,76.923077
330,2,117.083333,77.083333
332,2,126.884615,77.076923
334,2,137.000000,77.000000
335,2,142.000000,77.000000
336,2,147.115385,76.923077
337,2,152.160000,76.960000
339,2,161.916667,77.041667
340,2,166.884615,76.961538
345,2,192.000000,77.000000
346,2,197.115385,77.076923
347,2,202.192308,77.153846
353,2,32.000000,82.000000
356,2,47.000000,82.083333
357,2,51.916667,82.083333
358,2,57.000000,82.000000
362,2,77.083333,81.916667
364,2,86.916667,82.083333
369,2,112.000000,82.000000
370,2,116.916667,81.916667
374,2,137.000000,82.000000
380,2,167.000000,82.000000
381,2,172.240000,82.200000
383,2,181.916667,82.083333
384,2,186.884615,81.923077
388,2,207.000000,82.000000
389,2,212.000000,82.000000
390,2,216.826087,82.000000
391,2,221.800000,81.720000
398,2,52.000000,87.000000
403,2,77.000000,86.851852
404,2,82.083333,87.083333
410,2,112.083333,87.083333
411,2,117.115385,86.923077
413,2,126.916667,86.958333
414,2,131.962963,86.925926
416,2,142.000000,87.000000
417,2,146.916667,87.083333
420,2,162.000000,87.000000
421,2,167.160000,87.040000
422,2,171.923077,87.115385
423,2,177.076923,87.115385
424,2,182.000000,87.000000
428,2,202.222222,86.888889
429,2,207.291667,87.041667
430,2,212.083333,87.083333
434,2,232.000000,87.000000
436,2,32.083333,91.916667
440,2,52.000000,92.000000
441,2,57.000000,92.000000
442,2,62.000000,92.000000
443,2,67.000000,92.000000
444,2,72.000000,92.000000
445,2,77.000000,92.000000
447,2,87.000000,92.000000
449,2,96.888889,91.777778
451,2,107.000000,92.037037
452,2,112.200000,92.120000
453,2,117.083333,91.916667
454,2,122.000000,92.000000
457,2,136.916667,92.083333
458,2,141.916667,92.083333
463,2,166.840000,91.960000
465,2,176.800000,92.120000
466,2,182.000000,92.000000
467,2,186.923077,91.884615
469,2,196.916667,91.916667
471,2,207.000000,92.000000
473,2,217.000000,92.000000
474,2,222.000000,92.000000
477,2,27.000000,97.000000
478,2,31.840000,96.920000
481,2,47.083333,96.916667
486,2,72.000000,97.000000
487,2,77.000000,97.000000
489,2,87.041667,97.083333
495,2,117.000000,97.000000
497,2,127.000000,97.000000
498,2,132.000000,97.000000
499,2,137.083333,96.916667
500,2,142.000000,97.000000
502,2,152.040000,96.880000
504,2,161.916667,96.958333
505,2,166.884615,97.038462
507,2,177.000000,97.000000
511,2,197.217391,96.608696
512,2,201.916667,96.916667
517,2,227.000000,97.000000
519,2,236.916667,97.083333
520,2,22.227273,102.227273
521,2,27.000000,102.000000
522,2,32.000000,102.000000
524,2,41.884615,101.923077
525,2,47.200000,101.840000
530,2,71.958333,102.208333
533,2,87.000000,102.000000
536,2,101.958333,102.125000
541,2,127.000000,102.000000
547,2,157.000000,102.000000
548,2,162.000000,102.000000
549,2,166.703704,102.296296
550,2,171.800000,101.960000
552,2,182.000000,102.000000
554,2,192.000000,102.000000
560,2,221.916667,102.083333
561,2,227.000000,102.000000
568,2,42.041667,106.916667
569,2,47.107143,107.035714
570,2,52.083333,106.958333
576,2,82.000000,107.000000
577,2,87.000000,107.000000
578,2,91.960000,107.080000
581,2,107.000000,107.000000
583,2,117.000000,107.000000
584,2,122.115385,107.076923
585,2,127.160000,107.040000
588,2,142.000000,107.000000
589,2,146.916667,107.083333
590,2,151.884615,106.923077
591,2,157.000000,107.000000
592,2,161.916667,107.083333
594,2,172.192308,106.923077
595,2,176.923077,107.115385
596,2,182.000000,107.000000
597,2,186.916667,106.916667
601,2,207.000000,107.000000
605,2,226.962963,107.185185
606,2,232.000000,107.000000
608,2,22.000000,112.000000
609,2,27.041667,112.083333
611,2,37.192308,111.769231
612,2,41.960000,112.120000
613,2,46.916667,112.083333
614,2,52.000000,112.000000
615,2,57.000000,112.000000
620,2,81.920000,112.040000
621,2,86.916667,111.916667
622,2,92.040000,111.920000
623,2,96.826087,112.000000
625,2,106.692308,111.615385
628,2,122.000000,112.000000
631,2,137.076923,111.884615
632,2,141.892857,112.321429
633,2,147.000000,112.000000
634,2,152.115385,112.076923
637,2,167.083333,112.083333
638,2,171.880000,111.960000
639,2,177.200000,112.000000
640,2,182.083333,112.083333
641,2,187.040000,112.080000
642,2,192.307692,111.961538
644,2,201.916667,112.041667
646,2,211.916667,111.916667
651,2,237.000000,112.000000
652,2,22.000000,117.000000
654,2,32.000000,117.000000
655,2,36.869565,116.826087
658,2,52.076923,117.115385
663,2,77.083333,117.083333
664,2,82.080000,116.960000
665,2,87.076923,116.884615
666,2,92.000000,117.000000
668,2,101.916667,117.083333
669,2,106.962963,116.777778
671,2,117.076923,117.115385
674,2,132.000000,117.000000
676,2,142.250000,117.458333
677,2,147.083333,116.916667
680,2,162.000000,117.000000
682,2,172.115385,117.076923
683,2,177.083333,116.916667
687,2,196.923077,117.115385
688,2,202.000000,117.000000
691,2,217.000000,116.884615
692,2,222.115385,116.961538
694,2,231.800000,117.080000
695,2,237.076923,117.115385
696,2,22.000000,122.000000
697,2,27.130435,121.826087
698,2,31.923077,122.115385
703,2,57.000000,122.000000
704,2,62.000000,122.115385
706,2,72.000000,122.000000
709,2,87.000000,122.000000
710,2,92.115385,121.923077
714,2,112.200000,122.000000
716,2,122.076923,121.884615
720,2,141.913043,122.000000
721,2,147.000000,122.000000
722,2,152.000000,122.000000
723,2,156.916667,122.000000
725,2,166.961538,121.884615
726,2,172.000000,122.000000
727,2,177.000000,122.000000
731,2,197.192308,122.307692
732,2,202.000000,122.000000
734,2,211.777778,122.111111
736,2,222.115385,122.000000
739,2,236.916667,122.083333
741,2,26.961538,126.730769
742,2,32.083333,127.083333
743,2,37.000000,127.000000
749,2,67.083333,126.916667
752,2,82.000000,127.000000
754,2,92.083333,126.916667
755,2,97.041667,127.083333
757,2,106.916667,127.083333
758,2,111.629630,126.777778
760,2,122.076923,127.115385
761,2,126.916667,126.916667
762,2,132.111111,126.777778
765,2,147.115385,127.076923
767,2,157.000000,127.000000
771,2,177.000000,127.000000
772,2,181.960000,127.040000
774,2,192.083333,127.083333
775,2,197.120000,127.280000
777,2,207.120000,127.120000
778,2,212.083333,126.958333
781,2,226.916667,126.916667
782,2,232.000000,127.111111
783,2,237.083333,126.958333
784,2,22.000000,132.000000
785,2,27.000000,132.000000
786,2,32.000000,132.000000
790,2,52.000000,132.173913
792,2,61.916667,132.083333
794,2,71.916667,132.083333
795,2,76.884615,131.923077
796,2,82.000000,132.000000
797,2,87.160000,132.040000
801,2,107.083333,131.916667
803,2,117.000000,132.000000
807,2,137.285714,131.714286
810,2,152.200000,131.840000
811,2,157.083333,132.083333
812,2,162.000000,132.000000
813,2,167.185185,132.148148
817,2,187.000000,131.750000
818,2,191.800000,131.960000
819,2,197.000000,132.000000
820,2,202.000000,132.000000
821,2,207.000000,132.000000
825,2,226.916667,131.916667
826,2,231.916667,132.041667
828,2,22.000000,137.000000
830,2,32.000000,137.000000
831,2,37.000000,137.000000
833,2,47.000000,137.200000
834,2,52.000000,137.000000
838,2,72.000000,137.000000
842,2,91.884615,137.076923
843,2,97.000000,137.000000
846,2,112.000000,137.000000
847,2,116.916667,136.916667
851,2,136.961538,137.115385
852,2,142.115385,137.038462
853,2,147.083333,136.958333
857,2,166.916667,137.083333
861,2,186.961538,136.884615
864,2,202.000000,137.000000
865,2,206.916667,137.083333
867,2,217.000000,137.000000
870,2,232.111111,137.222222
872,2,22.000000,142.000000
873,2,27.115385,141.923077
874,2,32.083333,142.083333
875,2,37.000000,142.000000
877,2,46.916667,142.083333
878,2,52.000000,142.000000
879,2,57.115385,141.923077
882,2,71.916667,142.000000
883,2,76.884615,142.000000
884,2,82.000000,142.000000
885,2,86.875000,141.958333
886,2,91.884615,142.076923
888,2,102.000000,142.000000
889,2,107.000000,142.000000
892,2,122.115385,141.961538
896,2,142.160000,142.040000
897,2,147.000000,142.000000
902,2,172.130435,142.173913
903,2,176.888889,141.777778
904,2,182.040000,142.040000
906,2,192.000000,142.000000
907,2,197.000000,142.000000
908,2,201.916667,142.083333
909,2,206.884615,141.923077
910,2,212.000000,142.000000
912,2,222.000000,142.000000
914,2,231.869565,142.173913
915,2,237.000000,142.000000
917,2,27.040000,147.160000
918,2,31.875000,146.791667
919,2,36.884615,147.038462
922,2,52.076923,147.115385
923,2,57.000000,147.000000
925,2,67.000000,147.000000
928,2,82.000000,147.000000
929,2,87.040000,146.960000
932,2,102.000000,147.000000
934,2,112.000000,147.000000
935,2,117.040000,146.960000
938,2,132.000000,147.000000
940,2,141.916667,146.875000
941,2,147.000000,147.000000
943,2,157.000000,147.000000
944,2,162.000000,147.000000
945,2,167.000000,147.000000
946,2,172.000000,147.000000
947,2,177.000000,147.000000
949,2,186.800000,147.000000
950,2,192.076923,147.115385
951,2,197.000000,147.000000
953,2,207.076923,147.115385
956,2,222.000000,147.000000
957,2,227.000000,147.000000
958,2,232.192308,147.153846
960,2,22.000000,152.000000
963,2,36.884615,151.923077
964,2,42.000000,152.000000
965,2,47.000000,152.000000
967,2,57.000000,152.000000
968,2,62.115385,151.923077
973,2,87.083333,151.916667
975,2,96.916667,151.916667
978,2,112.000000,152.000000
981,2,127.083333,152.083333
984,2,141.916667,151.958333
985,2,146.884615,151.923077
986,2,152.000000,152.000000
987,2,157.000000,152.000000
989,2,167.115385,152.038462
990,2,172.083333,151.958333
992,2,182.000000,152.000000
993,2,187.000000,152.000000
994,2,191.916667,152.083333
996,2,202.000000,152.000000
998,2,212.000000,152.000000
1000,2,222.000000,152.000000
1004,2,22.458333,156.833333
1005,2,27.173913,156.956522
1007,2,37.000000,157.000000
1008,2,42.000000,157.000000
1011,2,57.040000,156.840000
1012,2,61.960000,157.160000
1013,2,67.115385,156.923077
1014,2,72.083333,157.083333
1016,2,81.884615,157.000000
1018,2,92.000000,157.000000
1019,2,97.076923,156.884615
1021,2,107.076923,157.115385
1023,2,117.083333,157.083333
1025,2,127.000000,157.000000
1038,2,192.000000,157.000000
1041,2,207.250000,157.000000
1042,2,212.000000,157.000000
1043,2,217.076923,157.115385
1045,2,227.000000,157.000000
1052,2,47.000000,162.083333
1054,2,56.961538,162.115385
1057,2,72.000000,162.000000
1060,2,86.916667,161.916667
1061,2,92.000000,162.000000
1062,2,97.000000,162.000000
1066,2,117.000000,162.000000
1067,2,122.083333,161.916667
1068,2,127.000000,162.000000
1069,2,132.115385,162.076923
1070,2,137.040000,162.040000
1071,2,141.923077,162.115385
1072,2,147.000000,162.000000
1073,2,151.916667,162.083333
1076,2,167.000000,161.884615
1077,2,172.038462,161.884615
1078,2,176.869565,161.826087
1080,2,187.000000,162.000000
1082,2,196.916667,161.916667
1084,2,207.000000,162.000000
1087,2,222.000000,162.000000
1088,2,227.000000,162.000000
1089,2,232.000000,162.000000
1092,2,32.000000,167.000000
1094,2,42.000000,167.000000
1095,2,47.000000,167.000000
1096,2,52.208333,166.958333
1101,2,76.916667,167.041667
1105,2,97.000000,167.000000
1107,2,107.200000,166.840000
1108,2,112.130435,167.000000
1112,2,132.115385,166.923077
1114,2,142.173913,167.000000
1115,2,147.000000,167.000000
1117,2,157.000000,167.000000
1118,2,162.000000,167.000000
1119,2,167.000000,167.000000
1121,2,177.111111,166.777778
1122,2,182.083333,166.916667
1129,2,216.846154,166.846154
1130,2,221.916667,166.916667
1131,2,226.884615,167.076923
1132,2,232.000000,167.000000
1135,2,37.041667,172.083333
1137,2,46.884615,172.076923
1139,2,57.160000,172.200000
1145,2,86.916667,172.083333
1147,2,97.000000,172.000000
1148,2,102.000000,172.000000
1149,2,107.000000,172.000000
1152,2,122.083333,172.083333
1153,2,127.000000,172.000000
1154,2,132.000000,172.000000
1157,2,147.000000,172.000000
1159,2,157.000000,172.000000
1160,2,162.000000,172.000000
1161,2,167.043478,171.826087
1162,2,172.000000,172.000000
1163,2,177.000000,172.000000
1165,2,187.000000,172.000000
1167,2,197.000000,172.000000
1169,2,207.000000,172.000000
1171,2,217.222222,172.037037
1174,2,231.916667,171.916667
1176,2,37.000000,177.000000
1177,2,41.923077,176.884615
1179,2,52.000000,177.000000
1185,2,82.000000,177.000000
1187,2,92.080000,177.040000
1189,2,102.000000,177.000000
1194,2,127.000000,177.000000
1195,2,132.000000,177.000000
1197,2,141.840000,177.200000
1198,2,147.000000,177.000000
1201,2,162.000000,177.000000
1203,2,172.000000,177.000000
1204,2,176.916667,176.916667
1205,2,181.888889,177.222222
1207,2,192.000000,177.000000
1208,2,197.115385,176.923077
1209,2,202.083333,177.083333
1212,2,217.120000,177.040000
1213,2,222.000000,177.000000
1216,2,37.000000,182.000000
1219,2,52.083333,182.083333
1223,2,72.000000,182.000000
1224,2,76.916667,182.083333
1225,2,82.000000,182.000000
1228,2,97.000000,182.000000
1229,2,101.916667,181.958333
1230,2,106.961538,182.230769
1233,2,122.083333,181.916667
1234,2,127.000000,182.000000
1235,2,132.000000,182.000000
1236,2,136.916667,181.916667
1238,2,146.916667,181.916667
1242,2,167.000000,182.000000
1248,2,197.000000,182.000000
1253,2,222.083333,181.916667
1257,2,47.076923,186.884615
1259,2,57.083333,187.083333
1261,2,67.000000,187.000000
1262,2,72.000000,187.000000
1263,2,77.000000,187.000000
1264,2,82.000000,187.000000
1266,2,91.875000,187.125000
1270,2,112.000000,187.000000
1275,2,136.962963,186.962963
1278,2,152.130435,186.826087
1281,2,167.000000,187.000000
1284,2,181.800000,187.040000
1285,2,187.000000,187.000000
1287,2,197.115385,186.961538
1288,2,202.083333,187.041667
1292,2,221.960000,187.040000
1296,2,51.807692,191.846154
1298,2,61.875000,192.166667
1299,2,67.115385,192.000000
1300,2,72.083333,192.000000
1301,2,77.000000,192.000000
1302,2,82.000000,192.000000
1303,2,87.083333,192.083333
1304,2,92.040000,191.960000
1310,2,121.916667,191.916667
1311,2,126.920000,192.000000
1312,2,132.000000,192.000000
1313,2,137.000000,192.000000
1314,2,141.888889,191.777778
1315,2,147.000000,192.000000
1316,2,151.961538,191.884615
1323,2,186.777778,192.111111
1325,2,197.000000,192.000000
1327,2,206.851852,192.148148
1329,2,217.083333,191.916667
1330,2,221.916667,191.916667
1343,2,102.083333,197.083333
1345,2,112.000000,197.000000
1346,2,117.000000,197.000000
1350,2,137.000000,197.000000
1352,2,147.000000,197.000000
1353,2,152.000000,197.000000
1354,2,157.000000,197.000000
1355,2,162.000000,197.000000
1356,2,166.869565,197.173913
1357,2,171.916667,196.958333
1361,2,191.791667,196.875000
1362,2,196.884615,197.076923
1363,2,201.869565,197.173913
1365,2,212.115385,197.000000
1366,2,217.000000,196.880000
1368,2,51.916667,201.916667
1369,2,57.083333,202.083333
1370,2,62.000000,202.000000
1371,2,67.037037,202.222222
1378,2,102.115385,201.923077
1379,2,106.961538,202.307692
1384,2,132.115385,202.076923
1385,2,137.083333,201.916667
1388,2,152.000000,202.000000
1390,2,162.115385,201.923077
1392,2,172.000000,202.000000
1393,2,177.000000,202.000000
1394,2,182.083333,202.083333
1396,2,192.000000,202.000000
1399,2,207.083333,201.916667
1401,2,52.076923,206.884615
1405,2,72.000000,207.000000
1406,2,77.000000,207.000000
1407,2,81.791667,206.708333
1413,2,112.000000,207.000000
1414,2,117.000000,207.000000
1417,2,132.000000,207.000000
1421,2,152.000000,207.000000
1422,2,156.916667,206.916667
1426,2,176.730769,207.153846
1427,2,181.884615,207.038462
1428,2,187.000000,207.000000
1429,2,192.000000,207.000000
1430,2,197.000000,207.000000
1433,2,57.000000,212.000000
1435,2,67.000000,212.000000
1440,2,91.884615,212.038462
1442,2,102.000000,212.000000
1445,2,117.000000,212.000000
1447,2,127.000000,212.000000
1450,2,142.000000,212.000000
1455,2,167.000000,212.000000
1460,2,192.000000,212.000000
1462,2,202.040000,212.040000
1467,2,82.000000,217.000000
1468,2,87.000000,217.000000
1469,2,92.000000,217.000000
1472,2,106.923077,217.115385
1473,2,112.000000,217.000000
1474,2,117.000000,217.000000
1478,2,136.692308,217.192308
1480,2,147.083333,217.083333
1481,2,152.000000,217.000000
1482,2,157.000000,217.000000
1486,2,177.000000,217.000000
1488,2,187.000000,217.000000
1492,2,72.136364,222.272727
1493,2,77.083333,222.083333
1496,2,91.961538,222.115385
1497,2,97.076923,221.884615
1498,2,102.115385,221.961538
1500,2,112.076923,222.115385
1501,2,117.115385,221.923077
1502,2,122.160000,222.200000
1503,2,127.000000,222.000000
1504,2,132.000000,222.000000
1505,2,137.040000,221.840000
1507,2,147.000000,222.000000
1509,2,157.083333,222.083333
1510,2,162.000000,222.000000
1512,2,172.000000,222.000000
1515,2,187.000000,222.000000
1516,2,192.000000,222.000000
1517,2,77.000000,227.000000
1521,2,97.000000,227.000000
1525,2,117.076923,227.115385
1526,2,121.916667,227.083333
1527,2,127.000000,227.000000
1529,2,136.916667,227.083333
1530,2,141.916667,226.916667
1531,2,146.884615,227.076923
1534,2,162.000000,227.000000
1537,2,177.000000,227.000000
1540,2,92.083333,231.916667
1543,2,107.160000,231.840000
1544,2,112.000000,232.000000
1545,2,117.040000,232.040000
1546,2,122.160000,232.160000
1548,2,132.083333,231.916667
1549,2,137.000000,232.000000
1551,2,146.960000,231.840000
1552,2,152.083333,231.916667
1553,2,157.000000,232.000000
1554,2,162.000000,232.000000
1555,2,167.000000,232.000000
1556,2,172.000000,232.000000
1559,2,107.083333,237.083333
1560,2,112.000000,237.000000
1561,2,117.000000,237.000000
1562,2,121.916667,237.083333
1563,2,127.000000,237.000000
1564,2,132.000000,237.000000
1565,2,136.826087,236.869565
1567,2,147.000000,237.000000
3,1,112.000000,22.000000
5,1,122.000000,22.000000
6,1,127.000000,22.000000
8,1,137.000000,22.000000
9,1,142.000000,22.000000
11,1,151.884615,22.076923
16,1,102.000000,27.000000
17,1,107.000000,27.000000
20,1,122.083333,26.916667
21,1,127.000000,27.000000
22,1,132.076923,27.115385
24,1,142.115385,27.038462
25,1,147.083333,26.958333
26,1,152.000000,27.000000
29,1,166.708333,27.041667
30,1,171.777778,27.037037
35,1,97.000000,32.000000
36,1,102.000000,32.000000
38,1,111.923077,32.115385
40,1,121.923077,31.884615
46,1,151.961538,32.115385
49,1,167.153846,32.192308
50,1,172.041667,31.791667
51,1,176.916667,32.041667
54,1,77.115385,37.000000
55,1,82.083333,37.000000
61,1,112.000000,37.173913
62,1,116.884615,36.923077
65,1,132.000000,37.000000
67,1,142.000000,37.000000
68,1,146.826087,36.956522
69,1,151.807692,37.115385
70,1,157.037037,36.814815
75,1,182.000000,37.000000
76,1,187.000000,37.000000
77,1,192.000000,37.000000
79,1,67.080000,41.840000
83,1,86.814815,42.185185
85,1,96.923077,41.884615
86,1,102.115385,42.000000
87,1,107.200000,42.080000
88,1,112.083333,41.916667
91,1,127.083333,42.083333
93,1,136.880000,42.200000
94,1,141.777778,41.814815
95,1,147.000000,42.000000
99,1,167.000000,42.000000
103,1,187.000000,42.000000
106,1,57.083333,47.083333
108,1,67.000000,47.000000
111,1,82.000000,47.000000
113,1,92.000000,47.000000
114,1,97.000000,47.000000
117,1,112.000000,47.000000
118,1,117.000000,47.000000
119,1,122.115385,46.923077
120,1,127.083333,47.083333
122,1,136.875000,47.125000
123,1,141.884615,47.076923
124,1,147.178571,46.964286
127,1,161.916667,47.083333
129,1,171.869565,47.000000
130,1,176.884615,46.923077
131,1,182.076923,47.115385
134,1,197.000000,47.000000
135,1,202.076923,47.115385
138,1,62.000000,52.000000
140,1,72.000000,52.000000
141,1,77.076923,51.884615
144,1,92.160000,52.040000
147,1,107.000000,51.800000
152,1,132.000000,52.000000
154,1,141.960000,52.080000
155,1,147.400000,51.880000
157,1,157.000000,52.000000
158,1,162.000000,52.000000
166,1,202.000000,52.200000
167,1,207.000000,52.000000
169,1,52.000000,57.000000
171,1,62.250000,57.000000
172,1,67.000000,57.000000
177,1,91.840000,56.960000
178,1,97.000000,57.000000
182,1,117.000000,57.000000
183,1,121.923077,57.115385
184,1,126.916667,56.916667
185,1,131.884615,57.076923
187,1,142.000000,57.000000
188,1,146.923077,56.884615
189,1,152.000000,57.000000
195,1,182.000000,57.000000
197,1,192.115385,56.961538
200,1,207.000000,57.000000
201,1,212.000000,57.000000
202,1,41.727273,61.863636
204,1,51.884615,61.923077
206,1,61.615385,61.846154
208,1,72.000000,62.000000
212,1,92.115385,62.038462
215,1,107.130435,62.173913
219,1,127.000000,62.000000
220,1,132.000000,62.000000
221,1,136.916667,61.916667
222,1,141.884615,62.076923
223,1,147.000000,62.000000
224,1,151.916667,62.041667
226,1,162.000000,61.600000
229,1,177.083333,61.916667
230,1,182.000000,62.000000
233,1,197.000000,62.000000
234,1,201.916667,62.083333
235,1,206.884615,61.923077
237,1,217.142857,62.000000
239,1,47.000000,67.000000
241,1,56.916667,66.916667
244,1,72.000000,67.000000
246,1,82.000000,67.000000
249,1,97.291667,67.041667
254,1,122.000000,67.000000
255,1,127.115385,67.076923
256,1,132.083333,66.916667
258,1,142.000000,67.000000
261,1,157.000000,67.000000
262,1,161.807692,66.692308
263,1,166.800000,67.160000
265,1,177.000000,67.000000
267,1,186.916667,67.083333
272,1,211.916667,67.083333
273,1,217.000000,67.000000
274,1,222.000000,67.000000
275,1,37.000000,72.000000
276,1,42.000000,72.000000
279,1,57.040000,71.800000
280,1,62.153846,72.115385
281,1,67.200000,72.000000
282,1,72.083333,71.916667
284,1,82.115385,71.923077
288,1,102.000000,72.000000
290,1,112.000000,72.000000
292,1,122.000000,72.000000
296,1,141.884615,71.923077
297,1,147.000000,72.000000
298,1,152.000000,71.800000
300,1,161.916667,72.083333
301,1,166.884615,71.923077
302,1,171.916667,72.000000
303,1,176.884615,72.000000
304,1,182.076923,71.884615
308,1,202.250000,71.833333
309,1,207.000000,72.000000
310,1,212.000000,72.000000
311,1,217.000000,72.000000
312,1,222.000000,72.000000
315,1,42.000000,77.000000
317,1,52.185185,77.037037
318,1,57.120000,76.960000
319,1,61.875000,77.041667
320,1,66.884615,76.923077
324,1,87.000000,77.120000
325,1,92.038462,77.000000
328,1,107.000000,77.000000
331,1,121.880000,77.040000
333,1,132.000000,77.000000
338,1,156.916667,76.916667
341,1,172.037037,77.185185
342,1,177.083333,76.916667
343,1,182.000000,77.000000
344,1,187.000000,77.000000
348,1,207.000000,77.000000
349,1,212.115385,76.923077
350,1,217.083333,77.083333
351,1,222.153846,76.961538
352,1,227.090909,77.045455
354,1,37.000000,82.000000
355,1,42.000000,82.000000
359,1,62.000000,82.000000
360,1,67.000000,82.000000
361,1,72.115385,82.076923
363,1,81.923077,81.884615
365,1,91.961538,81.884615
366,1,97.000000,82.000000
367,1,102.160000,81.960000
368,1,107.000000,82.000000
371,1,122.074074,82.296296
372,1,127.083333,81.958333
373,1,131.916667,81.916667
375,1,142.000000,82.000000
376,1,147.000000,82.000000
377,1,152.083333,81.916667
378,1,157.000000,81.800000
379,1,162.000000,82.000000
382,1,177.041667,81.875000
385,1,191.923077,82.115385
386,1,197.040000,82.040000
387,1,201.869565,82.173913
392,1,226.884615,82.000000
393,1,27.400000,87.040000
394,1,32.041667,87.208333
395,1,37.000000,87.000000
396,1,42.000000,87.000000
397,1,47.000000,87.000000
399,1,57.000000,87.000000
400,1,62.000000,87.000000
401,1,67.000000,87.000000
402,1,71.916667,87.083333
405,1,87.000000,87.000000
406,1,92.000000,87.000000
407,1,97.130435,86.826087
408,1,102.115385,86.923077
409,1,107.200000,87.000000
412,1,122.043478,87.173913
415,1,137.076923,87.115385
418,1,151.814815,86.814815
419,1,157.076923,86.884615
425,1,187.200000,86.880000
426,1,192.250000,87.250000
427,1,196.960000,86.960000
431,1,217.076923,86.884615
432,1,222.076923,86.884615
433,1,227.083333,86.916667
435,1,26.916667,92.083333
437,1,37.076923,92.115385
438,1,42.000000,92.000000
439,1,47.000000,92.000000
446,1,82.153846,92.115385
448,1,92.000000,92.000000
450,1,101.916667,91.916667
455,1,127.000000,92.000000
456,1,132.000000,92.000000
459,1,146.708333,91.791667
460,1,152.160000,91.840000
461,1,157.083333,92.083333
462,1,162.000000,92.000000
464,1,172.000000,92.043478
468,1,191.916667,92.083333
470,1,202.000000,92.000000
472,1,212.000000,92.000000
475,1,226.923077,91.884615
476,1,232.000000,92.000000
479,1,36.800000,97.040000
480,1,42.115385,97.076923
482,1,52.000000,97.000000
483,1,57.200000,96.920000
484,1,62.269231,96.884615
485,1,67.173913,97.130435
488,1,82.000000,97.000000
490,1,92.000000,97.000000
491,1,97.083333,96.916667
492,1,101.916667,96.916667
493,1,106.750000,96.916667
494,1,111.884615,97.076923
496,1,122.000000,97.000000
501,1,147.250000,96.750000
503,1,157.000000,97.000000
506,1,172.000000,97.000000
508,1,182.000000,97.000000
509,1,187.000000,97.000000
510,1,192.000000,97.000000
513,1,206.884615,97.076923
514,1,211.916667,96.916667
515,1,216.884615,97.076923
516,1,222.076923,97.115385
518,1,232.000000,97.000000
523,1,36.916667,102.083333
526,1,52.083333,102.083333
527,1,56.880000,101.800000
528,1,62.000000,102.000000
529,1,67.083333,101.916667
531,1,76.846154,101.807692
532,1,82.000000,102.000000
534,1,92.000000,102.000000
535,1,97.115385,101.884615
537,1,107.035714,101.892857
538,1,112.307692,101.961538
539,1,117.173913,101.956522
540,1,122.000000,102.000000
542,1,132.000000,102.000000
543,1,136.923077,101.884615
544,1,142.000000,102.000000
545,1,147.000000,102.000000
546,1,152.000000,102.000000
551,1,177.000000,102.000000
553,1,187.000000,102.000000
555,1,196.892857,101.678571
556,1,201.923077,102.115385
557,1,207.115385,101.923077
558,1,212.173913,102.000000
559,1,217.000000,102.000000
562,1,232.222222,102.185185
563,1,237.083333,101.916667
564,1,22.000000,107.000000
565,1,26.961538,107.115385
566,1,32.000000,107.000000
567,1,37.000000,107.000000
571,1,57.076923,106.884615
572,1,62.000000,107.000000
573,1,66.923077,106.884615
574,1,72.000000,106.916667
575,1,77.000000,107.000000
579,1,96.923077,106.884615
580,1,101.956522,107.000000
582,1,112.000000,107.000000
586,1,131.916667,106.916667
587,1,136.916667,106.916667
593,1,167.041667,107.291667
598,1,191.692308,107.153846
599,1,196.750000,106.875000
600,1,202.083333,107.083333
602,1,211.923077,106.884615
603,1,217.000000,107.000000
604,1,221.916667,106.916667
607,1,237.083333,107.083333
610,1,32.000000,112.000000
616,1,62.000000,112.000000
617,1,67.000000,112.000000
618,1,72.000000,111.884615
619,1,76.923077,112.115385
624,1,101.692308,112.230769
626,1,111.916667,111.916667
627,1,117.000000,112.000000
629,1,126.840000,112.200000
630,1,132.076923,111.884615
635,1,157.083333,111.916667
636,1,162.000000,112.000000
643,1,197.280000,111.800000
645,1,206.884615,111.961538
647,1,216.880000,112.000000
648,1,222.000000,112.000000
649,1,227.125000,112.083333
650,1,232.160000,112.040000
653,1,27.000000,117.000000
656,1,41.653846,117.230769
657,1,46.962963,117.037037
659,1,56.916667,117.041667
660,1,62.000000,116.888889
661,1,67.000000,117.000000
662,1,72.000000,117.000000
667,1,97.076923,117.115385
670,1,112.076923,116.884615
672,1,121.916667,116.916667
673,1,127.083333,117.083333
675,1,137.000000,117.000000
678,1,152.000000,117.000000
679,1,157.000000,117.000000
681,1,167.041667,116.916667
684,1,182.083333,116.916667
685,1,187.040000,117.040000
686,1,191.960000,116.960000
689,1,207.000000,117.000000
690,1,212.000000,117.000000
693,1,226.916667,116.916667
699,1,36.958333,121.958333
700,1,41.846154,122.038462
701,1,46.652174,122.130435
702,1,51.800000,122.080000
705,1,67.076923,121.884615
707,1,76.916667,121.916667
708,1,81.884615,122.076923
711,1,96.958333,122.291667
712,1,102.000000,122.000000
713,1,106.916667,121.916667
715,1,117.000000,122.000000
717,1,127.000000,122.000000
718,1,131.869565,121.826087
719,1,137.000000,122.000000
724,1,161.884615,122.000000
728,1,181.923077,121.884615
729,1,187.115385,121.961538
730,1,192.083333,122.041667
733,1,206.833333,122.000000
735,1,217.000000,122.000000
737,1,227.240000,121.880000
738,1,232.041667,122.125000
740,1,22.115385,127.038462
744,1,42.000000,127.000000
745,1,47.000000,127.040000
746,1,52.076923,127.115385
747,1,57.000000,127.000000
748,1,62.120000,127.160000
750,1,72.000000,127.000000
751,1,77.000000,127.000000
753,1,87.000000,127.000000
756,1,102.000000,127.000000
759,1,116.884615,126.923077
763,1,137.153846,126.961538
764,1,142.347826,126.739130
766,1,152.083333,126.916667
768,1,162.000000,127.000000
769,1,166.916667,126.916667
770,1,172.083333,126.916667
773,1,187.080000,126.840000
776,1,202.173913,126.869565
779,1,216.916667,127.083333
780,1,221.884615,126.923077
787,1,37.115385,131.961538
788,1,42.200000,132.080000
789,1,47.423077,131.923077
791,1,57.000000,132.000000
793,1,66.888889,132.037037
798,1,91.923077,131.884615
799,1,97.000000,132.000000
800,1,102.115385,132.076923
802,1,112.000000,132.000000
804,1,122.166667,132.166667
805,1,127.076923,131.884615
806,1,132.000000,132.000000
808,1,142.200000,132.000000
809,1,147.200000,132.160000
814,1,171.884615,131.730769
815,1,177.041667,131.916667
816,1,182.040000,131.960000
822,1,211.916667,132.083333
823,1,216.884615,131.923077
824,1,221.958333,131.916667
827,1,236.884615,131.961538
829,1,27.000000,137.000000
832,1,42.000000,137.000000
835,1,57.115385,137.000000
836,1,62.230769,137.115385
837,1,67.086957,137.086957
839,1,77.000000,137.000000
840,1,82.000000,137.000000
841,1,86.750000,136.875000
844,1,102.000000,137.000000
845,1,107.000000,137.000000
848,1,121.653846,137.000000
849,1,127.208333,137.083333
850,1,131.960000,136.960000
854,1,151.956522,136.826087
855,1,156.884615,137.076923
856,1,162.076923,137.115385
858,1,171.888889,137.222222
859,1,177.083333,136.708333
860,1,182.000000,137.000000
862,1,192.076923,136.884615
863,1,197.000000,137.000000
866,1,211.884615,136.923077
868,1,221.960000,136.920000
869,1,226.884615,136.769231
871,1,237.000000,137.000000
876,1,42.076923,142.115385
880,1,62.166667,142.208333
881,1,67.000000,142.080000
887,1,97.000000,142.000000
890,1,111.916667,141.916667
891,1,116.884615,142.076923
893,1,126.791667,141.916667
894,1,132.037037,141.814815
895,1,137.083333,142.291667
898,1,151.961538,141.884615
899,1,157.115385,142.038462
900,1,162.000000,142.043478
901,1,167.000000,142.000000
905,1,187.076923,142.115385
911,1,217.000000,142.000000
913,1,227.076923,141.884615
916,1,22.000000,147.000000
920,1,41.916667,147.083333
921,1,47.000000,147.000000
924,1,62.000000,147.000000
926,1,72.000000,147.080000
927,1,76.884615,147.038462
930,1,91.916667,147.083333
931,1,96.884615,146.923077
933,1,107.000000,147.000000
936,1,122.083333,146.958333
937,1,127.000000,147.000000
939,1,137.041667,147.083333
942,1,152.000000,147.000000
948,1,181.875000,147.041667
952,1,202.000000,147.000000
954,1,212.115385,146.923077
955,1,217.038462,147.307692
959,1,236.923077,147.115385
961,1,27.000000,152.000000
962,1,31.916667,152.083333
966,1,52.000000,152.200000
969,1,67.160000,151.960000
970,1,71.916667,152.083333
971,1,76.961538,152.153846
972,1,82.115385,152.076923
974,1,92.000000,152.000000
976,1,102.000000,152.000000
977,1,107.000000,152.000000
979,1,117.076923,151.884615
980,1,122.115385,151.923077
982,1,132.000000,152.000000
983,1,137.115385,152.000000
988,1,161.884615,152.192308
991,1,177.000000,152.000000
995,1,196.916667,151.916667
997,1,206.680000,152.280000
999,1,217.043478,152.173913
1001,1,227.000000,152.000000
1002,1,231.791667,152.041667
1003,1,237.000000,152.200000
1006,1,32.000000,157.000000
1009,1,47.000000,157.115385
1010,1,51.916667,157.083333
1015,1,76.956522,157.043478
1017,1,87.000000,157.000000
1020,1,102.000000,157.000000
1022,1,112.200000,156.840000
1024,1,122.000000,157.000000
1026,1,131.916667,157.083333
1027,1,137.000000,156.925926
1028,1,142.200000,156.960000
1029,1,147.200000,157.120000
1030,1,152.160000,157.040000
1031,1,157.076923,157.115385
1032,1,162.125000,157.000000
1033,1,166.913043,157.000000
1034,1,171.840000,156.840000
1035,1,177.000000,157.000000
1036,1,182.000000,157.000000
1037,1,187.000000,157.000000
1039,1,197.076923,156.884615
1040,1,202.000000,157.000000
1044,1,222.000000,157.000000
1046,1,232.000000,157.000000
1047,1,237.083333,157.083333
1048,1,26.916667,161.916667
1049,1,32.222222,161.962963
1050,1,37.173913,162.043478
1051,1,42.000000,162.000000
1053,1,52.000000,162.000000
1055,1,62.000000,162.000000
1056,1,67.000000,162.000000
1058,1,77.000000,162.000000
1059,1,82.000000,162.000000
1063,1,102.000000,162.000000
1064,1,107.040000,162.160000
1065,1,111.916667,161.875000
1074,1,156.916667,162.083333
1075,1,162.000000,162.000000
1079,1,182.000000,162.000000
1081,1,192.000000,162.000000
1083,1,201.884615,162.076923
1085,1,211.916667,162.041667
1086,1,216.958333,162.000000
1090,1,237.000000,162.000000
1091,1,27.076923,166.884615
1093,1,36.961538,167.115385
1097,1,56.960000,167.200000
1098,1,62.000000,167.000000
1099,1,67.000000,167.000000
1100,1,72.000000,167.000000
1102,1,81.884615,166.961538
1103,1,87.076923,166.884615
1104,1,92.076923,167.115385
1106,1,102.115385,167.076923
1109,1,117.160000,166.920000
1110,1,121.884615,167.230769
1111,1,127.000000,167.000000
1113,1,137.250000,167.250000
1116,1,152.000000,167.115385
1120,1,172.000000,167.000000
1123,1,187.000000,167.000000
1124,1,192.000000,167.000000
1125,1,197.000000,167.000000
1126,1,201.840000,167.040000
1127,1,206.884615,167.076923
1128,1,212.000000,167.000000
1133,1,27.000000,172.000000
1134,1,32.000000,172.000000
1136,1,42.000000,171.826087
1138,1,51.807692,171.846154
1140,1,62.000000,171.916667
1141,1,67.222222,171.962963
1142,1,72.166667,172.166667
1143,1,77.000000,172.000000
1144,1,82.000000,172.000000
1146,1,91.800000,172.000000
1150,1,111.961538,171.884615
1151,1,116.880000,171.960000
1155,1,137.120000,172.000000
1156,1,142.160000,172.040000
1158,1,151.880000,172.240000
1164,1,181.923077,171.884615
1166,1,192.000000,172.000000
1168,1,202.083333,172.083333
1170,1,212.000000,172.000000
1172,1,222.173913,171.956522
1173,1,227.000000,172.000000
1175,1,32.000000,177.000000
1178,1,47.000000,177.000000
1180,1,56.916667,177.083333
1181,1,62.038462,176.807692
1182,1,66.960000,177.080000
1183,1,72.000000,177.083333
1184,1,77.076923,177.115385
1186,1,86.869565,176.826087
1188,1,97.000000,177.000000
1190,1,106.923077,177.115385
1191,1,112.115385,176.923077
1192,1,117.083333,177.083333
1193,1,122.000000,177.000000
1196,1,137.000000,176.884615
1199,1,152.125000,177.041667
1200,1,157.000000,177.000000
1202,1,166.962963,176.777778
1206,1,187.000000,177.000000
1210,1,207.076923,177.115385
1211,1,212.074074,177.185185
1214,1,226.916667,176.916667
1215,1,32.000000,182.000000
1217,1,41.826087,181.869565
1218,1,46.814815,181.962963
1220,1,56.923077,182.115385
1221,1,61.958333,181.916667
1222,1,67.000000,182.000000
1226,1,87.214286,181.857143
1227,1,92.000000,181.875000
1231,1,112.000000,182.000000
1232,1,117.000000,182.000000
1237,1,142.083333,182.083333
1239,1,151.916667,182.083333
1240,1,156.884615,181.923077
1241,1,161.916667,181.916667
1243,1,172.000000,182.000000
1244,1,177.076923,181.884615
1245,1,182.208333,182.291667
1246,1,186.916667,182.000000
1247,1,191.814815,182.111111
1249,1,202.000000,182.000000
1250,1,206.916667,182.083333
1251,1,212.041667,182.083333
1252,1,217.080000,182.160000
1254,1,227.076923,181.884615
1255,1,37.000000,187.000000
1256,1,41.884615,186.923077
1258,1,52.208333,186.958333
1260,1,62.111111,187.000000
1265,1,86.923077,187.115385
1267,1,97.000000,186.961538
1268,1,101.826087,187.130435
1269,1,106.851852,187.074074
1271,1,116.960000,187.040000
1272,1,121.814815,186.962963
1273,1,126.916667,186.916667
1274,1,131.800000,187.000000
1276,1,142.130435,186.826087
1277,1,147.185185,186.962963
1279,1,156.916667,186.916667
1280,1,162.076923,186.884615
1282,1,172.000000,187.000000
1283,1,176.916667,187.041667
1286,1,192.083333,187.083333
1289,1,207.115385,187.076923
1290,1,212.083333,186.916667
1291,1,217.040000,186.960000
1293,1,37.000000,191.800000
1294,1,42.040000,192.160000
1295,1,46.960000,191.840000
1297,1,57.000000,192.038462
1305,1,96.880000,191.960000
1306,1,101.826087,191.869565
1307,1,106.692308,192.192308
1308,1,112.000000,192.000000
1309,1,116.958333,192.083333
1317,1,157.185185,191.962963
1318,1,162.200000,192.000000
1319,1,167.192308,192.153846
1320,1,172.000000,192.000000
1321,1,177.000000,192.000000
1322,1,181.826087,191.869565
1324,1,192.120000,192.040000
1326,1,202.038462,192.192308
1328,1,212.000000,192.000000
1331,1,42.000000,197.000000
1332,1,47.000000,197.000000
1333,1,52.115385,196.923077
1334,1,57.041667,197.291667
1335,1,62.000000,197.000000
1336,1,67.000000,197.000000
1337,1,71.916667,197.083333
1338,1,76.884615,196.923077
1339,1,82.000000,197.000000
1340,1,87.000000,197.000000
1341,1,92.000000,197.000000
1342,1,97.115385,196.923077
1344,1,107.000000,197.000000
1347,1,122.115385,197.076923
1348,1,127.153846,196.846154
1349,1,132.083333,196.958333
1351,1,142.000000,197.000000
1358,1,176.884615,197.038462
1359,1,181.923077,197.115385
1360,1,187.000000,197.000000
1364,1,207.041667,197.083333
1367,1,47.083333,201.916667
1372,1,72.115385,201.923077
1373,1,77.083333,202.083333
1374,1,82.083333,201.916667
1375,1,86.916667,201.916667
1376,1,91.708333,202.208333
1377,1,96.777778,201.888889
1380,1,112.000000,202.000000
1381,1,117.000000,202.000000
1382,1,122.153846,202.115385
1383,1,127.041667,201.875000
1386,1,142.000000,202.000000
1387,1,147.000000,202.000000
1389,1,157.000000,202.000000
1391,1,167.083333,202.083333
1395,1,187.000000,202.000000
1397,1,197.000000,202.000000
1398,1,201.916667,201.916667
1400,1,211.826087,201.869565
1402,1,57.115385,207.076923
1403,1,62.083333,206.916667
1404,1,66.956522,207.173913
1408,1,86.653846,207.076923
1409,1,91.884615,207.076923
1410,1,96.916667,206.916667
1411,1,102.000000,207.000000
1412,1,107.130435,207.173913
1415,1,122.000000,207.000000
1416,1,127.000000,207.000000
1418,1,137.000000,207.000000
1419,1,142.000000,207.000000
1420,1,147.000000,207.000000
1423,1,162.041667,206.916667
1424,1,166.916667,206.916667
1425,1,171.846154,207.115385
1431,1,202.000000,207.000000
1432,1,206.814815,206.777778
1434,1,62.041667,211.916667
1436,1,72.000000,212.000000
1437,1,76.916667,211.916667
1438,1,81.800000,212.160000
1439,1,86.800000,211.880000
1441,1,97.076923,211.884615
1443,1,106.916667,211.958333
1444,1,111.884615,212.038462
1446,1,122.000000,212.000000
1448,1,132.000000,212.000000
1449,1,137.076923,212.115385
1451,1,147.037037,212.037037
1452,1,152.000000,212.043478
1453,1,156.962963,211.925926
1454,1,161.961538,211.884615
1456,1,171.958333,212.083333
1457,1,177.083333,212.083333
1458,1,182.000000,212.000000
1459,1,187.000000,212.000000
1461,1,197.115385,212.076923
1463,1,61.961538,216.884615
1464,1,67.115385,217.000000
1465,1,71.962963,217.333333
1466,1,76.923077,217.115385
1470,1,96.916667,216.916667
1471,1,102.000000,217.000000
1475,1,122.000000,217.000000
1476,1,127.000000,217.000000
1477,1,131.826087,216.869565
1479,1,142.000000,217.000000
1483,1,162.000000,217.000000
1484,1,167.000000,217.000000
1485,1,172.000000,217.000000
1487,1,182.111111,217.222222
1489,1,192.000000,217.000000
1490,1,197.153846,216.807692
1491,1,67.000000,222.000000
1494,1,82.000000,222.000000
1495,1,87.000000,222.000000
1499,1,107.173913,222.130435
1506,1,141.846154,222.269231
1508,1,152.115385,221.923077
1511,1,167.000000,222.000000
1513,1,177.000000,222.000000
1514,1,181.916667,222.291667
1518,1,82.076923,227.115385
1519,1,87.000000,227.000000
1520,1,92.041667,227.083333
1522,1,102.000000,227.000000
1523,1,106.916667,226.916667
1524,1,111.916667,227.083333
1528,1,132.000000,227.000000
1532,1,152.000000,227.000000
1533,1,157.000000,227.000000
1535,1,167.000000,227.000000
1536,1,172.000000,227.000000
1538,1,181.818182,226.909091
1539,1,87.291667,231.958333
1541,1,97.000000,232.000000
1542,1,102.115385,232.038462
1547,1,127.115385,232.076923
1550,1,142.125000,232.083333
1557,1,97.000000,237.000000
1558,1,102.115385,236.923077
1566,1,141.714286,237.000000
1568,1,151.923077,236.884615
1569,1,157.000000,237.000000
1570,1,161.826087,236.869565
