ID,type,x COM, y COM
1,2,102.208333,22.125000
2,2,107.703704,21.888889
4,2,117.230769,22.346154
7,2,132.590909,21.909091
10,2,147.461538,22.115385
12,2,158.041667,22.125000
13,2,87.130435,27.173913
14,2,92.222222,26.962963
15,2,97.291667,27.083333
18,2,112.458333,27.625000
19,2,117.166667,27.500000
23,2,137.173913,27.000000
27,2,156.400000,25.960000
28,2,161.653846,27.384615
31,2,77.083333,32.083333
32,2,82.166667,31.533333
33,2,87.083333,32.083333
34,2,91.869565,31.826087
37,2,106.840000,31.080000
39,2,117.000000,32.653846
41,2,126.869565,32.173913
42,2,131.739130,32.043478
43,2,137.185185,32.037037
44,2,141.916667,31.000000
45,2,147.037037,32.814815
47,2,157.250000,31.291667
48,2,162.238095,32.333333
52,2,182.000000,32.000000
53,2,72.440000,37.920000
56,2,86.565217,37.521739
57,2,91.440000,36.560000
58,2,96.821429,36.178571
59,2,102.083333,37.500000
60,2,106.681818,36.954545
63,2,121.730769,36.923077
64,2,127.000000,37.000000
66,2,137.115385,37.076923
71,2,162.458333,36.666667
72,2,167.280000,36.880000
73,2,171.961538,36.884615
74,2,176.869565,37.173913
78,2,62.000000,42.772727
80,2,71.954545,42.636364
81,2,76.826087,41.913043
82,2,81.785714,42.000000
84,2,92.703704,41.962963
89,2,117.153846,42.153846
90,2,122.269231,41.730769
92,2,132.200000,42.080000
96,2,151.750000,41.875000
97,2,156.782609,41.173913
98,2,161.291667,41.958333
100,2,171.800000,42.000000
101,2,176.916667,42.041667
102,2,181.640000,41.960000
104,2,191.400000,42.440000
105,2,196.280000,41.840000
107,2,62.391304,46.782609
109,2,71.960000,47.240000
110,2,76.840000,46.800000
112,2,87.037037,46.629630
115,2,102.409091,46.727273
116,2,107.038462,47.307692
121,2,131.884615,46.923077
125,2,151.916667,46.916667
126,2,156.960000,46.400000
128,2,167.000000,47.000000
132,2,187.307692,46.807692
133,2,192.750000,47.500000
136,2,52.884615,52.461538
137,2,57.000000,52.272727
139,2,67.166667,52.000000
142,2,81.380952,52.047619
143,2,86.307692,51.653846
145,2,96.920000,51.800000
146,2,101.370370,52.333333
148,2,112.260870,51.956522
149,2,117.090909,52.545455
150,2,121.640000,51.720000
151,2,127.321429,51.892857
153,2,137.416667,52.375000
156,2,152.615385,52.538462
159,2,167.083333,51.916667
160,2,172.000000,52.000000
161,2,176.636364,52.090909
162,2,181.600000,52.240000
163,2,186.538462,51.807692
164,2,191.583333,52.250000
165,2,196.423077,51.846154
168,2,47.739130,57.913043
170,2,57.695652,57.956522
173,2,72.115385,57.038462
174,2,77.760000,56.440000
175,2,82.214286,57.607143
176,2,86.851852,57.074074
179,2,102.720000,56.920000
180,2,107.840000,56.720000
181,2,112.666667,56.833333
186,2,137.346154,57.384615
190,2,156.434783,57.391304
191,2,161.320000,56.240000
192,2,167.142857,56.785714
193,2,172.173913,57.130435
194,2,177.407407,56.777778
196,2,187.681818,57.045455
198,2,197.347826,56.869565
199,2,201.909091,57.045455
203,2,46.478261,62.826087
205,2,57.750000,62.125000
207,2,67.458333,61.666667
209,2,76.590909,61.545455
210,2,81.208333,62.375000
211,2,87.120000,62.800000
213,2,96.629630,61.629630
214,2,101.615385,61.653846
216,2,111.826087,61.869565
217,2,117.037037,62.296296
218,2,122.083333,61.916667
225,2,157.652174,62.217391
227,2,166.923077,62.115385
228,2,171.880000,61.920000
231,2,187.041667,62.291667
232,2,192.040000,61.640000
236,2,212.230769,62.115385
238,2,41.692308,67.192308
240,2,52.038462,67.115385
242,2,61.800000,67.400000
243,2,67.413793,66.379310
245,2,77.173913,67.130435
247,2,87.000000,67.347826
248,2,92.307692,66.807692
250,2,102.192308,66.692308
251,2,107.076923,66.884615
252,2,112.076923,66.884615
253,2,116.916667,67.083333
257,2,136.407407,67.074074
259,2,147.083333,67.083333
260,2,151.916667,67.083333
264,2,171.875000,67.083333
266,2,182.083333,67.000000
268,2,192.391304,67.434783
269,2,197.538462,66.615385
270,2,202.217391,66.956522
271,2,207.192308,66.846154
277,2,47.000000,72.000000
278,2,52.307692,71.769231
283,2,77.115385,71.961538
285,2,87.500000,72.500000
286,2,92.037037,72.037037
287,2,97.720000,71.800000
289,2,107.260870,71.695652
291,2,116.777778,71.888889
293,2,127.000000,72.000000
294,2,131.833333,71.708333
295,2,136.500000,71.884615
299,2,157.840000,72.200000
305,2,186.608696,72.173913
306,2,191.400000,71.920000
307,2,196.607143,72.142857
313,2,32.240000,77.440000
314,2,36.600000,77.560000
316,2,47.000000,77.000000
321,2,72.000000,77.200000
322,2,77.000000,77.000000
323,2,82.000000,76.600000
326,2,96.500000,76.291667
327,2,101.375000,77.625000
329,2,112.307692,77.500000
330,2,117.200000,77.000000
332,2,127.080000,77.400000
334,2,137.000000,77.000000
335,2,142.222222,77.111111
336,2,147.200000,76.880000
337,2,151.826087,76.869565
339,2,161.916667,77.291667
340,2,167.964286,77.035714
345,2,192.250000,76.750000
346,2,197.538462,77.230769
347,2,202.541667,77.708333
353,2,32.576923,82.307692
356,2,47.461538,81.730769
357,2,52.761905,82.809524
358,2,57.307692,82.038462
362,2,77.083333,81.916667
364,2,86.760000,82.240000
369,2,111.333333,81.875000
370,2,117.240000,82.440000
374,2,136.880000,81.720000
380,2,165.880000,81.080000
381,2,171.407407,83.037037
383,2,182.192308,82.115385
384,2,187.200000,81.760000
388,2,207.608696,81.565217
389,2,212.260870,82.565217
390,2,216.851852,81.814815
391,2,221.913043,82.565217
398,2,51.818182,87.136364
403,2,77.000000,87.000000
404,2,82.076923,87.307692
410,2,112.125000,86.250000
411,2,116.807692,87.307692
413,2,126.750000,86.541667
414,2,131.500000,87.000000
416,2,141.000000,87.250000
417,2,146.928571,86.714286
420,2,161.782609,86.782609
421,2,166.481481,86.777778
422,2,171.440000,87.560000
423,2,177.125000,87.375000
424,2,181.814815,86.962963
428,2,202.357143,87.142857
429,2,207.400000,86.440000
430,2,212.961538,87.076923
434,2,231.760000,86.880000
436,2,32.043478,92.000000
440,2,51.954545,91.545455
441,2,56.541667,91.375000
442,2,61.541667,91.791667
443,2,66.769231,91.653846
444,2,72.192308,92.307692
445,2,77.080000,92.240000
447,2,86.928571,92.071429
449,2,97.250000,91.892857
451,2,106.760000,92.320000
452,2,112.000000,91.346154
453,2,116.791667,92.375000
454,2,121.884615,91.923077
457,2,136.840000,91.720000
458,2,141.960000,92.120000
463,2,166.777778,91.888889
465,2,176.884615,91.961538
466,2,181.666667,92.142857
467,2,186.923077,92.192308
469,2,197.000000,92.000000
471,2,206.916667,91.916667
473,2,216.880000,92.160000
474,2,221.833333,92.666667
477,2,26.923077,96.884615
478,2,31.961538,96.769231
481,2,47.250000,97.000000
486,2,71.869565,97.173913
487,2,76.913043,96.826087
489,2,87.458333,96.875000
495,2,117.047619,97.047619
497,2,126.739130,97.217391
498,2,131.961538,97.038462
499,2,136.653846,96.846154
500,2,141.500000,97.269231
502,2,152.125000,96.666667
504,2,162.080000,96.400000
505,2,167.000000,97.076923
507,2,176.958333,97.166667
511,2,197.173913,97.130435
512,2,201.615385,96.576923
517,2,227.115385,96.961538
519,2,236.920000,96.760000
520,2,22.720000,102.640000
521,2,27.160000,102.120000
522,2,32.095238,101.428571
524,2,41.500000,102.166667
525,2,46.769231,101.807692
530,2,71.961538,102.076923
533,2,86.884615,101.615385
536,2,102.440000,101.840000
541,2,126.884615,102.500000
547,2,157.440000,102.400000
548,2,162.115385,101.538462
549,2,166.956522,102.000000
550,2,171.318182,102.045455
552,2,182.272727,101.590909
554,2,191.826087,101.956522
560,2,222.521739,101.739130
561,2,227.869565,102.173913
568,2,42.125000,106.875000
569,2,47.000000,107.000000
570,2,52.000000,107.000000
576,2,82.666667,106.777778
577,2,87.880000,106.760000
578,2,92.545455,107.045455
581,2,107.200000,106.920000
583,2,116.916667,107.125000
584,2,122.307692,106.730769
585,2,127.080000,107.840000
588,2,142.160000,107.720000
589,2,147.166667,106.750000
590,2,152.074074,106.592593
591,2,156.800000,107.040000
592,2,162.461538,107.192308
594,2,173.185185,106.518519
595,2,177.720000,107.120000
596,2,182.080000,106.800000
597,2,186.833333,107.166667
601,2,206.851852,107.407407
605,2,227.120000,107.240000
606,2,232.115385,106.923077
608,2,22.000000,112.400000
609,2,26.680000,112.560000
611,2,37.500000,111.000000
612,2,41.884615,112.384615
613,2,47.038462,111.884615
614,2,51.960000,112.080000
615,2,57.000000,112.200000
620,2,81.769231,111.692308
621,2,87.160000,112.080000
622,2,91.807692,112.153846
623,2,96.760000,112.400000
625,2,107.592593,111.962963
628,2,121.409091,111.727273
631,2,136.777778,111.444444
632,2,141.480000,112.840000
633,2,146.862069,111.655172
634,2,152.000000,112.000000
637,2,167.076923,112.153846
638,2,171.875000,111.875000
639,2,176.880000,112.200000
640,2,181.916667,112.125000
641,2,187.080000,112.200000
642,2,191.640000,112.200000
644,2,201.652174,111.956522
646,2,212.125000,111.458333
651,2,237.083333,112.083333
652,2,21.956522,117.434783
654,2,31.291667,117.041667
655,2,36.481481,115.962963
658,2,52.076923,116.884615
663,2,77.000000,117.320000
664,2,81.653846,116.307692
665,2,86.230769,117.269231
666,2,91.583333,117.333333
668,2,102.074074,116.740741
669,2,107.269231,117.461538
671,2,116.800000,116.520000
674,2,132.307692,116.961538
676,2,142.440000,117.840000
677,2,147.461538,116.923077
680,2,161.578947,117.421053
682,2,171.740741,117.185185
683,2,177.103448,117.379310
687,2,196.666667,116.583333
688,2,201.653846,116.923077
691,2,217.200000,117.000000
692,2,222.080000,116.960000
694,2,231.607143,117.178571
695,2,236.708333,117.458333
696,2,22.000000,122.000000
697,2,26.708333,122.500000
698,2,31.739130,121.739130
703,2,56.750000,122.041667
704,2,62.000000,121.560000
706,2,71.625000,121.458333
709,2,86.807692,122.307692
710,2,92.080000,122.040000
714,2,112.000000,122.120000
716,2,121.541667,121.958333
720,2,142.375000,122.125000
721,2,147.304348,122.347826
722,2,151.869565,121.608696
723,2,157.520000,122.240000
725,2,166.740741,121.962963
726,2,172.230769,121.653846
727,2,177.083333,123.083333
731,2,197.192308,122.461538
732,2,202.045455,121.409091
734,2,212.080000,121.160000
736,2,221.740741,122.148148
739,2,236.840000,122.600000
741,2,27.541667,126.916667
742,2,32.272727,127.045455
743,2,36.956522,126.608696
749,2,67.160000,127.200000
752,2,81.692308,127.192308
754,2,91.962963,126.814815
755,2,96.791667,126.708333
757,2,107.192308,127.846154
758,2,111.869565,126.478261
760,2,121.960000,127.160000
761,2,127.043478,127.000000
762,2,132.480000,126.440000
765,2,147.000000,126.916667
767,2,156.884615,126.884615
771,2,177.304348,127.869565
772,2,182.043478,126.956522
774,2,192.086957,127.217391
775,2,197.680000,127.320000
777,2,206.678571,125.642857
778,2,211.913043,126.869565
781,2,227.346154,127.346154
782,2,232.416667,127.250000
783,2,237.291667,127.666667
784,2,21.960000,132.200000
785,2,26.360000,131.680000
786,2,31.120000,131.800000
790,2,52.153846,131.423077
792,2,62.629630,132.407407
794,2,72.375000,131.833333
795,2,77.153846,131.576923
796,2,82.370370,132.629630
797,2,87.608696,132.173913
801,2,107.074074,132.296296
803,2,117.038462,132.115385
807,2,136.846154,131.807692
810,2,152.083333,131.916667
811,2,156.720000,132.120000
812,2,161.800000,131.920000
813,2,167.545455,132.318182
817,2,187.600000,131.880000
818,2,192.192308,132.461538
819,2,196.769231,131.807692
820,2,202.192308,132.076923
821,2,207.333333,130.962963
825,2,226.565217,131.739130
826,2,231.909091,132.045455
828,2,22.125000,136.916667
830,2,31.961538,136.846154
831,2,36.782609,137.000000
833,2,46.692308,136.538462
834,2,51.875000,136.625000
838,2,72.434783,136.956522
842,2,91.880000,136.720000
843,2,97.076923,137.000000
846,2,112.074074,136.962963
847,2,117.120000,137.280000
851,2,137.083333,137.250000
852,2,141.875000,137.000000
853,2,146.360000,136.760000
857,2,166.730769,136.461538
861,2,187.000000,137.000000
864,2,202.000000,137.200000
865,2,206.777778,136.407407
867,2,216.916667,136.916667
870,2,231.960000,137.160000
872,2,21.961538,141.884615
873,2,27.600000,141.600000
874,2,32.958333,142.458333
875,2,37.230769,142.192308
877,2,46.961538,141.461538
878,2,52.074074,142.444444
879,2,56.800000,142.000000
882,2,72.090909,141.772727
883,2,77.037037,142.037037
884,2,81.875000,142.458333
885,2,86.478261,142.173913
886,2,91.851852,141.962963
888,2,102.000000,142.000000
889,2,107.115385,141.923077
892,2,121.666667,142.041667
896,2,141.833333,142.500000
897,2,146.920000,141.480000
902,2,172.160000,142.160000
903,2,177.541667,142.083333
904,2,182.370370,142.296296
906,2,191.458333,142.041667
907,2,196.920000,142.520000
908,2,201.600000,141.720000
909,2,207.000000,142.000000
910,2,211.920000,142.040000
912,2,221.840000,142.800000
914,2,231.913043,142.347826
915,2,236.884615,142.115385
917,2,27.040000,146.360000
918,2,32.000000,147.000000
919,2,37.318182,147.681818
922,2,51.958333,147.458333
923,2,57.208333,147.041667
925,2,67.173913,147.000000
928,2,81.875000,147.500000
929,2,86.692308,146.538462
932,2,101.846154,147.192308
934,2,111.931034,147.586207
935,2,116.760000,147.400000
938,2,132.384615,147.230769
940,2,142.000000,147.500000
941,2,147.153846,147.153846
943,2,157.541667,146.500000
944,2,162.083333,146.916667
945,2,167.000000,147.000000
946,2,172.080000,147.160000
947,2,176.272727,146.636364
949,2,187.307692,147.192308
950,2,192.250000,147.000000
951,2,197.208333,147.041667
953,2,207.000000,147.083333
956,2,221.608696,147.739130
957,2,226.407407,146.444444
958,2,231.923077,146.653846
960,2,22.000000,151.884615
963,2,37.206897,152.034483
964,2,42.760000,151.840000
965,2,46.961538,152.500000
967,2,56.592593,151.777778
968,2,62.111111,151.962963
973,2,87.125000,152.208333
975,2,97.173913,151.739130
978,2,111.000000,152.346154
981,2,126.800000,151.840000
984,2,142.142857,152.071429
985,2,146.846154,152.769231
986,2,152.083333,152.083333
987,2,157.107143,152.107143
989,2,166.478261,151.608696
990,2,171.884615,152.461538
992,2,182.307692,151.961538
993,2,186.869565,152.826087
994,2,191.692308,151.846154
996,2,201.869565,151.826087
998,2,211.120000,151.880000
1000,2,221.681818,151.727273
1004,2,22.708333,156.791667
1005,2,27.074074,157.259259
1007,2,37.000000,157.000000
1008,2,41.636364,156.909091
1011,2,57.080000,156.800000
1012,2,62.200000,157.160000
1013,2,67.400000,156.600000
1014,2,72.173913,157.043478
1016,2,82.040000,156.920000
1018,2,91.652174,156.826087
1019,2,96.592593,156.814815
1021,2,107.409091,157.272727
1023,2,117.107143,156.607143
1025,2,126.720000,157.360000
1038,2,191.576923,156.615385
1041,2,206.826087,157.304348
1042,2,212.000000,157.130435
1043,2,216.875000,156.291667
1045,2,227.192308,156.923077
1052,2,47.227273,162.090909
1054,2,56.800000,162.000000
1057,2,71.400000,161.280000
1060,2,87.041667,161.791667
1061,2,92.000000,162.000000
1062,2,96.916667,162.083333
1066,2,116.560000,162.080000
1067,2,121.608696,163.043478
1068,2,126.444444,161.777778
1069,2,132.120000,161.840000
1070,2,136.428571,162.809524
1071,2,141.071429,161.928571
1072,2,146.576923,162.615385
1073,2,151.961538,162.384615
1076,2,166.962963,162.407407
1077,2,172.241379,161.551724
1078,2,177.041667,161.708333
1080,2,187.291667,162.666667
1082,2,196.880000,162.120000
1084,2,207.708333,161.416667
1087,2,221.652174,161.739130
1088,2,226.625000,162.291667
1089,2,231.400000,162.080000
1092,2,32.545455,166.181818
1094,2,41.826087,167.347826
1095,2,47.038462,167.076923
1096,2,51.640000,167.280000
1101,2,77.826087,166.869565
1105,2,97.000000,167.000000
1107,2,106.500000,166.875000
1108,2,111.240000,166.760000
1112,2,131.576923,167.153846
1114,2,141.923077,167.076923
1115,2,147.166667,167.333333
1117,2,156.916667,166.916667
1118,2,162.260870,166.782609
1119,2,167.590909,167.181818
1121,2,176.826087,166.913043
1122,2,181.655172,166.896552
1129,2,216.833333,166.291667
1130,2,223.000000,166.520000
1131,2,227.869565,167.043478
1132,2,232.080000,167.240000
1135,2,37.083333,171.916667
1137,2,47.440000,172.040000
1139,2,57.000000,172.000000
1145,2,86.730769,172.000000
1147,2,97.222222,172.111111
1148,2,102.692308,172.423077
1149,2,107.041667,172.541667
1152,2,122.115385,172.076923
1153,2,127.166667,172.291667
1154,2,132.080000,172.280000
1157,2,147.043478,172.260870
1159,2,157.083333,171.666667
1160,2,161.777778,171.629630
1161,2,166.916667,171.541667
1162,2,171.545455,171.409091
1163,2,176.962963,172.037037
1165,2,186.956522,172.173913
1167,2,197.000000,172.000000
1169,2,206.750000,171.892857
1171,2,217.230769,171.346154
1174,2,232.000000,171.652174
1176,2,36.923077,176.884615
1177,2,42.080000,176.760000
1179,2,51.958333,177.166667
1185,2,82.040000,176.600000
1187,2,91.826087,177.130435
1189,2,101.960000,177.200000
1194,2,126.434783,177.000000
1195,2,131.521739,176.695652
1197,2,141.625000,177.625000
1198,2,146.678571,177.142857
1201,2,162.000000,177.000000
1203,2,171.571429,176.464286
1204,2,176.346154,176.884615
1205,2,181.520000,176.880000
1207,2,192.120000,176.920000
1208,2,196.652174,176.695652
1209,2,201.740741,176.777778
1212,2,216.884615,176.461538
1213,2,221.916667,177.083333
1216,2,36.840000,182.000000
1219,2,51.925926,182.666667
1223,2,72.166667,181.041667
1224,2,77.083333,182.541667
1225,2,82.173913,181.869565
1228,2,97.230769,181.576923
1229,2,102.478261,182.173913
1230,2,106.958333,183.083333
1233,2,122.000000,181.826087
1234,2,126.800000,181.840000
1235,2,132.000000,181.576923
1236,2,136.600000,182.120000
1238,2,147.760000,182.720000
1242,2,166.916667,182.083333
1248,2,197.038462,181.692308
1253,2,222.125000,182.083333
1257,2,46.680000,186.200000
1259,2,57.913043,187.086957
1261,2,67.458333,186.291667
1262,2,72.200000,186.880000
1263,2,77.115385,187.000000
1264,2,82.423077,186.846154
1266,2,91.653846,187.461538
1270,2,112.217391,186.695652
1275,2,137.076923,186.884615
1278,2,151.666667,187.095238
1281,2,166.851852,186.518519
1284,2,181.846154,186.884615
1285,2,187.000000,187.000000
1287,2,197.045455,186.772727
1288,2,201.458333,187.125000
1292,2,221.826087,186.869565
1296,2,52.304348,191.782609
1298,2,62.250000,191.875000
1299,2,67.038462,191.692308
1300,2,71.962963,192.370370
1301,2,76.750000,191.750000
1302,2,81.347826,191.782609
1303,2,86.678571,192.107143
1304,2,92.307692,192.653846
1310,2,122.440000,191.760000
1311,2,127.166667,192.666667
1312,2,131.458333,190.791667
1313,2,136.407407,192.111111
1314,2,141.782609,192.782609
1315,2,146.333333,191.407407
1316,2,151.642857,192.000000
1323,2,186.875000,191.750000
1325,2,197.272727,192.227273
1327,2,206.807692,192.000000
1329,2,216.083333,191.666667
1330,2,220.695652,191.956522
1343,2,101.800000,197.480000
1345,2,111.500000,196.750000
1346,2,116.538462,196.961538
1350,2,136.958333,196.708333
1352,2,147.120000,197.000000
1353,2,152.115385,196.692308
1354,2,157.000000,197.000000
1355,2,162.000000,197.076923
1356,2,167.080000,197.120000
1357,2,171.846154,196.538462
1361,2,192.346154,196.615385
1362,2,197.148148,197.222222
1363,2,201.952381,196.047619
1365,2,211.961538,196.884615
1366,2,217.083333,197.250000
1368,2,52.269231,202.230769
1369,2,57.714286,201.821429
1370,2,62.375000,202.791667
1371,2,67.230769,201.961538
1378,2,101.760000,202.240000
1379,2,106.541667,202.750000
1384,2,131.960000,201.520000
1385,2,136.777778,201.518519
1388,2,151.615385,202.192308
1390,2,162.074074,202.592593
1392,2,172.000000,202.000000
1393,2,177.200000,202.120000
1394,2,182.384615,201.576923
1396,2,191.560000,201.400000
1399,2,206.583333,202.125000
1401,2,52.523810,207.000000
1405,2,71.750000,206.625000
1406,2,76.916667,207.458333
1407,2,81.320000,206.600000
1413,2,112.500000,207.230769
1414,2,117.666667,206.777778
1417,2,132.250000,206.583333
1421,2,151.923077,207.115385
1422,2,157.333333,206.962963
1426,2,175.653846,206.692308
1427,2,181.153846,206.615385
1428,2,186.880000,206.760000
1429,2,192.269231,206.692308
1430,2,197.608696,206.695652
1433,2,57.107143,212.321429
1435,2,65.960000,212.160000
1440,2,92.000000,211.500000
1442,2,101.541667,211.875000
1445,2,116.923077,212.115385
1447,2,127.375000,212.208333
1450,2,142.043478,211.913043
1455,2,166.583333,211.958333
1460,2,191.360000,211.920000
1462,2,201.826087,212.000000
1467,2,81.769231,216.961538
1468,2,87.407407,217.111111
1469,2,92.480000,217.000000
1472,2,107.320000,217.480000
1473,2,110.875000,215.875000
1474,2,117.083333,217.083333
1478,2,137.080000,217.440000
1480,2,146.826087,217.130435
1481,2,151.652174,217.217391
1482,2,157.115385,217.038462
1486,2,178.304348,217.217391
1488,2,187.166667,216.833333
1492,2,72.545455,221.954545
1493,2,77.000000,221.800000
1496,2,91.518519,221.962963
1497,2,97.107143,222.071429
1498,2,102.333333,222.083333
1500,2,112.083333,221.500000
1501,2,116.916667,222.083333
1502,2,121.653846,222.307692
1503,2,127.000000,222.000000
1504,2,131.791667,221.958333
1505,2,137.208333,222.125000
1507,2,146.826087,221.869565
1509,2,156.680000,221.800000
1510,2,161.680000,222.440000
1512,2,172.269231,221.807692
1515,2,187.416667,222.166667
1516,2,192.160000,221.840000
1517,2,76.884615,226.884615
1521,2,96.869565,226.826087
1525,2,116.652174,226.913043
1526,2,121.920000,227.280000
1527,2,126.730769,227.884615
1529,2,136.428571,226.714286
1530,2,142.160000,226.800000
1531,2,147.444444,226.777778
1534,2,162.681818,227.363636
1537,2,177.200000,227.160000
1540,2,92.000000,232.541667
1543,2,107.600000,231.960000
1544,2,112.037037,231.777778
1545,2,117.500000,231.590909
1546,2,122.640000,232.000000
1548,2,132.040000,232.000000
1549,2,136.956522,231.652174
1551,2,146.625000,231.875000
1552,2,151.772727,231.818182
1553,2,157.080000,231.000000
1554,2,161.640000,232.360000
1555,2,166.916667,232.041667
1556,2,171.521739,231.739130
1559,2,106.592593,236.481481
1560,2,111.960000,236.960000
1561,2,116.500000,236.500000
1562,2,120.884615,236.846154
1563,2,126.520000,237.400000
1564,2,132.083333,237.083333
1565,2,136.960000,236.800000
1567,2,147.166667,236.708333
3,1,112.888889,22.222222
5,1,122.500000,22.153846
6,1,127.800000,22.320000
8,1,137.074074,22.111111
9,1,141.576923,22.269231
11,1,152.666667,21.666667
16,1,102.333333,26.708333
17,1,107.217391,26.695652
20,1,122.200000,27.000000
21,1,127.076923,26.961538
22,1,132.461538,27.384615
24,1,142.954545,26.000000
25,1,147.296296,27.407407
26,1,152.038462,27.115385
29,1,166.875000,26.625000
30,1,171.681818,27.636364
35,1,97.500000,31.416667
36,1,102.148148,32.518519
38,1,111.500000,32.500000
40,1,121.962963,31.888889
46,1,152.518519,32.333333
49,1,166.884615,31.538462
50,1,172.291667,32.208333
51,1,176.923077,31.576923
54,1,77.458333,36.875000
55,1,82.291667,36.958333
61,1,111.440000,36.760000
62,1,116.545455,37.318182
65,1,131.923077,36.884615
67,1,141.888889,36.740741
68,1,146.240000,37.560000
69,1,151.962963,36.962963
70,1,157.480000,36.760000
75,1,181.807692,36.769231
76,1,187.208333,36.958333
77,1,192.043478,37.608696
79,1,67.291667,41.708333
83,1,87.833333,41.625000
85,1,97.357143,41.964286
86,1,102.720000,41.800000
87,1,107.782609,41.695652
88,1,112.269231,42.269231
91,1,127.360000,42.200000
93,1,137.166667,42.166667
94,1,142.500000,42.000000
95,1,147.608696,42.826087
99,1,166.653846,41.769231
103,1,186.423077,41.769231
106,1,57.625000,47.375000
108,1,67.083333,47.083333
111,1,82.080000,47.200000
113,1,91.958333,47.041667
114,1,97.307692,46.923077
117,1,111.440000,47.320000
118,1,116.851852,47.111111
119,1,122.120000,47.280000
120,1,126.695652,46.826087
122,1,137.000000,47.000000
123,1,141.625000,47.125000
124,1,145.884615,47.653846
127,1,162.269231,46.461538
129,1,172.080000,47.120000
130,1,176.777778,46.888889
131,1,182.000000,47.000000
134,1,197.047619,46.619048
135,1,201.760000,47.760000
138,1,62.076923,51.961538
140,1,71.923077,52.153846
141,1,76.875000,51.916667
144,1,91.923077,51.807692
147,1,106.640000,52.040000
152,1,132.692308,52.538462
154,1,142.333333,52.555556
155,1,147.695652,51.521739
157,1,156.888889,51.370370
158,1,162.000000,51.600000
166,1,202.000000,52.240000
167,1,206.640000,52.560000
169,1,52.423077,57.153846
171,1,61.739130,55.739130
172,1,66.148148,57.666667
177,1,91.400000,56.680000
178,1,96.760000,57.040000
182,1,117.280000,57.480000
183,1,122.280000,56.640000
184,1,127.130435,56.826087
185,1,132.192308,57.192308
187,1,142.653846,57.423077
188,1,147.040000,56.920000
189,1,151.576923,57.500000
195,1,182.678571,57.107143
197,1,192.200000,57.120000
200,1,206.857143,57.142857
201,1,211.407407,56.777778
202,1,42.259259,61.518519
204,1,52.480000,62.200000
206,1,62.083333,62.458333
208,1,72.863636,62.272727
212,1,91.769231,61.769231
215,1,106.840000,61.800000
219,1,126.840000,61.600000
220,1,132.260870,62.043478
221,1,137.192308,62.153846
222,1,142.130435,63.130435
223,1,147.400000,61.840000
224,1,152.800000,62.600000
226,1,162.120000,60.680000
229,1,176.730769,62.307692
230,1,182.000000,62.111111
233,1,196.360000,62.040000
234,1,201.777778,62.037037
235,1,207.000000,61.750000
237,1,217.142857,62.571429
239,1,47.346154,66.807692
241,1,56.772727,67.090909
244,1,72.185185,67.148148
246,1,81.782609,66.869565
249,1,97.291667,67.208333
254,1,122.000000,67.000000
255,1,127.083333,67.208333
256,1,130.478261,65.956522
258,1,142.000000,67.250000
261,1,157.200000,67.080000
262,1,161.961538,66.500000
263,1,166.916667,67.041667
265,1,176.892857,67.214286
267,1,187.333333,67.000000
272,1,212.000000,67.083333
273,1,217.250000,67.041667
274,1,221.800000,67.560000
275,1,36.960000,72.120000
276,1,41.875000,72.041667
279,1,57.384615,72.307692
280,1,62.958333,71.958333
281,1,66.920000,72.200000
282,1,71.840000,72.200000
284,1,82.892857,71.571429
288,1,102.240000,72.560000
290,1,111.653846,72.653846
292,1,122.000000,72.000000
296,1,141.964286,72.321429
297,1,147.160000,71.800000
298,1,152.440000,71.800000
300,1,162.884615,72.153846
301,1,167.000000,71.782609
302,1,171.916667,71.958333
303,1,177.136364,72.227273
304,1,181.720000,71.920000
308,1,202.071429,71.928571
309,1,207.259259,72.148148
310,1,212.520000,71.520000
311,1,216.592593,72.444444
312,1,223.086957,72.478261
315,1,41.629630,76.481481
317,1,51.692308,77.461538
318,1,56.173913,77.000000
319,1,61.111111,76.851852
320,1,67.640000,77.440000
324,1,86.478261,77.695652
325,1,91.416667,77.250000
328,1,106.461538,76.346154
331,1,122.400000,76.880000
333,1,132.192308,77.153846
338,1,156.500000,76.250000
341,1,172.541667,77.125000
342,1,177.269231,77.576923
343,1,181.800000,76.640000
344,1,186.923077,77.038462
348,1,206.750000,76.750000
349,1,212.035714,77.178571
350,1,218.125000,77.000000
351,1,221.960000,76.600000
352,1,226.545455,76.863636
354,1,38.000000,82.500000
355,1,42.750000,81.708333
359,1,62.280000,81.640000
360,1,66.840000,81.400000
361,1,71.920000,82.760000
363,1,81.600000,81.840000
365,1,92.480000,81.560000
366,1,96.923077,81.807692
367,1,101.666667,82.875000
368,1,106.400000,81.400000
371,1,121.760000,81.880000
372,1,127.240000,81.560000
373,1,131.809524,82.428571
375,1,142.035714,82.107143
376,1,146.958333,82.333333
377,1,152.038462,82.307692
378,1,156.708333,81.666667
379,1,161.125000,81.708333
382,1,176.481481,81.925926
385,1,191.884615,82.076923
386,1,196.833333,82.083333
387,1,201.923077,82.115385
392,1,227.038462,81.461538
393,1,27.440000,86.680000
394,1,32.000000,87.458333
395,1,37.125000,87.541667
396,1,41.928571,86.642857
397,1,46.720000,86.760000
399,1,57.260870,86.826087
400,1,62.125000,86.875000
401,1,67.250000,87.000000
402,1,72.000000,87.083333
405,1,87.080000,87.240000
406,1,91.884615,86.615385
407,1,96.960000,87.080000
408,1,102.760000,87.000000
409,1,107.500000,86.727273
412,1,121.916667,87.083333
415,1,136.375000,86.875000
418,1,152.000000,87.818182
419,1,156.565217,86.173913
425,1,187.000000,87.000000
426,1,192.000000,87.000000
427,1,197.000000,87.000000
431,1,217.916667,86.958333
432,1,222.962963,87.481481
433,1,226.956522,87.130435
435,1,27.160000,91.800000
437,1,37.000000,91.818182
438,1,42.269231,92.115385
439,1,47.166667,91.958333
446,1,81.916667,92.375000
448,1,92.296296,92.296296
450,1,102.363636,91.545455
455,1,126.777778,92.333333
456,1,131.640000,92.040000
459,1,146.807692,91.653846
460,1,152.227273,91.909091
461,1,156.800000,91.680000
462,1,161.200000,91.600000
464,1,172.038462,92.615385
468,1,191.884615,91.923077
470,1,202.095238,91.619048
472,1,211.200000,91.800000
475,1,227.703704,91.888889
476,1,232.291667,92.208333
479,1,36.760000,96.640000
480,1,41.733333,97.466667
482,1,51.807692,96.615385
483,1,57.280000,96.160000
484,1,62.125000,96.500000
485,1,66.730769,96.884615
488,1,81.826087,97.130435
490,1,92.280000,97.560000
491,1,97.615385,96.615385
492,1,101.666667,97.125000
493,1,107.208333,97.333333
494,1,111.703704,96.481481
496,1,121.760000,97.120000
501,1,147.576923,96.461538
503,1,156.962963,97.222222
506,1,172.458333,97.625000
508,1,181.884615,97.038462
509,1,186.360000,97.120000
510,1,192.107143,96.928571
513,1,206.920000,96.840000
514,1,212.666667,96.000000
515,1,217.560000,97.320000
516,1,222.000000,97.076923
518,1,231.714286,97.571429
523,1,35.851852,102.666667
526,1,52.214286,101.892857
527,1,57.120000,100.920000
528,1,62.240000,101.600000
529,1,67.160000,101.960000
531,1,77.500000,101.375000
532,1,82.173913,102.000000
534,1,92.200000,102.160000
535,1,97.680000,102.400000
537,1,107.407407,101.962963
538,1,112.461538,101.846154
539,1,117.130435,102.000000
540,1,121.680000,101.960000
542,1,131.608696,102.043478
543,1,136.800000,102.040000
544,1,142.043478,101.739130
545,1,146.185185,101.481481
546,1,151.576923,101.615385
551,1,177.166667,102.125000
553,1,187.160000,102.240000
555,1,196.923077,102.000000
556,1,202.440000,101.560000
557,1,206.880000,102.120000
558,1,211.538462,101.038462
559,1,216.520000,102.000000
562,1,232.960000,101.720000
563,1,237.120000,102.120000
564,1,22.166667,107.625000
565,1,26.958333,107.375000
566,1,31.640000,106.880000
567,1,37.208333,106.708333
571,1,57.000000,106.428571
572,1,61.576923,106.961538
573,1,66.440000,107.320000
574,1,71.653846,106.615385
575,1,76.840000,106.200000
579,1,96.720000,107.520000
580,1,101.869565,106.826087
582,1,112.416667,106.833333
586,1,131.600000,106.920000
587,1,137.423077,106.153846
593,1,167.586207,107.103448
598,1,191.875000,106.500000
599,1,197.346154,106.500000
600,1,202.346154,107.615385
602,1,212.074074,106.370370
603,1,217.740741,106.814815
604,1,222.777778,106.444444
607,1,236.800000,107.640000
610,1,32.000000,111.791667
616,1,62.040000,112.480000
617,1,67.227273,111.636364
618,1,72.387097,111.903226
619,1,77.500000,111.208333
624,1,102.760000,111.560000
626,1,112.458333,112.333333
627,1,117.250000,112.000000
629,1,125.800000,113.120000
630,1,132.000000,111.642857
635,1,157.291667,111.291667
636,1,161.461538,112.692308
643,1,196.551724,111.137931
645,1,207.000000,112.500000
647,1,216.666667,111.851852
648,1,221.880000,111.920000
649,1,227.304348,112.260870
650,1,232.000000,112.000000
653,1,26.956522,117.130435
656,1,41.769231,117.576923
657,1,47.038462,117.038462
659,1,57.000000,117.173913
660,1,62.115385,117.076923
661,1,66.750000,116.000000
662,1,71.884615,116.846154
667,1,97.720000,116.200000
670,1,112.400000,117.600000
672,1,122.600000,117.080000
673,1,127.833333,117.000000
675,1,137.440000,117.120000
678,1,152.692308,116.884615
679,1,157.083333,117.166667
681,1,166.200000,116.320000
684,1,182.500000,116.961538
685,1,187.391304,117.391304
686,1,192.576923,117.500000
689,1,206.863636,116.772727
690,1,211.875000,116.166667
693,1,226.652174,116.695652
699,1,36.464286,121.535714
700,1,41.125000,122.166667
701,1,46.730769,122.269231
702,1,51.851852,122.148148
705,1,67.000000,122.000000
707,1,76.652174,122.260870
708,1,82.083333,121.750000
711,1,96.666667,121.083333
712,1,101.625000,121.666667
713,1,106.615385,122.730769
715,1,117.125000,121.625000
717,1,126.692308,122.461538
718,1,131.695652,122.173913
719,1,136.880000,121.720000
724,1,162.041667,121.916667
728,1,181.962963,122.037037
729,1,186.652174,121.956522
730,1,191.888889,122.222222
733,1,207.565217,121.478261
735,1,216.600000,122.000000
737,1,226.821429,122.142857
738,1,232.115385,122.307692
740,1,21.916667,126.916667
744,1,42.440000,127.080000
745,1,47.040000,126.720000
746,1,52.708333,127.625000
747,1,57.851852,127.111111
748,1,62.125000,126.208333
750,1,71.880000,126.600000
751,1,76.875000,126.708333
753,1,86.520000,127.080000
756,1,102.040000,126.240000
759,1,117.000000,126.800000
763,1,136.760000,127.120000
764,1,141.884615,127.076923
766,1,151.923077,126.884615
768,1,162.461538,127.000000
769,1,167.240000,127.560000
770,1,171.807692,126.692308
773,1,187.320000,126.720000
776,1,202.320000,126.680000
779,1,217.000000,127.000000
780,1,221.962963,127.222222
787,1,36.464286,132.035714
788,1,40.958333,131.291667
789,1,46.640000,131.560000
791,1,57.375000,132.166667
793,1,67.541667,131.666667
798,1,92.444444,132.444444
799,1,97.000000,131.423077
800,1,101.760000,131.600000
802,1,112.416667,131.666667
804,1,122.250000,132.321429
805,1,127.086957,131.782609
806,1,131.692308,131.961538
808,1,142.222222,132.111111
809,1,147.260870,131.652174
814,1,172.259259,132.518519
815,1,176.708333,132.041667
816,1,182.500000,131.730769
822,1,212.153846,132.961538
823,1,216.571429,131.571429
824,1,222.200000,132.920000
827,1,236.608696,132.130435
829,1,27.130435,137.173913
832,1,42.000000,136.192308
835,1,56.360000,137.040000
836,1,61.360000,136.960000
837,1,67.172414,137.000000
839,1,76.916667,136.916667
840,1,81.884615,137.076923
841,1,86.791667,137.458333
844,1,102.208333,136.791667
845,1,107.208333,137.375000
848,1,122.280000,137.080000
849,1,127.250000,136.833333
850,1,132.307692,136.807692
854,1,151.769231,136.961538
855,1,157.739130,136.478261
856,1,161.653846,137.461538
858,1,172.240000,137.320000
859,1,177.560000,137.240000
860,1,182.160000,136.600000
862,1,192.440000,137.840000
863,1,197.083333,136.916667
866,1,211.666667,137.666667
868,1,221.851852,137.740741
869,1,227.520000,136.360000
871,1,237.076923,137.115385
876,1,41.750000,141.464286
880,1,62.000000,141.576923
881,1,67.307692,142.153846
887,1,97.125000,141.708333
890,1,112.240000,142.440000
891,1,117.208333,142.125000
893,1,126.730769,142.307692
894,1,131.833333,141.708333
895,1,137.208333,141.791667
898,1,151.307692,142.230769
899,1,155.666667,141.925926
900,1,161.892857,141.928571
901,1,167.120000,141.640000
905,1,186.782609,142.000000
911,1,217.130435,141.782609
913,1,227.166667,141.166667
916,1,22.222222,146.814815
920,1,42.384615,146.730769
921,1,47.360000,146.760000
924,1,62.037037,146.666667
926,1,71.920000,146.880000
927,1,76.833333,147.208333
930,1,91.730769,147.615385
931,1,96.400000,146.240000
933,1,107.041667,146.708333
936,1,122.500000,146.807692
937,1,127.222222,147.222222
939,1,137.148148,146.888889
942,1,152.230769,147.230769
948,1,181.296296,147.148148
952,1,202.192308,146.730769
954,1,212.125000,146.791667
955,1,216.400000,146.920000
959,1,236.833333,147.250000
961,1,27.125000,151.708333
962,1,31.692308,152.115385
966,1,51.545455,152.227273
969,1,66.923077,151.884615
970,1,72.125000,151.875000
971,1,77.115385,151.923077
972,1,82.000000,152.272727
974,1,92.269231,151.884615
976,1,102.111111,152.222222
977,1,106.260870,152.521739
979,1,116.904762,151.619048
980,1,121.833333,152.291667
982,1,132.120000,152.040000
983,1,136.875000,152.958333
988,1,161.400000,152.320000
991,1,176.814815,151.592593
995,1,197.000000,152.000000
997,1,206.600000,152.040000
999,1,216.423077,152.153846
1001,1,226.392857,151.964286
1002,1,231.962963,152.148148
1003,1,236.960000,151.880000
1006,1,31.708333,157.041667
1009,1,46.653846,157.730769
1010,1,52.115385,157.076923
1015,1,76.760000,157.080000
1017,1,86.800000,157.000000
1020,1,101.916667,157.291667
1022,1,112.458333,157.041667
1024,1,121.555556,157.407407
1026,1,131.173913,156.913043
1027,1,135.913043,156.956522
1028,1,141.400000,157.320000
1029,1,146.777778,157.666667
1030,1,151.791667,156.958333
1031,1,156.440000,157.360000
1032,1,162.000000,157.423077
1033,1,166.653846,156.884615
1034,1,171.520000,156.640000
1035,1,176.909091,156.772727
1036,1,181.840000,157.000000
1037,1,187.000000,158.000000
1039,1,197.043478,156.826087
1040,1,202.038462,156.692308
1044,1,221.444444,157.370370
1046,1,231.560000,156.800000
1047,1,236.923077,156.884615
1048,1,27.111111,162.222222
1049,1,32.666667,161.666667
1050,1,37.608696,161.434783
1051,1,42.416667,162.666667
1053,1,51.916667,161.916667
1055,1,61.615385,162.346154
1056,1,66.576923,162.461538
1058,1,77.200000,161.760000
1059,1,82.153846,162.192308
1063,1,101.538462,161.923077
1064,1,106.083333,162.125000
1065,1,111.230769,161.846154
1074,1,156.958333,161.916667
1075,1,162.000000,162.166667
1079,1,182.041667,161.791667
1081,1,192.240000,161.960000
1083,1,202.038462,161.730769
1085,1,212.208333,162.333333
1086,1,217.041667,161.916667
1090,1,236.416667,161.583333
1091,1,27.130435,166.826087
1093,1,37.115385,166.653846
1097,1,56.791667,166.833333
1098,1,61.840000,167.400000
1099,1,67.793103,167.448276
1100,1,72.370370,166.000000
1102,1,81.590909,167.636364
1103,1,86.956522,166.565217
1104,1,92.076923,167.115385
1106,1,101.500000,167.500000
1109,1,116.739130,166.478261
1110,1,121.481481,167.851852
1111,1,126.884615,167.038462
1113,1,136.375000,167.625000
1116,1,151.807692,167.500000
1120,1,172.454545,166.863636
1123,1,187.185185,167.037037
1124,1,192.480000,166.840000
1125,1,197.181818,167.227273
1126,1,201.814815,166.740741
1127,1,206.769231,166.500000
1128,1,211.916667,167.083333
1133,1,27.250000,171.583333
1134,1,31.964286,171.071429
1136,1,42.222222,172.111111
1138,1,52.391304,172.130435
1140,1,62.666667,171.777778
1141,1,67.600000,172.480000
1142,1,72.625000,171.625000
1143,1,77.200000,172.080000
1144,1,82.666667,171.250000
1146,1,91.916667,172.083333
1150,1,111.833333,171.791667
1151,1,115.884615,171.615385
1155,1,137.333333,172.037037
1156,1,142.307692,172.346154
1158,1,151.869565,172.608696
1164,1,182.083333,171.833333
1166,1,191.791667,171.958333
1168,1,202.130435,171.956522
1170,1,211.884615,172.038462
1172,1,221.500000,171.307692
1173,1,226.520000,172.080000
1175,1,31.956522,176.391304
1178,1,46.833333,177.333333
1180,1,56.925926,177.185185
1181,1,61.739130,176.173913
1182,1,66.500000,177.541667
1183,1,72.444444,176.185185
1184,1,77.440000,177.720000
1186,1,87.240000,176.840000
1188,1,96.600000,176.920000
1190,1,107.269231,178.115385
1191,1,111.814815,176.703704
1192,1,117.080000,176.800000
1193,1,121.500000,177.416667
1196,1,137.000000,177.000000
1199,1,152.814815,176.666667
1200,1,157.260870,177.086957
1202,1,166.640000,176.760000
1206,1,187.320000,177.240000
1210,1,208.037037,178.074074
1211,1,211.720000,176.560000
1214,1,226.640000,176.680000
1215,1,32.153846,181.346154
1217,1,42.304348,181.956522
1218,1,47.208333,181.666667
1220,1,57.200000,181.720000
1221,1,61.785714,182.285714
1222,1,67.480000,181.880000
1226,1,87.160000,182.160000
1227,1,91.608696,181.956522
1231,1,112.040000,181.960000
1232,1,117.160000,182.160000
1237,1,141.916667,181.875000
1239,1,152.080000,181.400000
1240,1,156.833333,182.333333
1241,1,161.884615,181.923077
1243,1,171.884615,181.923077
1244,1,177.541667,181.333333
1245,1,182.083333,181.958333
1246,1,186.576923,181.769231
1247,1,191.869565,181.826087
1249,1,202.083333,181.916667
1250,1,206.807692,182.038462
1251,1,212.750000,182.166667
1252,1,217.038462,181.846154
1254,1,226.782609,181.434783
1255,1,37.333333,186.583333
1256,1,42.086957,186.826087
1258,1,52.720000,187.320000
1260,1,62.541667,187.208333
1265,1,86.772727,187.090909
1267,1,96.333333,186.629630
1268,1,100.840000,186.440000
1269,1,107.074074,187.814815
1271,1,117.173913,187.000000
1272,1,122.000000,187.000000
1273,1,126.958333,186.958333
1274,1,131.791667,186.375000
1276,1,141.760000,187.080000
1277,1,146.640000,186.960000
1279,1,156.851852,187.111111
1280,1,161.760000,187.240000
1282,1,171.884615,187.461538
1283,1,177.037037,186.592593
1286,1,192.333333,186.444444
1289,1,206.692308,186.807692
1290,1,211.541667,187.125000
1291,1,217.260870,186.782609
1293,1,37.080000,191.160000
1294,1,42.500000,191.333333
1295,1,47.416667,191.500000
1297,1,56.958333,192.083333
1305,1,96.956522,191.608696
1306,1,101.730769,191.769231
1307,1,106.296296,192.555556
1308,1,111.962963,192.259259
1309,1,117.000000,191.777778
1317,1,157.346154,192.000000
1318,1,162.521739,192.217391
1319,1,167.291667,191.791667
1320,1,172.800000,192.000000
1321,1,177.391304,192.347826
1322,1,181.875000,191.916667
1324,1,191.896552,191.965517
1326,1,201.884615,191.576923
1328,1,212.250000,191.750000
1331,1,42.480000,196.120000
1332,1,46.869565,197.173913
1333,1,51.692308,196.500000
1334,1,56.692308,197.076923
1335,1,61.964286,196.785714
1336,1,66.760000,197.080000
1337,1,72.076923,197.461538
1338,1,76.960000,196.840000
1339,1,82.120000,196.960000
1340,1,87.000000,197.321429
1341,1,91.909091,196.954545
1342,1,97.461538,197.307692
1344,1,107.000000,197.625000
1347,1,121.583333,196.958333
1348,1,126.520000,197.240000
1349,1,132.040000,196.200000
1351,1,142.000000,197.500000
1358,1,176.380952,197.190476
1359,1,181.280000,196.680000
1360,1,186.480000,196.960000
1364,1,207.240000,197.240000
1367,1,47.583333,201.166667
1372,1,72.375000,202.250000
1373,1,77.173913,202.000000
1374,1,81.958333,201.916667
1375,1,87.040000,202.840000
1376,1,91.920000,201.640000
1377,1,96.440000,202.080000
1380,1,112.038462,201.769231
1381,1,117.464286,201.714286
1382,1,122.960000,202.120000
1383,1,127.666667,202.500000
1386,1,142.083333,202.291667
1387,1,146.480000,202.040000
1389,1,157.035714,202.000000
1391,1,167.217391,201.608696
1395,1,187.130435,201.826087
1397,1,196.640000,202.360000
1398,1,201.892857,201.321429
1400,1,211.760000,201.840000
1402,1,57.200000,207.000000
1403,1,62.478261,207.478261
1404,1,66.952381,207.285714
1408,1,85.826087,207.652174
1409,1,91.238095,206.476190
1410,1,96.217391,206.869565
1411,1,101.916667,207.083333
1412,1,107.600000,206.760000
1415,1,122.160000,207.760000
1416,1,126.857143,207.178571
1418,1,137.080000,206.760000
1419,1,141.615385,207.461538
1420,1,147.148148,207.111111
1423,1,161.961538,208.384615
1424,1,166.625000,206.375000
1425,1,171.071429,208.071429
1431,1,202.250000,207.000000
1432,1,206.666667,206.833333
1434,1,61.454545,212.000000
1436,1,71.500000,210.954545
1437,1,76.954545,212.090909
1438,1,82.000000,212.200000
1439,1,87.440000,212.000000
1441,1,96.576923,211.346154
1443,1,106.592593,211.666667
1444,1,112.461538,212.423077
1446,1,122.250000,212.916667
1448,1,131.680000,212.320000
1449,1,136.769231,212.038462
1451,1,147.000000,212.291667
1452,1,152.000000,212.461538
1453,1,156.608696,212.173913
1454,1,161.913043,213.086957
1456,1,172.200000,212.880000
1457,1,177.076923,211.615385
1458,1,182.000000,211.560000
1459,1,186.730769,211.346154
1461,1,196.760000,211.280000
1463,1,63.076923,216.730769
1464,1,68.208333,217.000000
1465,1,72.260870,215.260870
1466,1,76.500000,216.625000
1470,1,96.958333,216.541667
1471,1,101.692308,217.038462
1475,1,122.000000,217.416667
1476,1,126.791667,217.041667
1477,1,132.440000,216.960000
1479,1,142.083333,216.916667
1483,1,162.538462,217.500000
1484,1,167.500000,216.833333
1485,1,172.500000,217.291667
1487,1,183.375000,216.916667
1489,1,192.043478,216.608696
1490,1,196.714286,216.178571
1491,1,68.461538,221.423077
1494,1,81.571429,222.035714
1495,1,86.333333,222.333333
1499,1,106.880000,221.640000
1506,1,141.916667,221.833333
1508,1,151.692308,222.038462
1511,1,167.391304,221.913043
1513,1,176.846154,221.576923
1514,1,181.720000,221.480000
1518,1,82.384615,227.423077
1519,1,87.375000,226.875000
1520,1,91.840000,227.160000
1522,1,102.083333,226.916667
1523,1,106.869565,226.826087
1524,1,112.111111,226.666667
1528,1,131.538462,226.846154
1532,1,151.958333,227.375000
1533,1,157.384615,226.730769
1535,1,166.807692,226.423077
1536,1,172.000000,226.916667
1538,1,181.958333,226.125000
1539,1,86.615385,231.807692
1541,1,96.851852,231.148148
1542,1,101.884615,232.115385
1547,1,127.541667,233.333333
1550,1,141.875000,231.708333
1557,1,97.208333,236.625000
1558,1,101.960000,237.000000
1566,1,141.615385,236.615385
1568,1,152.076923,236.961538
1569,1,156.304348,236.086957
1570,1,161.192308,236.769231
