ID,type,x COM, y COM
2,2,115.428571,23.714286
3,2,120.200000,21.300000
4,2,117.625000,27.375000
5,2,124.166667,24.333333
6,2,125.000000,20.000000
8,2,130.875000,20.125000
10,2,136.166667,20.666667
13,2,143.875000,23.625000
15,2,103.000000,25.000000
17,2,105.428571,27.285714
20,2,110.875000,26.125000
26,2,127.000000,22.800000
30,2,142.833333,25.333333
33,2,148.600000,24.200000
35,2,156.800000,28.400000
37,2,91.222222,31.555556
39,2,97.142857,25.714286
42,2,99.900000,27.700000
47,2,122.800000,29.000000
53,2,135.500000,23.000000
54,2,138.750000,25.750000
57,2,144.375000,33.875000
58,2,150.714286,27.428571
61,2,164.000000,34.500000
66,2,82.285714,32.428571
67,2,92.666667,35.166667
69,2,96.000000,29.875000
72,2,98.333333,30.833333
75,2,111.777778,27.666667
76,2,117.000000,30.666667
78,2,119.875000,32.125000
79,2,128.000000,32.000000
81,2,128.200000,24.600000
82,2,132.857143,25.285714
83,2,138.875000,30.375000
84,2,142.714286,30.000000
85,2,145.714286,28.000000
87,2,150.500000,32.000000
88,2,152.000000,36.500000
90,2,159.000000,32.000000
91,2,158.875000,37.000000
94,2,166.333333,31.888889
95,2,167.500000,29.500000
96,2,171.500000,31.750000
98,2,81.000000,34.500000
99,2,86.400000,38.800000
101,2,88.600000,33.000000
104,2,95.600000,32.600000
106,2,103.200000,34.900000
109,2,115.125000,33.250000
112,2,115.777778,35.444444
114,2,126.800000,29.600000
115,2,128.857143,28.285714
116,2,131.888889,28.555556
117,2,137.666667,33.666667
118,2,144.200000,36.400000
123,2,154.500000,34.500000
130,2,168.125000,34.875000
131,2,174.714286,32.000000
134,2,73.600000,38.800000
135,2,78.333333,36.166667
136,2,79.200000,40.400000
142,2,97.500000,37.000000
143,2,105.857143,38.285714
144,2,100.833333,34.666667
146,2,109.714286,38.142857
147,2,110.625000,33.000000
153,2,132.285714,34.000000
154,2,133.500000,36.500000
155,2,134.500000,31.500000
156,2,141.400000,33.800000
163,2,154.285714,29.857143
165,2,166.300000,37.600000
166,2,164.000000,29.300000
171,2,181.000000,38.000000
172,2,177.200000,33.400000
175,2,70.666667,40.166667
178,2,81.500000,40.875000
180,2,94.800000,36.400000
184,2,105.000000,31.166667
185,2,103.285714,41.714286
188,2,117.100000,39.800000
190,2,112.285714,38.000000
191,2,124.500000,37.666667
196,2,137.333333,43.222222
203,2,147.875000,37.250000
204,2,157.111111,44.111111
208,2,171.400000,37.200000
210,2,174.545455,34.636364
215,2,68.111111,42.888889
217,2,75.500000,38.000000
218,2,79.500000,43.500000
219,2,78.000000,45.500000
220,2,84.111111,42.777778
221,2,82.500000,37.500000
224,2,93.500000,40.500000
226,2,96.142857,41.714286
227,2,100.400000,39.900000
232,2,115.200000,42.400000
234,2,123.444444,33.222222
236,2,129.000000,41.500000
237,2,128.888889,36.444444
238,2,132.250000,42.250000
240,2,138.222222,37.555556
243,2,146.875000,42.625000
246,2,151.888889,44.888889
247,2,155.500000,45.500000
249,2,158.000000,41.285714
250,2,163.000000,44.000000
251,2,173.777778,39.888889
252,2,170.300000,46.300000
253,2,180.200000,35.600000
254,2,184.700000,40.400000
257,2,188.125000,44.875000
259,2,192.500000,42.750000
260,2,66.666667,45.666667
264,2,67.428571,50.142857
268,2,78.875000,46.625000
269,2,88.500000,38.000000
272,2,90.333333,43.166667
274,2,94.500000,45.000000
275,2,98.714286,44.000000
276,2,106.571429,44.714286
278,2,110.500000,40.000000
279,2,111.571429,47.285714
280,2,117.833333,43.333333
281,2,119.142857,44.714286
282,2,120.500000,39.333333
283,2,128.875000,44.875000
286,2,134.500000,38.700000
287,2,140.888889,44.888889
288,2,143.000000,39.625000
289,2,141.000000,42.142857
296,2,169.285714,41.428571
298,2,176.000000,42.800000
302,2,180.000000,40.375000
305,2,195.500000,43.000000
307,2,196.666667,44.833333
311,2,60.800000,48.800000
314,2,73.400000,44.000000
315,2,80.666667,49.222222
318,2,82.400000,46.000000
319,2,81.111111,52.111111
321,2,94.428571,47.428571
324,2,100.888889,52.777778
325,2,105.714286,49.000000
327,2,113.000000,53.000000
328,2,116.375000,50.625000
330,2,122.000000,45.000000
331,2,125.222222,50.333333
332,2,115.714286,48.000000
334,2,133.166667,45.000000
335,2,136.181818,48.636364
336,2,139.500000,47.000000
337,2,142.444444,52.111111
339,2,143.666667,45.833333
340,2,145.500000,46.000000
341,2,151.000000,41.000000
342,2,152.500000,48.000000
343,2,158.500000,49.333333
346,2,163.700000,49.800000
347,2,173.714286,46.142857
349,2,178.857143,50.000000
350,2,180.333333,46.333333
351,2,186.300000,48.200000
352,2,182.714286,44.142857
353,2,190.800000,46.800000
356,2,196.800000,49.100000
357,2,197.000000,53.714286
362,2,63.500000,47.500000
363,2,70.125000,51.000000
364,2,72.000000,48.166667
370,2,89.800000,48.700000
371,2,86.142857,45.285714
372,2,94.142857,52.714286
374,2,101.181818,47.909091
377,2,110.500000,44.666667
381,2,124.500000,47.166667
384,2,132.428571,49.714286
389,2,145.111111,54.888889
394,2,165.818182,52.545455
395,2,160.125000,44.875000
398,2,171.200000,52.300000
399,2,175.000000,52.000000
402,2,184.000000,50.500000
405,2,193.800000,49.600000
406,2,187.777778,52.000000
407,2,199.166667,52.166667
409,2,201.714286,51.428571
413,2,57.555556,51.666667
417,2,67.500000,56.500000
418,2,72.500000,53.500000
419,2,79.666667,55.166667
420,2,75.625000,54.250000
421,2,85.142857,56.428571
422,2,85.500000,48.500000
424,2,90.272727,53.272727
425,2,94.500000,50.200000
429,2,109.875000,51.500000
430,2,109.800000,57.400000
434,2,120.125000,48.875000
435,2,124.000000,55.000000
436,2,127.285714,48.857143
438,2,134.000000,55.750000
443,2,141.888889,48.333333
444,2,148.125000,52.125000
445,2,154.636364,51.727273
446,2,161.666667,56.166667
450,2,168.500000,53.000000
455,2,180.625000,52.625000
456,2,184.111111,55.444444
461,2,200.800000,55.800000
462,2,204.142857,54.857143
463,2,205.285714,57.571429
464,2,49.333333,55.833333
467,2,62.000000,50.250000
469,2,60.875000,57.000000
470,2,64.750000,53.875000
473,2,75.428571,50.857143
475,2,79.100000,57.300000
476,2,81.363636,61.090909
479,2,93.142857,54.714286
480,2,92.500000,58.000000
481,2,96.250000,54.500000
482,2,102.000000,55.500000
484,2,105.230769,58.000000
486,2,114.333333,57.333333
487,2,117.500000,55.500000
488,2,119.750000,53.125000
490,2,129.666667,51.888889
494,2,136.285714,45.428571
497,2,140.222222,62.555556
498,2,139.250000,57.875000
499,2,152.000000,50.444444
500,2,147.000000,48.000000
502,2,157.375000,55.625000
503,2,165.000000,58.000000
505,2,172.545455,60.454545
507,2,177.600000,55.500000
512,2,190.000000,54.500000
514,2,192.375000,53.875000
517,2,199.166667,57.000000
520,2,48.285714,61.142857
521,2,52.333333,60.666667
524,2,51.142857,53.142857
525,2,58.250000,54.750000
527,2,63.800000,59.900000
530,2,74.125000,57.125000
531,2,73.000000,59.857143
535,2,88.333333,57.833333
537,2,92.272727,63.090909
538,2,105.545455,54.727273
540,2,109.090909,60.909091
544,2,113.285714,60.428571
545,2,118.800000,60.400000
547,2,127.000000,59.000000
548,2,127.777778,56.111111
549,2,131.222222,62.444444
554,2,142.555556,58.888889
556,2,148.200000,59.400000
557,2,155.555556,58.222222
559,2,156.400000,63.800000
560,2,160.428571,58.714286
564,2,168.571429,57.285714
568,2,183.000000,58.000000
571,2,195.500000,56.500000
572,2,195.125000,63.875000
573,2,199.625000,58.375000
576,2,208.875000,59.125000
577,2,211.500000,63.500000
580,2,52.750000,57.250000
581,2,56.000000,58.500000
582,2,57.000000,64.714286
585,2,70.700000,63.800000
587,2,70.125000,56.625000
588,2,69.900000,66.800000
590,2,77.666667,60.333333
591,2,86.857143,60.285714
594,2,90.000000,67.000000
595,2,95.428571,62.142857
597,2,100.142857,59.714286
604,2,120.000000,64.000000
605,2,123.111111,63.555556
610,2,131.333333,57.666667
613,2,153.875000,61.125000
614,2,146.100000,65.300000
616,2,157.833333,61.333333
617,2,154.125000,69.125000
619,2,166.555556,62.333333
624,2,181.285714,63.857143
625,2,188.000000,62.500000
626,2,184.363636,61.363636
628,2,192.125000,57.750000
629,2,190.375000,64.250000
630,2,200.833333,61.666667
632,2,206.000000,60.444444
635,2,212.600000,65.600000
640,2,50.250000,75.250000
641,2,57.000000,62.500000
643,2,55.000000,66.500000
647,2,70.250000,60.500000
648,2,73.666667,65.888889
651,2,85.200000,66.700000
655,2,94.545455,65.636364
656,2,95.857143,57.857143
658,2,98.875000,63.375000
661,2,115.333333,63.333333
668,2,127.142857,64.571429
669,2,139.500000,66.000000
671,2,145.500000,60.000000
674,2,150.666667,57.333333
679,2,162.571429,62.285714
681,2,171.500000,67.500000
684,2,179.125000,66.750000
691,2,198.300000,68.600000
692,2,203.250000,65.625000
694,2,207.555556,63.777778
695,2,210.444444,68.555556
697,2,216.000000,69.000000
700,2,45.666667,67.666667
702,2,50.375000,65.625000
707,2,61.250000,63.375000
708,2,67.333333,63.333333
709,2,69.125000,73.125000
710,2,67.200000,66.600000
711,2,77.750000,70.375000
712,2,74.000000,69.500000
713,2,79.888889,64.777778
714,2,80.700000,69.200000
716,2,88.500000,62.666667
717,2,93.800000,68.900000
718,2,100.428571,69.428571
720,2,102.555556,65.555556
721,2,108.000000,63.000000
723,2,112.571429,65.142857
724,2,113.333333,68.222222
730,2,129.714286,67.000000
731,2,141.000000,70.714286
735,2,141.500000,65.500000
736,2,150.800000,63.800000
737,2,153.600000,66.700000
741,2,167.333333,67.000000
743,2,163.444444,68.222222
746,2,176.111111,70.444444
748,2,186.000000,66.000000
750,2,188.333333,68.833333
753,2,202.000000,69.000000
756,2,207.750000,73.000000
758,2,213.714286,70.428571
760,2,37.666667,76.666667
761,2,43.333333,68.833333
764,2,47.714286,75.142857
765,2,52.875000,70.125000
770,2,64.000000,82.400000
771,2,65.000000,64.500000
774,2,76.500000,73.500000
777,2,89.111111,74.444444
778,2,90.428571,69.857143
783,2,109.666667,69.111111
784,2,104.571429,72.285714
787,2,117.125000,67.750000
788,2,121.000000,59.000000
790,2,124.222222,67.444444
791,2,127.222222,70.555556
793,2,137.222222,69.444444
794,2,132.333333,73.777778
796,2,145.272727,71.545455
798,2,142.666667,68.111111
799,2,150.111111,69.888889
801,2,155.875000,78.000000
807,2,173.400000,66.200000
808,2,179.500000,61.000000
810,2,183.571429,69.857143
812,2,188.333333,75.111111
813,2,191.000000,71.833333
814,2,193.375000,69.000000
815,2,200.600000,72.600000
818,2,207.000000,67.500000
821,2,212.714286,73.714286
823,2,219.500000,73.500000
825,2,37.500000,74.500000
826,2,48.500000,69.000000
827,2,44.222222,75.333333
831,2,58.500000,67.500000
832,2,55.888889,72.222222
833,2,63.571429,71.285714
834,2,65.818182,77.545455
836,2,65.875000,70.875000
837,2,71.500000,72.500000
839,2,85.285714,71.000000
840,2,84.555556,74.444444
841,2,88.250000,81.000000
845,2,96.875000,68.875000
847,2,103.444444,79.222222
850,2,111.000000,77.769231
851,2,108.333333,72.666667
852,2,115.000000,71.750000
854,2,118.714286,70.428571
857,2,133.000000,67.200000
858,2,132.000000,70.875000
859,2,138.700000,74.300000
860,2,143.666667,73.166667
861,2,147.500000,73.000000
865,2,156.000000,72.666667
866,2,158.142857,69.857143
867,2,159.500000,65.000000
872,2,180.333333,73.333333
874,2,180.500000,77.375000
877,2,193.125000,76.125000
878,2,194.875000,72.125000
881,2,205.500000,69.875000
884,2,209.800000,79.600000
887,2,220.200000,75.600000
888,2,34.500000,80.333333
889,2,38.750000,81.000000
891,2,42.500000,73.000000
899,2,64.000000,67.500000
900,2,69.428571,75.571429
901,2,74.714286,77.428571
902,2,73.400000,74.400000
905,2,80.909091,75.636364
908,2,92.888889,75.222222
910,2,92.333333,71.500000
911,2,96.285714,74.571429
915,2,113.714286,76.142857
918,2,125.222222,84.222222
919,2,122.125000,70.875000
920,2,126.700000,74.200000
921,2,131.000000,77.875000
923,2,132.600000,84.200000
924,2,138.200000,79.100000
925,2,143.181818,75.818182
926,2,143.428571,80.714286
927,2,147.375000,79.250000
931,2,159.500000,75.500000
933,2,166.000000,72.000000
935,2,170.500000,70.500000
936,2,176.181818,74.636364
939,2,185.555556,79.555556
943,2,193.363636,80.818182
944,2,199.166667,78.416667
945,2,198.285714,73.857143
946,2,207.125000,81.875000
947,2,210.625000,76.000000
948,2,203.833333,74.166667
949,2,212.000000,80.750000
950,2,214.600000,76.000000
952,2,217.571429,79.857143
954,2,32.000000,83.250000
955,2,42.250000,84.500000
958,2,45.400000,82.200000
961,2,50.888889,81.111111
963,2,53.428571,77.000000
964,2,61.727273,75.909091
965,2,62.555556,88.222222
966,2,69.900000,77.800000
969,2,75.000000,79.500000
971,2,79.909091,79.090909
972,2,85.142857,84.285714
974,2,88.375000,78.250000
976,2,98.714286,78.571429
977,2,97.833333,84.166667
979,2,107.125000,75.875000
982,2,118.727273,81.181818
983,2,120.625000,74.375000
984,2,123.714286,75.714286
986,2,128.666667,80.111111
989,2,134.833333,77.000000
992,2,143.800000,84.200000
994,2,153.750000,74.750000
995,2,155.714286,82.000000
1000,2,162.875000,77.875000
1001,2,166.916667,78.750000
1003,2,173.750000,82.250000
1006,2,189.200000,78.900000
1008,2,190.375000,85.625000
1012,2,208.000000,77.500000
1017,2,214.600000,80.200000
1020,2,222.666667,77.166667
1024,2,46.200000,85.500000
1025,2,39.600000,78.000000
1026,2,45.500000,79.500000
1030,2,54.875000,81.125000
1031,2,58.875000,83.125000
1033,2,67.000000,86.000000
1034,2,70.166667,82.666667
1036,2,74.000000,81.500000
1037,2,76.500000,84.000000
1039,2,83.125000,79.875000
1041,2,90.500000,82.000000
1045,2,98.692308,89.846154
1046,2,103.555556,85.444444
1047,2,101.375000,82.750000
1048,2,107.846154,81.230769
1051,2,112.750000,82.500000
1052,2,119.285714,86.000000
1053,2,120.285714,76.857143
1059,2,139.714286,84.857143
1060,2,148.444444,85.333333
1061,2,152.700000,78.200000
1062,2,151.250000,81.250000
1065,2,159.000000,81.000000
1066,2,162.300000,72.500000
1067,2,171.000000,81.500000
1068,2,171.500000,76.400000
1069,2,170.625000,84.750000
1073,2,187.875000,83.125000
1075,2,195.250000,84.500000
1077,2,193.600000,89.000000
1078,2,204.666667,83.666667
1079,2,201.000000,87.500000
1082,2,207.888889,86.222222
1088,2,223.285714,82.000000
1089,2,33.333333,86.166667
1090,2,33.571429,88.285714
1091,2,35.833333,78.000000
1092,2,40.142857,84.857143
1093,2,40.000000,88.000000
1095,2,45.000000,87.714286
1097,2,53.750000,86.500000
1098,2,57.333333,85.888889
1102,2,72.000000,84.500000
1103,2,71.375000,88.125000
1105,2,76.363636,88.545455
1107,2,82.000000,85.111111
1112,2,94.875000,85.875000
1116,2,115.500000,79.500000
1118,2,118.833333,91.333333
1122,2,130.714286,87.142857
1123,2,127.500000,89.000000
1124,2,131.833333,81.666667
1128,2,140.666667,81.777778
1130,2,149.454545,88.636364
1131,2,151.090909,75.545455
1132,2,153.600000,84.200000
1133,2,160.625000,85.000000
1135,2,161.000000,79.833333
1137,2,164.000000,83.600000
1141,2,175.833333,79.666667
1144,2,197.666667,85.111111
1146,2,200.750000,83.250000
1152,2,216.166667,84.333333
1153,2,220.375000,90.250000
1154,2,220.142857,87.428571
1156,2,227.285714,88.142857
1157,2,29.500000,89.500000
1161,2,35.428571,90.000000
1163,2,49.250000,92.625000
1164,2,48.500000,78.750000
1169,2,58.888889,88.666667
1170,2,67.714286,91.142857
1173,2,74.000000,87.000000
1174,2,79.333333,91.000000
1175,2,81.600000,91.900000
1178,2,91.111111,88.888889
1180,2,91.333333,92.333333
1182,2,104.200000,92.600000
1184,2,107.444444,89.333333
1186,2,114.800000,85.300000
1187,2,120.250000,89.000000
1190,2,126.000000,81.285714
1193,2,134.222222,90.000000
1194,2,134.875000,85.125000
1196,2,143.888889,86.888889
1202,2,156.111111,85.777778
1203,2,167.166667,88.333333
1207,2,170.300000,88.200000
1208,2,180.625000,83.750000
1209,2,178.875000,89.125000
1211,2,184.400000,87.800000
1212,2,190.400000,88.600000
1214,2,205.909091,92.454545
1217,2,203.000000,90.500000
1219,2,214.222222,89.555556
1220,2,216.500000,87.000000
1221,2,216.600000,91.200000
1222,2,222.375000,85.000000
1224,2,223.714286,90.571429
1226,2,225.285714,93.571429
1227,2,28.333333,93.666667
1229,2,27.500000,90.000000
1230,2,36.857143,85.285714
1231,2,37.125000,92.125000
1232,2,39.333333,94.333333
1233,2,41.833333,91.166667
1234,2,49.000000,83.285714
1235,2,50.875000,89.375000
1236,2,55.142857,89.428571
1238,2,58.818182,91.909091
1240,2,69.875000,95.125000
1242,2,72.777778,92.666667
1243,2,75.111111,94.555556
1247,2,81.750000,97.250000
1248,2,84.444444,88.222222
1249,2,93.800000,83.000000
1251,2,95.125000,92.250000
1255,2,109.888889,85.000000
1256,2,112.300000,90.200000
1257,2,116.625000,90.250000
1258,2,124.909091,91.363636
1259,2,122.875000,94.500000
1261,2,130.111111,92.111111
1267,2,147.750000,91.625000
1271,2,152.714286,91.571429
1272,2,156.500000,90.625000
1273,2,159.700000,89.000000
1275,2,169.000000,96.500000
1282,2,187.375000,89.625000
1283,2,192.777778,94.777778
1284,2,198.000000,90.166667
1285,2,195.857143,92.714286
1288,2,210.500000,90.666667
1289,2,205.000000,87.857143
1291,2,214.714286,93.000000
1297,2,35.000000,95.428571
1300,2,32.000000,95.000000
1301,2,32.777778,100.666667
1302,2,44.166667,92.833333
1303,2,44.000000,97.000000
1305,2,52.500000,93.000000
1306,2,56.875000,95.125000
1308,2,61.444444,97.222222
1309,2,63.200000,93.000000
1312,2,74.285714,97.285714
1316,2,77.857143,95.714286
1317,2,84.800000,95.500000
1318,2,89.000000,92.500000
1322,2,101.428571,93.285714
1324,2,104.333333,97.000000
1326,2,108.083333,92.333333
1329,2,119.500000,95.000000
1330,2,124.400000,86.700000
1335,2,138.083333,89.916667
1336,2,142.222222,90.666667
1337,2,144.571429,94.714286
1338,2,153.500000,89.000000
1341,2,157.333333,97.666667
1343,2,167.200000,94.100000
1348,2,174.250000,86.625000
1349,2,182.875000,91.875000
1352,2,189.375000,97.750000
1355,2,203.200000,96.500000
1358,2,208.400000,94.200000
1360,2,216.400000,94.800000
1362,2,226.500000,102.500000
1363,2,222.555556,99.111111
1367,2,227.800000,91.600000
1368,2,26.000000,106.500000
1372,2,31.000000,96.750000
1374,2,37.000000,99.285714
1376,2,46.100000,101.000000
1378,2,46.363636,93.818182
1385,2,79.500000,99.375000
1387,2,74.500000,102.500000
1389,2,89.714286,98.142857
1390,2,91.600000,96.000000
1391,2,97.333333,94.555556
1395,2,100.125000,95.875000
1396,2,109.555556,102.444444
1398,2,111.666667,94.000000
1403,2,127.142857,98.142857
1404,2,132.875000,93.875000
1405,2,135.333333,95.222222
1406,2,132.200000,97.300000
1411,2,148.000000,97.000000
1413,2,152.777778,98.333333
1415,2,154.000000,95.250000
1416,2,162.555556,98.666667
1418,2,171.333333,100.222222
1419,2,173.888889,95.888889
1420,2,178.555556,92.888889
1421,2,182.000000,97.875000
1422,2,188.000000,93.666667
1425,2,195.875000,98.125000
1431,2,211.000000,99.285714
1432,2,213.555556,96.666667
1442,2,25.000000,101.000000
1445,2,37.857143,101.714286
1446,2,47.125000,104.125000
1447,2,49.250000,98.250000
1450,2,53.000000,96.000000
1452,2,58.500000,98.000000
1453,2,66.181818,98.818182
1457,2,70.888889,102.666667
1458,2,74.916667,105.333333
1460,2,83.285714,99.714286
1465,2,97.500000,98.000000
1467,2,100.400000,100.800000
1468,2,107.200000,99.100000
1470,2,116.500000,95.750000
1472,2,118.166667,98.333333
1473,2,122.285714,104.142857
1474,2,124.800000,104.500000
1477,2,137.000000,99.333333
1479,2,141.142857,94.285714
1480,2,141.363636,105.454545
1482,2,145.250000,100.500000
1485,2,156.181818,102.363636
1487,2,159.076923,105.692308
1492,2,178.363636,101.636364
1493,2,187.250000,99.250000
1495,2,188.000000,101.500000
1497,2,193.500000,101.000000
1498,2,197.000000,101.000000
1499,2,201.272727,97.909091
1500,2,202.166667,102.083333
1501,2,206.666667,97.333333
1505,2,215.125000,99.125000
1506,2,218.857143,101.000000
1507,2,230.125000,96.875000
1508,2,226.333333,97.777778
1510,2,225.285714,107.000000
1511,2,230.125000,99.875000
1512,2,27.800000,102.000000
1515,2,28.000000,98.500000
1516,2,34.375000,107.625000
1517,2,40.000000,105.666667
1519,2,39.285714,98.142857
1523,2,50.333333,100.166667
1524,2,56.500000,100.375000
1526,2,62.142857,101.000000
1531,2,77.900000,104.200000
1534,2,80.400000,107.200000
1535,2,92.818182,100.363636
1538,2,103.000000,101.500000
1539,2,102.555556,106.888889
1541,2,111.142857,97.571429
1542,2,112.333333,101.166667
1543,2,119.125000,103.125000
1544,2,117.000000,101.555556
1547,2,124.222222,99.444444
1548,2,132.400000,101.300000
1550,2,140.375000,101.375000
1552,2,141.875000,98.875000
1556,2,150.375000,101.375000
1559,2,167.727273,99.181818
1562,2,176.222222,96.777778
1563,2,171.714286,103.142857
1564,2,175.333333,106.111111
1569,2,191.300000,103.600000
1570,2,196.909091,104.363636
1571,2,199.125000,93.625000
1572,2,201.833333,105.000000
1573,2,204.500000,106.666667
1574,2,207.666667,102.166667
1575,2,213.142857,102.142857
1579,2,215.300000,105.200000
1581,2,224.600000,100.200000
1582,2,223.200000,109.000000
1583,2,232.714286,103.571429
1584,2,23.875000,108.625000
1586,2,31.777778,105.111111
1589,2,36.000000,112.000000
1590,2,42.222222,101.444444
1591,2,44.625000,106.750000
1592,2,49.714286,104.142857
1594,2,54.000000,105.000000
1596,2,58.600000,105.100000
1597,2,56.666667,104.166667
1598,2,63.000000,107.000000
1600,2,66.555556,104.666667
1601,2,68.888889,107.666667
1603,2,80.714286,102.142857
1604,2,82.545455,110.181818
1605,2,83.125000,104.500000
1606,2,90.222222,103.777778
1607,2,86.428571,102.142857
1612,2,104.666667,104.833333
1614,2,109.555556,106.111111
1617,2,116.666667,109.166667
1619,2,129.750000,105.833333
1626,2,147.636364,108.181818
1627,2,145.714286,104.857143
1629,2,163.222222,102.333333
1632,2,164.285714,106.571429
1634,2,166.888889,111.555556
1638,2,183.285714,101.428571
1639,2,183.857143,105.285714
1640,2,188.125000,111.125000
1641,2,193.500000,107.000000
1644,2,198.500000,106.500000
1646,2,208.666667,104.666667
1648,2,212.500000,107.000000
1650,2,217.833333,107.333333
1654,2,228.000000,109.250000
1656,2,234.875000,107.000000
1660,2,30.125000,108.875000
1663,2,32.285714,111.857143
1666,2,47.500000,109.400000
1668,2,50.500000,107.500000
1670,2,51.428571,110.714286
1671,2,61.200000,117.600000
1672,2,63.444444,111.888889
1673,2,67.000000,110.500000
1678,2,77.500000,108.833333
1679,2,85.500000,108.000000
1680,2,88.000000,107.428571
1682,2,89.875000,111.125000
1683,2,97.200000,102.900000
1684,2,92.272727,109.181818
1688,2,114.142857,106.571429
1690,2,116.800000,112.100000
1691,2,122.500000,106.500000
1692,2,126.125000,107.125000
1694,2,135.750000,103.750000
1695,2,130.375000,110.250000
1697,2,138.700000,109.800000
1702,2,156.125000,104.875000
1704,2,161.727273,112.000000
1707,2,172.125000,106.625000
1712,2,180.500000,111.000000
1714,2,188.375000,105.000000
1715,2,193.545455,112.363636
1716,2,194.538462,109.769231
1717,2,199.888889,109.111111
1718,2,205.250000,110.375000
1719,2,210.125000,110.500000
1722,2,214.428571,110.285714
1725,2,222.800000,103.400000
1729,2,231.500000,111.500000
1730,2,234.375000,111.500000
1731,2,23.000000,113.666667
1738,2,41.000000,108.833333
1740,2,41.000000,113.500000
1741,2,51.100000,114.500000
1746,2,64.100000,115.800000
1750,2,74.200000,113.000000
1751,2,78.000000,113.250000
1752,2,81.000000,113.500000
1754,2,90.000000,114.333333
1755,2,91.666667,118.000000
1760,2,100.888889,109.111111
1761,2,110.800000,110.300000
1762,2,110.200000,116.000000
1764,2,113.000000,112.000000
1767,2,121.714286,112.571429
1770,2,134.400000,107.000000
1773,2,146.000000,111.571429
1774,2,152.700000,107.200000
1775,2,148.000000,114.500000
1777,2,155.000000,115.428571
1778,2,158.000000,109.900000
1780,2,167.600000,116.000000
1781,2,170.200000,108.800000
1783,2,177.285714,107.571429
1784,2,181.000000,106.333333
1785,2,177.125000,113.000000
1786,2,185.285714,116.000000
1787,2,185.250000,109.375000
1788,2,189.400000,115.100000
1791,2,200.250000,112.625000
1793,2,201.125000,116.875000
1796,2,218.428571,113.714286
1797,2,222.000000,113.000000
1799,2,224.111111,119.111111
1803,2,236.500000,110.000000
1804,2,236.111111,113.666667
1805,2,25.800000,118.400000
1808,2,34.500000,114.750000
1810,2,28.500000,112.300000
1812,2,49.000000,116.000000
1813,2,45.090909,111.727273
1816,2,55.333333,110.166667
1817,2,53.750000,116.500000
1820,2,67.600000,118.500000
1821,2,69.333333,113.777778
1823,2,75.125000,115.875000
1832,2,98.666667,107.000000
1833,2,104.750000,111.875000
1834,2,105.777778,109.888889
1839,2,120.000000,117.500000
1841,2,119.571429,109.714286
1842,2,131.428571,116.000000
1847,2,139.666667,114.444444
1849,2,152.555556,113.000000
1852,2,158.400000,116.400000
1853,2,162.888889,119.222222
1855,2,171.900000,119.000000
1857,2,172.700000,112.200000
1861,2,187.500000,113.500000
1862,2,188.250000,119.375000
1863,2,192.500000,117.000000
1864,2,197.000000,112.666667
1865,2,195.100000,117.100000
1868,2,209.571429,117.428571
1869,2,208.285714,112.857143
1870,2,215.625000,114.875000
1871,2,218.125000,117.625000
1872,2,224.500000,115.000000
1882,2,29.833333,116.000000
1883,2,30.857143,120.714286
1886,2,50.750000,122.125000
1888,2,46.000000,117.000000
1889,2,48.000000,120.375000
1892,2,57.222222,113.333333
1893,2,58.800000,122.200000
1897,2,72.142857,119.285714
1898,2,76.000000,122.857143
1899,2,77.400000,119.400000
1901,2,86.200000,113.900000
1904,2,95.111111,115.444444
1905,2,99.875000,119.375000
1907,2,103.222222,117.666667
1909,2,103.571429,114.000000
1912,2,112.500000,114.500000
1913,2,117.555556,114.888889
1915,2,128.555556,112.888889
1918,2,139.454545,118.818182
1919,2,138.500000,121.300000
1921,2,137.375000,112.250000
1923,2,148.500000,121.500000
1924,2,151.500000,121.500000
1925,2,153.500000,117.700000
1927,2,164.500000,115.625000
1928,2,170.875000,115.125000
1929,2,176.111111,124.777778
1930,2,175.375000,117.500000
1932,2,178.833333,118.833333
1934,2,181.125000,116.125000
1935,2,192.000000,122.000000
1936,2,187.818182,121.636364
1942,2,210.000000,120.833333
1946,2,220.222222,119.555556
1948,2,225.000000,112.000000
1950,2,232.400000,115.200000
1951,2,229.500000,114.875000
1952,2,236.142857,116.714286
1954,2,22.000000,118.500000
1955,2,24.000000,122.500000
1959,2,38.666667,117.666667
1960,2,36.777778,123.222222
1963,2,47.600000,123.800000
1964,2,55.500000,120.000000
1966,2,59.166667,126.000000
1967,2,63.500000,119.500000
1969,2,70.142857,123.000000
1970,2,70.125000,116.875000
1974,2,82.285714,116.142857
1975,2,88.125000,122.375000
1976,2,86.750000,119.750000
1978,2,93.857143,123.857143
1979,2,99.000000,113.500000
1982,2,110.300000,125.800000
1983,2,110.333333,119.666667
1984,2,115.125000,122.500000
1985,2,119.125000,119.625000
1986,2,114.285714,116.428571
1987,2,123.111111,115.888889
1988,2,126.750000,117.125000
1989,2,132.000000,122.000000
1991,2,127.500000,123.500000
1992,2,134.111111,117.111111
1995,2,146.714286,119.428571
1997,2,154.666667,130.333333
1998,2,158.666667,122.000000
1999,2,161.833333,116.333333
2001,2,164.375000,122.125000
2002,2,167.100000,119.400000
2005,2,173.833333,122.833333
2010,2,187.555556,125.333333
2011,2,195.200000,123.700000
2014,2,198.000000,122.714286
2015,2,197.125000,120.500000
2016,2,209.111111,125.888889
2017,2,212.333333,117.833333
2018,2,215.666667,122.777778
2019,2,214.714286,120.571429
2023,2,230.777778,123.333333
2024,2,233.555556,119.222222
2027,2,21.500000,121.500000
2028,2,26.571429,126.714286
2031,2,28.875000,129.125000
2032,2,36.333333,117.111111
2033,2,42.000000,124.000000
2034,2,37.333333,119.333333
2035,2,44.000000,122.250000
2036,2,46.000000,128.000000
2038,2,51.125000,125.875000
2039,2,55.500000,123.500000
2042,2,60.800000,124.200000
2043,2,65.250000,122.250000
2044,2,70.571429,126.428571
2046,2,73.500000,123.500000
2047,2,77.714286,125.142857
2048,2,82.333333,125.500000
2049,2,82.000000,121.000000
2050,2,95.250000,121.500000
2052,2,91.500000,126.500000
2055,2,106.250000,115.625000
2058,2,114.571429,127.714286
2059,2,109.636364,123.090909
2060,2,117.888889,124.222222
2061,2,122.363636,125.636364
2063,2,126.714286,125.428571
2065,2,133.375000,128.875000
2066,2,134.714286,123.857143
2067,2,140.875000,124.125000
2069,2,144.875000,123.250000
2071,2,150.333333,116.000000
2073,2,162.375000,124.750000
2075,2,166.909091,125.909091
2077,2,171.400000,124.600000
2078,2,182.444444,123.666667
2080,2,181.571429,120.285714
2086,2,195.222222,127.666667
2089,2,204.500000,123.500000
2090,2,204.454545,117.818182
2092,2,209.500000,122.500000
2094,2,223.000000,122.714286
2098,2,220.600000,122.800000
2099,2,232.777778,127.777778
2100,2,235.625000,124.750000
2103,2,23.125000,130.250000
2105,2,29.222222,123.444444
2106,2,27.000000,121.500000
2107,2,35.888889,129.333333
2109,2,42.500000,126.875000
2110,2,47.000000,130.000000
2113,2,51.100000,130.800000
2115,2,60.222222,128.666667
2117,2,66.500000,125.000000
2118,2,70.888889,128.888889
2119,2,71.000000,131.500000
2120,2,77.300000,131.400000
2121,2,79.555556,123.444444
2122,2,83.444444,127.777778
2124,2,87.000000,126.142857
2125,2,89.000000,128.333333
2128,2,94.333333,129.444444
2129,2,97.888889,125.888889
2131,2,104.000000,124.000000
2133,2,118.250000,129.625000
2135,2,124.500000,128.200000
2141,2,143.555556,128.777778
2143,2,146.285714,127.428571
2144,2,151.750000,125.750000
2145,2,154.571429,122.714286
2149,2,158.000000,129.500000
2151,2,171.833333,127.000000
2154,2,179.111111,129.888889
2156,2,185.000000,130.285714
2159,2,187.750000,128.125000
2160,2,199.111111,131.111111
2165,2,212.666667,125.833333
2168,2,222.666667,128.000000
2171,2,228.700000,128.300000
2172,2,233.857143,136.428571
2174,2,236.428571,121.571429
2177,2,22.500000,125.333333
2178,2,26.666667,130.833333
2179,2,32.625000,127.125000
2181,2,30.750000,133.000000
2182,2,34.111111,123.111111
2183,2,39.750000,129.375000
2185,2,49.875000,128.125000
2189,2,64.875000,128.125000
2191,2,66.222222,130.888889
2193,2,73.500000,134.500000
2194,2,74.285714,131.142857
2195,2,74.222222,125.444444
2199,2,90.777778,130.555556
2202,2,97.272727,129.363636
2203,2,101.000000,127.666667
2204,2,108.500000,129.000000
2207,2,115.000000,134.500000
2213,2,129.300000,132.800000
2216,2,137.250000,125.625000
2217,2,146.714286,132.428571
2218,2,148.714286,127.428571
2219,2,150.555556,134.111111
2221,2,159.125000,125.875000
2224,2,165.777778,132.333333
2226,2,175.666667,128.222222
2231,2,189.222222,132.666667
2232,2,189.875000,128.875000
2233,2,192.555556,126.888889
2234,2,198.000000,126.000000
2235,2,195.142857,131.428571
2236,2,202.333333,127.666667
2237,2,206.250000,133.250000
2238,2,207.444444,128.444444
2240,2,216.700000,133.800000
2241,2,216.200000,131.100000
2242,2,219.125000,129.000000
2243,2,217.222222,125.222222
2245,2,233.200000,130.400000
2249,2,20.500000,130.400000
2250,2,24.500000,134.500000
2252,2,27.000000,133.500000
2254,2,33.714286,137.000000
2255,2,36.125000,134.375000
2256,2,42.000000,135.875000
2258,2,43.375000,132.750000
2260,2,53.000000,128.714286
2262,2,55.142857,131.714286
2263,2,58.875000,135.500000
2266,2,68.555556,133.222222
2268,2,79.285714,136.142857
2269,2,79.875000,131.875000
2270,2,76.666667,127.666667
2271,2,85.222222,133.222222
2276,2,91.333333,134.222222
2280,2,105.500000,129.000000
2281,2,120.888889,132.777778
2285,2,123.500000,131.000000
2286,2,132.300000,126.300000
2287,2,125.600000,132.200000
2290,2,138.666667,134.000000
2293,2,155.666667,126.777778
2297,2,156.000000,133.800000
2298,2,163.555556,130.222222
2299,2,172.888889,131.444444
2300,2,168.454545,133.545455
2301,2,174.571429,136.285714
2302,2,178.181818,134.363636
2307,2,196.500000,133.200000
2308,2,196.222222,135.555556
2310,2,203.500000,136.875000
2311,2,204.555556,130.666667
2313,2,213.000000,130.000000
2317,2,221.500000,130.500000
2318,2,227.000000,125.285714
2322,2,237.875000,129.375000
2323,2,21.125000,134.125000
2326,2,32.142857,139.714286
2328,2,39.400000,139.300000
2332,2,50.666667,136.666667
2335,2,53.500000,136.000000
2336,2,56.666667,136.500000
2337,2,61.222222,132.888889
2338,2,64.555556,133.666667
2339,2,64.555556,137.888889
2340,2,68.000000,138.500000
2341,2,71.625000,137.250000
2343,2,81.222222,134.111111
2348,2,92.400000,139.500000
2351,2,101.571429,134.857143
2352,2,105.555556,133.888889
2353,2,111.500000,132.500000
2354,2,111.000000,130.285714
2358,2,122.000000,139.500000
2361,2,135.375000,132.375000
2363,2,138.727273,129.454545
2365,2,143.428571,134.857143
2366,2,147.700000,137.000000
2368,2,151.500000,129.800000
2371,2,160.272727,134.090909
2373,2,165.000000,136.900000
2376,2,176.000000,140.000000
2378,2,182.285714,127.142857
2379,2,187.636364,134.636364
2380,2,194.200000,137.600000
2381,2,188.000000,137.800000
2384,2,205.666667,140.333333
2386,2,208.285714,136.000000
2387,2,213.200000,133.700000
2388,2,210.833333,132.583333
2392,2,225.750000,132.750000
2394,2,226.500000,138.750000
2395,2,235.750000,134.875000
2396,2,237.636364,142.545455
2397,2,23.500000,142.000000
2399,2,25.000000,138.500000
2400,2,30.857143,137.285714
2405,2,39.125000,134.875000
2406,2,47.875000,135.125000
2408,2,48.857143,140.000000
2410,2,56.300000,139.200000
2411,2,61.666667,140.222222
2413,2,63.200000,135.600000
2414,2,65.375000,141.750000
2416,2,78.142857,140.571429
2417,2,75.200000,138.000000
2419,2,82.777778,138.555556
2421,2,87.200000,138.200000
2423,2,96.444444,132.666667
2425,2,97.000000,137.900000
2426,2,104.333333,137.888889
2429,2,115.571429,137.285714
2430,2,123.666667,136.111111
2434,2,134.000000,139.600000
2437,2,139.000000,138.500000
2440,2,145.700000,147.800000
2441,2,152.166667,136.500000
2447,2,169.200000,142.600000
2450,2,174.888889,143.000000
2451,2,181.090909,137.181818
2453,2,184.909091,141.636364
2454,2,183.555556,134.666667
2455,2,191.000000,142.666667
2456,2,197.000000,140.200000
2457,2,200.500000,134.666667
2461,2,210.250000,140.750000
2463,2,217.000000,142.000000
2464,2,221.428571,134.714286
2465,2,227.625000,135.250000
2469,2,230.800000,136.600000
2471,2,21.875000,139.125000
2472,2,25.166667,144.166667
2474,2,27.714286,141.857143
2479,2,33.800000,145.500000
2481,2,44.555556,138.000000
2482,2,58.125000,146.125000
2483,2,55.750000,145.000000
2485,2,63.875000,146.250000
2487,2,69.444444,141.111111
2488,2,74.500000,141.000000
2491,2,81.600000,141.200000
2493,2,83.555556,145.888889
2495,2,91.272727,144.363636
2500,2,105.200000,142.700000
2501,2,110.000000,137.714286
2502,2,110.000000,142.900000
2503,2,113.000000,139.000000
2504,2,118.200000,142.100000
2506,2,125.750000,143.125000
2510,2,130.000000,141.500000
2511,2,145.142857,142.285714
2515,2,147.714286,139.571429
2516,2,157.272727,143.090909
2518,2,157.400000,138.400000
2520,2,168.000000,139.500000
2522,2,170.875000,138.125000
2524,2,180.000000,142.875000
2525,2,182.400000,139.700000
2526,2,186.333333,144.666667
2528,2,189.500000,140.000000
2529,2,192.875000,134.125000
2533,2,200.400000,139.800000
2534,2,200.888889,149.666667
2535,2,211.333333,146.444444
2537,2,222.444444,139.111111
2538,2,213.428571,143.714286
2539,2,223.400000,141.400000
2540,2,226.333333,144.666667
2541,2,230.625000,141.875000
2545,2,23.800000,149.400000
2547,2,26.142857,149.714286
2550,2,36.142857,146.571429
2553,2,35.571429,140.285714
2554,2,50.500000,144.833333
2555,2,52.181818,141.454545
2556,2,49.777778,148.333333
2558,2,58.500000,142.125000
2559,2,62.555556,143.666667
2560,2,67.333333,145.444444
2562,2,70.666667,144.111111
2565,2,80.000000,143.571429
2567,2,85.000000,143.200000
2568,2,90.100000,140.600000
2571,2,99.625000,140.625000
2575,2,113.000000,148.333333
2576,2,114.800000,142.500000
2579,2,118.500000,152.500000
2581,2,129.222222,137.444444
2583,2,134.400000,145.800000
2584,2,142.142857,143.285714
2587,2,140.800000,149.900000
2588,2,150.800000,141.900000
2589,2,151.846154,145.384615
2592,2,153.375000,148.125000
2593,2,161.444444,139.777778
2596,2,170.500000,150.500000
2600,2,183.800000,145.900000
2601,2,186.625000,149.375000
2602,2,188.600000,147.500000
2603,2,199.125000,142.125000
2606,2,205.571429,143.857143
2608,2,207.000000,147.857143
2609,2,212.500000,139.000000
2611,2,214.222222,148.333333
2612,2,219.000000,146.500000
2613,2,219.857143,144.000000
2614,2,229.375000,145.875000
2615,2,235.111111,144.888889
2617,2,232.400000,139.800000
2622,2,28.400000,146.500000
2625,2,38.666667,149.000000
2627,2,41.000000,144.500000
2628,2,44.857143,147.428571
2630,2,51.200000,154.400000
2631,2,59.000000,150.125000
2633,2,59.000000,154.250000
2640,2,74.600000,145.600000
2641,2,90.444444,149.333333
2642,2,78.571429,147.285714
2644,2,95.500000,143.500000
2645,2,96.300000,149.500000
2646,2,102.200000,150.600000
2647,2,101.181818,146.000000
2648,2,104.666667,148.666667
2649,2,109.833333,147.250000
2650,2,106.857143,146.714286
2652,2,123.200000,146.200000
2654,2,126.800000,150.900000
2656,2,133.166667,150.500000
2657,2,137.000000,149.000000
2660,2,139.285714,141.857143
2663,2,150.000000,148.000000
2664,2,155.714286,150.428571
2665,2,161.500000,150.000000
2669,2,163.111111,142.777778
2670,2,169.250000,147.000000
2674,2,179.666667,148.777778
2676,2,194.125000,147.375000
2677,2,191.857143,139.714286
2678,2,193.250000,143.250000
2679,2,197.000000,146.000000
2685,2,212.142857,149.428571
2686,2,217.666667,149.777778
2688,2,221.833333,148.166667
2690,2,228.428571,149.714286
2695,2,32.200000,148.400000
2698,2,42.666667,149.333333
2702,2,46.857143,150.714286
2703,2,51.375000,150.125000
2704,2,54.857143,150.714286
2706,2,60.125000,157.625000
2708,2,62.555556,151.777778
2709,2,70.000000,148.875000
2713,2,80.000000,151.000000
2717,2,99.000000,153.375000
2722,2,112.250000,152.750000
2725,2,116.200000,149.600000
2726,2,130.444444,148.222222
2727,2,127.636364,147.181818
2728,2,130.500000,153.500000
2733,2,141.750000,146.375000
2734,2,145.777778,151.111111
2735,2,152.666667,151.666667
2738,2,156.000000,152.714286
2741,2,164.666667,146.833333
2743,2,177.875000,145.875000
2745,2,173.888889,146.888889
2747,2,193.125000,154.250000
2748,2,184.000000,156.750000
2749,2,190.777778,147.666667
2750,2,195.875000,150.125000
2751,2,197.555556,153.333333
2754,2,204.600000,151.400000
2756,2,207.333333,150.666667
2759,2,214.125000,155.625000
2760,2,216.800000,154.500000
2761,2,224.555556,151.111111
2763,2,226.285714,147.857143
2764,2,235.200000,149.600000
2768,2,29.000000,153.166667
2769,2,32.714286,151.000000
2770,2,35.833333,154.000000
2772,2,38.714286,155.571429
2773,2,39.200000,151.600000
2776,2,64.833333,154.000000
2781,2,64.444444,149.000000
2783,2,75.333333,154.166667
2785,2,72.111111,152.777778
2786,2,85.125000,151.125000
2787,2,86.714286,148.142857
2790,2,93.230769,156.769231
2791,2,95.800000,154.400000
2799,2,124.181818,154.363636
2800,2,127.500000,154.500000
2802,2,132.444444,156.888889
2803,2,128.333333,158.333333
2804,2,133.250000,153.875000
2807,2,141.750000,154.666667
2808,2,146.444444,154.666667
2811,2,161.600000,147.100000
2812,2,165.555556,150.111111
2813,2,166.500000,154.800000
2816,2,175.666667,150.166667
2818,2,175.833333,156.833333
2819,2,183.000000,151.000000
2821,2,188.600000,152.200000
2825,2,200.545455,146.181818
2826,2,200.333333,152.333333
2829,2,212.000000,152.000000
2830,2,207.250000,154.875000
2834,2,223.250000,156.250000
2836,2,227.125000,153.125000
2837,2,231.500000,153.666667
2838,2,234.600000,146.800000
2841,2,24.833333,154.166667
2842,2,29.500000,156.000000
2844,2,33.000000,154.000000
2845,2,42.333333,159.333333
2847,2,46.700000,155.200000
2848,2,52.000000,159.000000
2854,2,67.700000,152.200000
2856,2,76.400000,149.400000
2857,2,84.625000,156.250000
2858,2,77.750000,153.875000
2859,2,87.666667,151.333333
2860,2,82.625000,160.500000
2861,2,87.000000,156.727273
2862,2,91.888889,153.777778
2863,2,96.461538,161.076923
2865,2,107.000000,152.500000
2870,2,109.500000,156.000000
2871,2,124.000000,158.333333
2873,2,122.333333,150.666667
2876,2,131.500000,160.000000
2878,2,137.666667,154.444444
2879,2,139.666667,157.444444
2881,2,152.923077,156.769231
2887,2,164.909091,158.818182
2888,2,167.500000,160.250000
2890,2,177.800000,153.100000
2892,2,183.300000,153.900000
2899,2,200.285714,157.428571
2905,2,226.375000,158.875000
2906,2,222.125000,151.875000
2907,2,229.125000,158.500000
2912,2,24.500000,157.000000
2913,2,32.714286,164.857143
2914,2,38.125000,161.000000
2915,2,36.375000,164.625000
2919,2,49.636364,157.909091
2921,2,49.090909,163.363636
2924,2,65.666667,157.555556
2925,2,67.454545,162.909091
2928,2,73.222222,158.111111
2931,2,80.375000,153.625000
2934,2,90.666667,161.444444
2938,2,100.800000,157.100000
2940,2,104.333333,155.666667
2941,2,116.909091,156.363636
2944,2,117.000000,163.000000
2945,2,119.250000,160.125000
2946,2,129.000000,162.285714
2949,2,134.285714,164.857143
2950,2,139.625000,161.250000
2952,2,149.142857,158.428571
2953,2,151.800000,162.500000
2955,2,154.800000,161.300000
2958,2,163.142857,154.285714
2959,2,162.750000,161.000000
2960,2,170.400000,156.900000
2961,2,172.200000,159.500000
2963,2,180.111111,159.444444
2964,2,175.333333,163.777778
2966,2,188.666667,160.666667
2969,2,197.600000,158.300000
2970,2,196.000000,160.000000
2973,2,204.333333,158.444444
2974,2,210.000000,157.750000
2980,2,226.888889,164.222222
2983,2,28.500000,161.500000
2984,2,30.333333,158.333333
2985,2,33.714286,161.571429
2986,2,34.111111,157.111111
2991,2,49.250000,167.625000
2993,2,55.571429,162.714286
2994,2,53.875000,156.875000
2995,2,57.363636,160.909091
2996,2,61.250000,162.375000
2997,2,69.777778,157.777778
2998,2,66.500000,165.500000
2999,2,73.000000,162.000000
3000,2,76.300000,159.900000
3001,2,76.125000,165.125000
3004,2,85.400000,160.200000
3005,2,93.571429,164.714286
3009,2,104.363636,171.363636
3010,2,105.454545,164.181818
3011,2,111.666667,164.222222
3012,2,107.181818,159.636364
3014,2,111.090909,158.727273
3016,2,121.777778,163.888889
3019,2,137.500000,161.500000
3021,2,134.363636,161.090909
3022,2,143.500000,159.000000
3023,2,146.083333,162.500000
3026,2,155.500000,165.000000
3027,2,157.285714,159.857143
3028,2,161.818182,157.000000
3036,2,184.000000,159.500000
3037,2,184.571429,162.714286
3038,2,188.375000,157.250000
3039,2,192.500000,165.000000
3040,2,193.100000,161.900000
3041,2,197.818182,165.909091
3043,2,200.428571,160.857143
3044,2,209.125000,166.125000
3046,2,212.444444,161.888889
3047,2,216.200000,164.400000
3048,2,217.777778,160.666667
3050,2,222.000000,163.000000
3053,2,229.500000,165.500000
3054,2,30.428571,167.285714
3057,2,29.000000,165.500000
3058,2,39.200000,166.400000
3059,2,45.375000,162.125000
3060,2,40.250000,163.000000
3064,2,53.142857,166.000000
3066,2,58.500000,166.200000
3068,2,70.750000,168.500000
3073,2,85.000000,163.200000
3076,2,92.800000,171.100000
3078,2,102.272727,160.545455
3079,2,98.250000,166.250000
3081,2,105.363636,168.090909
3085,2,119.857143,164.857143
3087,2,126.111111,162.888889
3089,2,129.875000,165.125000
3090,2,132.100000,166.800000
3091,2,138.500000,168.600000
3093,2,139.000000,166.000000
3095,2,148.500000,170.000000
3098,2,162.000000,168.428571
3100,2,163.250000,165.083333
3102,2,170.714286,162.571429
3105,2,175.428571,167.428571
3106,2,180.000000,165.500000
3107,2,185.250000,170.625000
3109,2,187.300000,166.100000
3112,2,206.000000,165.500000
3113,2,202.000000,170.500000
3115,2,209.285714,169.714286
3126,2,32.500000,171.500000
3131,2,41.750000,167.000000
3132,2,45.375000,171.000000
3135,2,60.090909,170.181818
3138,2,65.500000,167.500000
3140,2,70.500000,173.000000
3141,2,75.727273,168.545455
3142,2,76.500000,175.000000
3143,2,79.750000,165.750000
3144,2,80.250000,161.750000
3147,2,90.111111,165.888889
3154,2,113.666667,166.888889
3155,2,115.714286,171.857143
3158,2,126.875000,168.125000
3159,2,136.666667,172.111111
3160,2,128.000000,170.500000
3161,2,133.750000,169.750000
3163,2,138.777778,175.444444
3165,2,149.363636,165.363636
3167,2,154.000000,165.500000
3169,2,159.000000,167.250000
3170,2,166.285714,170.571429
3172,2,171.125000,166.125000
3173,2,172.111111,170.333333
3177,2,180.125000,172.875000
3179,2,182.857143,167.428571
3180,2,194.444444,167.000000
3183,2,199.909091,169.000000
3185,2,205.916667,168.916667
3186,2,213.555556,168.000000
3189,2,217.142857,167.285714
3195,2,31.000000,173.500000
3196,2,33.666667,168.444444
3197,2,37.714286,169.571429
3202,2,41.000000,171.000000
3203,2,52.428571,174.428571
3204,2,61.375000,179.375000
3206,2,61.400000,176.500000
3216,2,100.000000,174.000000
3217,2,96.375000,173.875000
3219,2,107.000000,172.500000
3220,2,101.181818,167.000000
3221,2,111.111111,172.111111
3222,2,112.555556,169.888889
3223,2,123.000000,170.250000
3229,2,136.375000,174.125000
3230,2,140.000000,173.500000
3231,2,142.727273,168.000000
3232,2,142.100000,171.100000
3233,2,151.636364,172.090909
3234,2,150.818182,168.454545
3236,2,157.000000,169.666667
3242,2,169.857143,172.714286
3243,2,180.090909,176.272727
3245,2,177.375000,175.000000
3246,2,182.555556,177.333333
3247,2,184.000000,174.000000
3248,2,190.333333,170.444444
3249,2,194.700000,172.600000
3251,2,193.777778,176.777778
3254,2,203.000000,173.500000
3256,2,208.200000,173.100000
3257,2,216.428571,174.000000
3259,2,222.500000,171.000000
3260,2,220.875000,159.125000
3262,2,224.666667,170.333333
3263,2,34.714286,175.714286
3267,2,45.888889,175.555556
3268,2,48.888889,172.555556
3269,2,51.000000,178.333333
3272,2,57.125000,173.625000
3275,2,64.500000,171.800000
3277,2,67.750000,172.750000
3278,2,74.250000,171.583333
3280,2,81.545455,170.545455
3281,2,84.555556,173.555556
3282,2,85.666667,169.166667
3283,2,91.636364,173.909091
3288,2,103.333333,176.500000
3290,2,111.500000,177.500000
3291,2,114.100000,178.200000
3293,2,117.000000,172.500000
3294,2,119.000000,174.166667
3295,2,124.900000,176.200000
3297,2,133.500000,179.000000
3300,2,139.500000,179.000000
3302,2,146.000000,171.714286
3303,2,147.600000,177.200000
3305,2,151.428571,178.285714
3306,2,154.727273,172.272727
3307,2,163.222222,173.000000
3309,2,166.454545,178.636364
3313,2,176.555556,171.333333
3314,2,182.571429,180.714286
3317,2,191.142857,173.714286
3320,2,196.125000,175.500000
3321,2,198.600000,172.200000
3322,2,200.555556,177.333333
3323,2,207.500000,177.500000
3329,2,226.625000,168.000000
3330,2,226.666667,172.777778
3332,2,37.571429,175.285714
3333,2,41.400000,174.700000
3338,2,48.777778,178.111111
3344,2,66.416667,177.833333
3345,2,72.090909,176.363636
3346,2,77.500000,178.000000
3347,2,80.500000,175.500000
3348,2,86.875000,177.250000
3350,2,91.636364,185.181818
3353,2,98.285714,178.428571
3358,2,107.833333,179.750000
3361,2,119.666667,177.666667
3362,2,124.500000,182.500000
3364,2,127.272727,172.818182
3365,2,131.400000,182.200000
3367,2,143.000000,174.000000
3373,2,160.000000,178.250000
3374,2,160.166667,173.000000
3375,2,158.600000,180.400000
3379,2,172.142857,177.714286
3380,2,175.375000,176.125000
3386,2,192.750000,180.250000
3387,2,197.200000,180.600000
3389,2,200.428571,174.000000
3390,2,205.428571,184.571429
3392,2,210.444444,178.777778
3393,2,212.166667,175.166667
3394,2,217.714286,169.857143
3395,2,215.166667,180.166667
3399,2,34.800000,177.600000
3400,2,34.800000,179.400000
3403,2,46.500000,178.000000
3405,2,54.750000,172.375000
3406,2,65.875000,186.875000
3410,2,70.125000,180.875000
3411,2,71.625000,184.625000
3413,2,74.888889,180.333333
3415,2,80.666667,180.333333
3416,2,90.222222,177.111111
3420,2,99.500000,180.750000
3422,2,104.000000,182.666667
3424,2,109.000000,175.285714
3425,2,116.000000,182.500000
3426,2,116.714286,180.428571
3430,2,122.777778,179.333333
3431,2,131.000000,176.800000
3436,2,145.000000,178.100000
3438,2,150.444444,184.111111
3439,2,154.714286,176.428571
3440,2,159.333333,185.666667
3441,2,155.250000,180.000000
3443,2,168.700000,180.800000
3445,2,169.272727,175.818182
3446,2,175.125000,181.125000
3447,2,180.100000,181.700000
3449,2,182.125000,184.875000
3450,2,188.428571,175.714286
3452,2,191.900000,183.200000
3453,2,196.666667,187.333333
3454,2,199.444444,183.444444
3455,2,202.000000,180.000000
3456,2,204.714286,178.142857
3460,2,209.833333,181.833333
3461,2,215.600000,177.100000
3462,2,222.500000,180.000000
3463,2,222.500000,175.666667
3465,2,35.875000,181.875000
3466,2,46.000000,181.500000
3468,2,42.375000,179.625000
3469,2,54.800000,181.400000
3470,2,58.125000,182.125000
3472,2,61.916667,185.833333
3478,2,75.400000,189.200000
3479,2,78.888889,187.111111
3481,2,82.555556,184.111111
3482,2,88.125000,181.625000
3486,2,96.111111,184.000000
3488,2,108.375000,184.375000
3491,2,112.111111,183.222222
3492,2,116.333333,185.555556
3493,2,118.777778,183.333333
3494,2,118.900000,186.600000
3496,2,127.750000,181.000000
3497,2,129.857143,188.714286
3498,2,135.000000,183.100000
3501,2,140.714286,181.857143
3504,2,156.500000,184.000000
3506,2,161.857143,177.142857
3507,2,163.666667,183.444444
3509,2,168.166667,184.333333
3510,2,168.500000,187.200000
3513,2,180.428571,188.000000
3515,2,188.250000,180.625000
3518,2,194.000000,192.250000
3521,2,211.125000,186.375000
3522,2,212.428571,182.714286
3524,2,219.000000,178.500000
3528,2,220.125000,183.875000
3529,2,38.600000,180.200000
3530,2,39.857143,185.285714
3532,2,41.285714,183.428571
3534,2,48.500000,187.000000
3537,2,61.714286,188.714286
3540,2,65.200000,181.600000
3543,2,73.111111,187.555556
3548,2,87.636364,186.727273
3555,2,108.500000,188.000000
3556,2,113.555556,188.111111
3558,2,122.714286,192.857143
3559,2,121.500000,188.500000
3561,2,126.900000,185.800000
3562,2,130.875000,185.875000
3563,2,137.333333,187.333333
3566,2,142.250000,183.375000
3567,2,145.333333,182.555556
3568,2,149.090909,188.181818
3569,2,153.714286,189.142857
3570,2,155.000000,186.500000
3572,2,161.222222,188.222222
3573,2,165.200000,189.000000
3574,2,170.909091,184.363636
3575,2,174.125000,184.375000
3576,2,175.555556,187.333333
3579,2,188.125000,184.875000
3581,2,190.500000,190.000000
3582,2,195.100000,183.000000
3583,2,196.000000,189.000000
3584,2,201.000000,188.000000
3585,2,208.500000,185.500000
3586,2,204.400000,188.800000
3587,2,202.500000,185.500000
3588,2,213.500000,190.000000
3595,2,43.500000,184.500000
3596,2,45.800000,188.200000
3597,2,54.833333,186.000000
3600,2,56.285714,193.000000
3601,2,65.125000,190.125000
3604,2,68.333333,186.222222
3606,2,79.454545,190.636364
3609,2,86.166667,191.166667
3612,2,95.222222,189.000000
3615,2,101.714286,183.142857
3616,2,100.900000,187.600000
3617,2,108.666667,191.500000
3618,2,112.200000,194.400000
3620,2,118.500000,191.000000
3622,2,122.000000,186.500000
3627,2,134.888889,190.333333
3628,2,139.000000,189.500000
3630,2,145.500000,188.125000
3631,2,147.833333,191.833333
3633,2,158.000000,192.700000
3637,2,166.333333,197.777778
3638,2,172.800000,192.200000
3640,2,179.111111,192.444444
3644,2,192.000000,186.222222
3647,2,200.400000,191.400000
3652,2,211.500000,195.000000
3653,2,213.800000,185.600000
3654,2,217.666667,186.777778
3656,2,47.200000,192.300000
3658,2,52.800000,191.600000
3659,2,53.125000,188.875000
3662,2,62.000000,193.000000
3664,2,71.166667,190.333333
3669,2,84.000000,188.000000
3670,2,83.000000,193.000000
3674,2,97.500000,191.000000
3675,2,103.875000,191.875000
3676,2,100.833333,192.833333
3677,2,104.727273,194.363636
3680,2,111.500000,192.000000
3681,2,116.500000,197.000000
3682,2,126.500000,191.000000
3685,2,129.222222,192.333333
3686,2,131.900000,193.600000
3687,2,136.000000,186.500000
3688,2,138.727273,193.909091
3693,2,151.333333,192.000000
3695,2,155.125000,195.125000
3696,2,162.285714,191.428571
3697,2,172.111111,189.666667
3698,2,173.500000,196.500000
3703,2,184.000000,189.285714
3707,2,187.875000,189.875000
3709,2,199.500000,197.500000
3712,2,206.200000,187.400000
3715,2,214.833333,192.000000
3716,2,41.875000,187.875000
3717,2,43.500000,191.250000
3718,2,52.285714,193.714286
3720,2,58.250000,197.750000
3726,2,67.875000,193.875000
3728,2,70.888889,196.777778
3729,2,78.625000,193.375000
3732,2,84.000000,197.750000
3733,2,89.714286,190.142857
3734,2,90.875000,193.125000
3735,2,92.250000,196.000000
3736,2,93.714286,192.857143
3738,2,106.000000,197.000000
3741,2,120.555556,201.777778
3742,2,116.222222,193.444444
3743,2,119.500000,198.000000
3745,2,122.428571,199.714286
3746,2,126.571429,199.285714
3750,2,140.750000,195.000000
3752,2,143.833333,194.166667
3756,2,159.125000,196.875000
3757,2,166.200000,193.900000
3758,2,159.300000,200.500000
3759,2,171.666667,195.000000
3763,2,182.285714,191.428571
3764,2,184.875000,195.375000
3769,2,191.375000,194.875000
3770,2,207.400000,197.200000
3771,2,198.400000,203.600000
3772,2,203.142857,191.714286
3773,2,209.750000,196.750000
3780,2,58.571429,190.714286
3787,2,75.222222,197.111111
3789,2,79.500000,197.000000
3791,2,88.100000,195.600000
3793,2,94.000000,201.666667
3794,2,97.500000,195.666667
3795,2,101.142857,200.142857
3797,2,102.750000,198.750000
3798,2,109.625000,196.250000
3799,2,114.000000,198.333333
3801,2,118.428571,206.285714
3805,2,129.714286,198.857143
3806,2,134.142857,196.142857
3807,2,142.571429,202.285714
3809,2,146.142857,198.571429
3811,2,148.875000,205.875000
3812,2,151.111111,195.555556
3815,2,154.666667,197.777778
3819,2,171.090909,198.363636
3820,2,176.400000,194.800000
3821,2,177.000000,190.166667
3822,2,181.636364,203.090909
3828,2,197.500000,193.000000
3830,2,198.500000,200.000000
3831,2,206.625000,192.250000
3833,2,202.666667,194.833333
3834,2,51.833333,200.000000
3836,2,54.142857,196.571429
3838,2,61.857143,197.142857
3840,2,65.916667,202.750000
3841,2,71.714286,203.428571
3844,2,76.000000,201.500000
3845,2,83.000000,202.800000
3848,2,88.125000,203.625000
3851,2,95.857143,198.714286
3852,2,99.300000,207.200000
3855,2,107.583333,205.916667
3856,2,111.500000,199.500000
3857,2,118.555556,202.444444
3859,2,123.888889,202.777778
3861,2,131.222222,207.333333
3862,2,131.375000,197.000000
3863,2,126.111111,193.888889
3864,2,128.000000,204.000000
3865,2,138.571429,199.428571
3866,2,143.333333,198.833333
3869,2,151.000000,201.100000
3870,2,154.625000,205.750000
3872,2,167.090909,202.636364
3873,2,161.777778,203.333333
3874,2,168.285714,195.714286
3875,2,168.800000,206.000000
3876,2,170.333333,202.666667
3878,2,177.250000,198.000000
3879,2,180.833333,198.000000
3880,2,183.000000,200.000000
3881,2,184.500000,203.500000
3883,2,191.375000,198.125000
3884,2,196.000000,197.000000
3886,2,202.600000,203.200000
3888,2,204.857143,198.714286
3890,2,53.000000,202.500000
3893,2,55.500000,199.500000
3894,2,70.714286,199.857143
3895,2,70.222222,208.555556
3896,2,69.000000,206.833333
3898,2,76.428571,209.285714
3900,2,84.500000,206.500000
3901,2,80.500000,200.000000
3902,2,86.800000,205.600000
3904,2,91.090909,199.545455
3906,2,92.888889,204.555556
3907,2,104.714286,201.571429
3910,2,111.900000,206.400000
3912,2,114.142857,203.000000
3913,2,116.000000,207.666667
3917,2,127.727273,208.181818
3918,2,135.111111,199.333333
3919,2,139.500000,206.500000
3920,2,135.333333,204.000000
3922,2,145.166667,204.166667
3925,2,157.400000,204.600000
3926,2,160.375000,209.375000
3927,2,154.500000,200.750000
3928,2,164.285714,210.428571
3931,2,174.333333,205.666667
3932,2,177.714286,202.857143
3933,2,176.000000,201.250000
3934,2,179.833333,205.666667
3938,2,188.571429,201.857143
3939,2,193.272727,201.727273
3940,2,197.363636,209.818182
3942,2,201.500000,200.500000
3945,2,60.500000,207.000000
3946,2,56.666667,204.111111
3947,2,59.000000,201.625000
3948,2,63.250000,205.625000
3954,2,79.800000,204.400000
3955,2,81.500000,212.875000
3957,2,88.888889,210.777778
3959,2,89.111111,207.333333
3961,2,97.333333,202.166667
3963,2,103.000000,206.500000
3965,2,113.571429,211.285714
3967,2,119.166667,210.666667
3969,2,122.875000,208.875000
3972,2,131.875000,203.875000
3973,2,135.000000,208.500000
3974,2,145.714286,206.142857
3975,2,140.375000,209.125000
3976,2,146.500000,209.500000
3981,2,159.000000,206.571429
3985,2,172.750000,209.250000
3990,2,190.800000,203.800000
3992,2,195.500000,203.000000
3993,2,190.800000,208.500000
3998,2,60.125000,209.875000
3999,2,59.000000,207.000000
4000,2,63.800000,212.100000
4002,2,67.714286,210.857143
4005,2,74.250000,207.750000
4006,2,78.400000,210.400000
4007,2,84.571429,213.571429
4012,2,98.250000,209.750000
4014,2,108.909091,211.454545
4015,2,104.666667,211.166667
4016,2,112.375000,214.875000
4017,2,107.666667,215.555556
4023,2,125.285714,205.571429
4024,2,136.400000,211.800000
4026,2,137.666667,214.666667
4029,2,152.000000,206.714286
4031,2,151.285714,211.571429
4036,2,164.500000,205.000000
4038,2,172.300000,213.200000
4040,2,181.875000,208.250000
4041,2,184.500000,211.500000
4042,2,186.125000,207.000000
4044,2,188.666667,207.333333
4048,2,194.666667,208.166667
4053,2,67.428571,216.285714
4054,2,71.666667,211.166667
4057,2,86.555556,216.444444
4059,2,81.285714,209.000000
4060,2,92.500000,211.000000
4067,2,118.000000,215.700000
4070,2,123.000000,212.000000
4071,2,126.285714,218.142857
4072,2,126.142857,213.285714
4073,2,134.400000,214.800000
4074,2,132.142857,211.285714
4075,2,136.000000,217.000000
4079,2,144.666667,217.444444
4080,2,150.250000,216.000000
4084,2,157.500000,215.500000
4085,2,159.285714,212.571429
4086,2,167.000000,214.000000
4087,2,169.500000,208.500000
4088,2,173.000000,216.166667
4089,2,176.166667,216.000000
4090,2,177.625000,208.625000
4092,2,180.125000,213.125000
4093,2,188.111111,212.777778
4095,2,195.250000,213.000000
4101,2,74.111111,216.222222
4102,2,76.428571,217.285714
4106,2,91.100000,215.200000
4108,2,94.111111,214.222222
4109,2,96.500000,212.500000
4110,2,101.222222,212.111111
4113,2,107.857143,219.285714
4115,2,116.800000,217.600000
4118,2,123.142857,215.428571
4119,2,130.400000,216.600000
4121,2,138.000000,223.500000
4124,2,148.333333,211.833333
4126,2,146.222222,220.555556
4127,2,154.444444,213.111111
4130,2,154.500000,210.250000
4134,2,161.857143,215.714286
4135,2,175.200000,216.600000
4136,2,180.500000,215.500000
4139,2,183.400000,214.900000
4145,2,71.200000,214.600000
4146,2,71.000000,218.500000
4148,2,79.333333,215.111111
4150,2,81.166667,220.333333
4152,2,96.100000,220.500000
4157,2,99.250000,215.125000
4159,2,112.500000,218.000000
4160,2,118.500000,222.250000
4162,2,119.875000,224.875000
4164,2,124.833333,220.666667
4168,2,140.875000,219.875000
4169,2,140.222222,217.555556
4173,2,152.125000,220.125000
4174,2,159.000000,217.500000
4175,2,159.166667,214.666667
4179,2,164.250000,222.250000
4180,2,170.125000,215.500000
4184,2,185.750000,217.500000
4185,2,189.285714,216.142857
4188,2,75.833333,220.666667
4189,2,79.500000,219.500000
4191,2,81.285714,223.000000
4193,2,91.428571,222.285714
4194,2,89.571429,217.285714
4196,2,100.875000,219.875000
4200,2,104.545455,219.636364
4204,2,121.600000,222.200000
4205,2,122.833333,226.333333
4207,2,129.166667,213.333333
4209,2,134.375000,218.125000
4210,2,143.444444,213.666667
4212,2,138.555556,226.888889
4213,2,152.125000,223.125000
4214,2,144.000000,222.833333
4215,2,149.375000,224.125000
4216,2,154.400000,219.200000
4218,2,160.000000,220.714286
4220,2,167.000000,221.000000
4221,2,168.875000,226.875000
4222,2,180.750000,220.000000
4225,2,183.428571,219.857143
4229,2,84.000000,224.000000
4230,2,88.000000,222.714286
4233,2,98.363636,225.909091
4234,2,103.285714,226.285714
4235,2,105.875000,227.125000
4237,2,106.571429,223.571429
4238,2,112.000000,222.000000
4240,2,111.000000,230.000000
4242,2,119.625000,230.250000
4245,2,129.285714,221.857143
4247,2,125.166667,223.666667
4248,2,133.888889,224.555556
4249,2,136.285714,229.857143
4251,2,142.285714,225.857143
4253,2,152.000000,225.500000
4259,2,173.000000,225.142857
4262,2,178.285714,224.000000
4265,2,89.857143,227.428571
4268,2,93.750000,226.125000
4273,2,109.500000,224.000000
4275,2,114.800000,224.900000
4281,2,131.444444,222.777778
4282,2,132.750000,229.750000
4284,2,141.500000,229.500000
4286,2,140.285714,223.142857
4287,2,152.200000,227.600000
4288,2,148.666667,228.444444
4290,2,156.200000,223.600000
4294,2,163.875000,220.125000
4296,2,176.500000,220.000000
4297,2,169.818182,221.818182
4302,2,95.666667,230.333333
4306,2,112.000000,233.000000
4308,2,119.000000,235.000000
4310,2,125.500000,230.000000
4311,2,128.857143,225.857143
4312,2,129.875000,233.125000
4317,2,139.750000,231.750000
4318,2,145.142857,230.857143
4319,2,146.300000,225.700000
4320,2,161.000000,225.000000
4323,2,161.222222,229.777778
4324,2,157.090909,229.636364
4326,2,165.800000,227.000000
4328,2,100.200000,230.600000
4334,2,116.222222,228.888889
4335,2,128.000000,230.500000
4337,2,122.875000,231.625000
4339,2,132.500000,234.000000
4340,2,134.700000,236.200000
4341,2,136.500000,233.000000
4342,2,138.833333,234.166667
4344,2,143.857143,234.285714
4346,2,157.750000,222.750000
4347,2,148.000000,235.000000
4348,2,149.625000,232.000000
4350,2,154.285714,230.000000
4351,2,105.500000,233.500000
4352,2,108.166667,233.166667
4353,2,116.500000,233.500000
4354,2,121.000000,236.000000
4356,2,126.750000,235.000000
4358,2,130.500000,237.000000
4362,2,140.166667,235.666667
4365,2,146.200000,235.600000
1,1,105.666667,29.500000
7,1,126.000000,21.571429
11,1,128.625000,20.625000
12,1,133.500000,22.000000
14,1,146.500000,24.500000
16,1,100.625000,25.625000
18,1,107.625000,26.500000
19,1,105.125000,24.625000
21,1,110.333333,30.666667
22,1,114.666667,27.666667
23,1,119.555556,28.666667
24,1,118.500000,25.500000
25,1,130.875000,22.875000
27,1,136.400000,28.700000
28,1,135.833333,26.666667
29,1,135.200000,34.600000
31,1,143.142857,27.714286
32,1,147.125000,30.250000
34,1,154.333333,25.500000
36,1,163.000000,32.500000
38,1,94.000000,30.666667
40,1,90.800000,34.300000
41,1,95.875000,27.750000
43,1,101.125000,30.375000
44,1,109.777778,24.555556
45,1,112.000000,29.909091
46,1,115.166667,25.500000
48,1,122.500000,21.500000
49,1,126.545455,26.000000
50,1,131.571429,26.428571
51,1,122.111111,25.333333
52,1,119.000000,22.875000
55,1,136.166667,24.500000
56,1,140.875000,24.375000
59,1,159.500000,28.000000
60,1,151.200000,24.900000
62,1,169.166667,31.666667
65,1,81.000000,36.750000
68,1,91.000000,38.000000
70,1,100.888889,32.333333
71,1,103.000000,28.500000
73,1,99.857143,36.714286
74,1,107.333333,31.833333
77,1,123.250000,28.750000
80,1,131.222222,30.777778
86,1,138.428571,22.714286
89,1,151.300000,29.500000
92,1,163.875000,40.000000
93,1,157.625000,30.375000
97,1,78.000000,38.555556
100,1,94.714286,34.571429
102,1,86.714286,31.571429
103,1,87.857143,35.285714
105,1,107.000000,40.545455
107,1,110.600000,35.500000
108,1,112.857143,33.285714
110,1,114.857143,37.714286
111,1,119.714286,35.571429
113,1,126.555556,34.666667
119,1,137.700000,31.900000
120,1,142.555556,38.333333
121,1,148.285714,27.285714
122,1,146.000000,32.555556
124,1,155.750000,26.833333
125,1,150.000000,39.000000
126,1,156.444444,33.222222
127,1,161.666667,29.555556
128,1,170.714286,32.714286
129,1,167.800000,37.400000
132,1,177.833333,39.000000
137,1,78.285714,42.285714
138,1,84.555556,33.777778
139,1,98.000000,33.714286
140,1,94.875000,38.250000
141,1,103.125000,38.125000
145,1,105.555556,34.777778
148,1,121.500000,37.500000
149,1,118.714286,33.571429
150,1,118.000000,37.500000
151,1,122.800000,35.400000
152,1,124.555556,31.333333
157,1,140.818182,36.818182
158,1,140.500000,28.500000
159,1,153.555556,38.111111
160,1,147.600000,39.800000
161,1,161.555556,38.555556
162,1,156.750000,36.500000
164,1,162.800000,36.100000
167,1,177.857143,36.000000
168,1,166.166667,40.166667
169,1,175.250000,37.375000
170,1,171.500000,35.750000
173,1,72.500000,41.000000
176,1,83.166667,39.500000
177,1,80.857143,44.428571
179,1,85.142857,41.428571
181,1,88.333333,44.333333
182,1,103.833333,45.166667
183,1,97.300000,40.400000
186,1,114.285714,40.571429
187,1,107.636364,35.363636
189,1,107.125000,42.250000
192,1,130.428571,34.571429
193,1,125.777778,40.777778
195,1,130.750000,39.000000
197,1,139.125000,35.875000
198,1,148.800000,32.900000
199,1,142.500000,31.666667
200,1,149.100000,35.600000
201,1,158.666667,47.222222
202,1,153.250000,42.000000
205,1,152.777778,32.888889
206,1,169.500000,39.000000
207,1,165.545455,42.818182
209,1,172.000000,49.100000
211,1,172.333333,43.666667
212,1,182.500000,40.875000
213,1,187.000000,42.000000
214,1,185.500000,44.375000
216,1,71.125000,46.125000
222,1,91.583333,49.583333
223,1,85.222222,35.888889
225,1,92.750000,43.000000
228,1,97.555556,49.777778
229,1,101.100000,42.400000
230,1,109.500000,42.700000
231,1,114.700000,44.900000
233,1,123.333333,52.500000
235,1,122.800000,40.900000
239,1,126.400000,37.900000
241,1,136.833333,40.416667
242,1,145.666667,39.666667
244,1,153.400000,46.400000
245,1,158.888889,40.555556
248,1,163.571429,47.285714
255,1,176.000000,39.200000
256,1,194.000000,45.000000
258,1,189.900000,43.400000
261,1,68.857143,45.714286
262,1,68.222222,48.222222
263,1,73.250000,50.750000
265,1,71.000000,43.500000
266,1,83.125000,48.625000
267,1,90.500000,40.500000
270,1,91.888889,45.555556
271,1,86.500000,42.875000
273,1,97.111111,45.444444
277,1,109.166667,49.166667
284,1,130.666667,28.833333
285,1,124.250000,44.125000
290,1,149.555556,46.777778
291,1,148.900000,44.200000
292,1,155.444444,40.777778
293,1,154.875000,48.500000
294,1,151.500000,52.750000
295,1,161.142857,41.285714
297,1,169.000000,44.000000
299,1,178.800000,42.700000
300,1,175.666667,49.666667
301,1,172.000000,40.777778
303,1,178.000000,45.700000
304,1,190.500000,57.166667
306,1,191.555556,49.111111
308,1,58.888889,60.555556
309,1,64.777778,50.333333
310,1,62.666667,54.666667
312,1,66.375000,58.375000
313,1,76.222222,43.777778
316,1,78.857143,52.142857
317,1,84.545455,51.818182
320,1,98.000000,52.875000
322,1,99.428571,46.428571
323,1,112.875000,43.125000
326,1,120.333333,41.888889
329,1,114.555556,48.888889
333,1,134.111111,41.777778
338,1,143.625000,43.375000
344,1,160.125000,34.125000
345,1,168.333333,49.666667
348,1,174.750000,49.000000
354,1,198.875000,49.750000
355,1,194.833333,47.333333
358,1,54.166667,55.500000
360,1,54.142857,52.428571
361,1,60.700000,53.000000
365,1,75.125000,41.125000
366,1,75.300000,47.400000
367,1,77.428571,53.142857
368,1,69.666667,54.000000
369,1,87.100000,48.600000
373,1,108.545455,46.727273
375,1,108.100000,54.800000
376,1,100.250000,49.750000
378,1,121.800000,55.700000
379,1,112.125000,49.875000
380,1,127.300000,52.600000
382,1,122.200000,48.500000
383,1,130.200000,44.000000
385,1,132.888889,47.444444
386,1,137.833333,45.333333
387,1,139.363636,50.818182
388,1,145.666667,57.111111
390,1,150.000000,49.571429
391,1,145.125000,51.875000
392,1,157.000000,52.416667
393,1,154.125000,56.375000
396,1,161.272727,48.545455
397,1,167.714286,47.857143
400,1,177.909091,53.090909
401,1,177.222222,46.777778
403,1,184.250000,46.583333
404,1,191.272727,51.909091
408,1,203.625000,51.875000
410,1,51.500000,55.375000
411,1,52.555556,63.333333
412,1,61.200000,69.000000
414,1,57.750000,55.375000
415,1,66.875000,61.000000
416,1,61.000000,60.000000
423,1,86.666667,53.000000
426,1,98.333333,56.000000
427,1,103.454545,51.727273
428,1,101.625000,57.000000
431,1,115.400000,54.100000
432,1,118.777778,51.444444
433,1,118.000000,47.000000
437,1,132.000000,53.000000
439,1,135.818182,51.090909
440,1,135.818182,53.727273
441,1,145.545455,49.636364
442,1,150.500000,55.125000
447,1,163.333333,54.222222
448,1,166.125000,45.875000
449,1,169.625000,53.375000
451,1,168.375000,58.750000
452,1,176.888889,61.333333
453,1,174.800000,63.500000
454,1,186.555556,50.000000
457,1,187.000000,55.000000
458,1,194.083333,60.416667
460,1,199.250000,57.000000
466,1,53.333333,59.166667
468,1,62.500000,66.500000
471,1,68.333333,64.000000
472,1,66.900000,53.100000
474,1,78.000000,49.000000
477,1,83.200000,55.100000
478,1,90.545455,60.272727
483,1,105.333333,49.750000
485,1,115.875000,59.750000
489,1,118.333333,57.222222
491,1,129.181818,48.000000
492,1,126.125000,45.750000
493,1,130.625000,54.875000
495,1,148.125000,55.375000
496,1,138.400000,61.200000
501,1,161.166667,52.166667
504,1,167.500000,54.875000
506,1,172.000000,56.555556
508,1,175.000000,57.571429
509,1,181.875000,49.750000
510,1,188.000000,58.909091
511,1,183.000000,53.333333
513,1,195.666667,50.833333
515,1,194.714286,54.142857
516,1,203.625000,59.750000
518,1,197.250000,59.500000
519,1,202.600000,57.000000
522,1,49.625000,59.625000
523,1,54.857143,62.285714
526,1,58.500000,62.666667
528,1,64.250000,56.875000
529,1,71.545455,56.818182
532,1,76.200000,58.000000
533,1,85.222222,63.222222
534,1,81.571429,57.857143
536,1,91.111111,56.222222
539,1,102.333333,60.777778
541,1,105.222222,60.444444
542,1,111.000000,64.250000
543,1,112.000000,57.222222
546,1,126.111111,61.888889
550,1,142.375000,63.375000
551,1,133.400000,60.000000
552,1,137.375000,55.875000
553,1,139.428571,54.285714
555,1,148.166667,61.916667
558,1,160.500000,61.625000
561,1,163.500000,57.375000
562,1,158.125000,59.125000
563,1,173.875000,54.375000
565,1,180.444444,57.222222
566,1,185.777778,58.888889
567,1,178.000000,58.333333
569,1,191.714286,62.714286
570,1,198.666667,64.111111
574,1,198.333333,62.333333
575,1,202.166667,54.000000
578,1,47.166667,67.500000
579,1,50.000000,67.500000
584,1,56.666667,56.111111
586,1,64.285714,62.428571
589,1,73.916667,62.333333
592,1,87.100000,56.400000
593,1,91.000000,65.000000
596,1,94.750000,60.625000
598,1,98.166667,71.333333
599,1,109.363636,66.363636
600,1,105.333333,63.333333
601,1,109.818182,54.454545
602,1,111.125000,60.500000
603,1,136.090909,59.363636
607,1,124.400000,58.100000
608,1,130.000000,59.545455
609,1,131.111111,64.666667
611,1,141.900000,63.400000
612,1,145.000000,63.142857
615,1,159.111111,55.444444
618,1,164.666667,65.111111
620,1,167.900000,64.300000
621,1,180.000000,63.083333
622,1,170.777778,63.444444
623,1,173.500000,60.800000
627,1,183.000000,66.500000
631,1,197.416667,66.166667
633,1,203.200000,62.900000
634,1,214.750000,66.000000
636,1,208.333333,70.555556
638,1,53.666667,67.000000
644,1,62.375000,65.000000
645,1,63.333333,74.500000
646,1,71.875000,68.375000
649,1,74.363636,71.909091
650,1,83.666667,60.333333
652,1,82.833333,70.666667
653,1,87.500000,71.333333
654,1,87.636364,66.454545
659,1,101.571429,63.285714
660,1,110.625000,71.125000
662,1,115.100000,71.100000
663,1,116.166667,65.916667
664,1,119.200000,62.300000
665,1,127.375000,63.875000
666,1,125.272727,69.727273
667,1,135.200000,63.000000
670,1,135.900000,65.200000
672,1,142.625000,69.250000
673,1,153.444444,64.888889
675,1,150.625000,60.750000
676,1,152.555556,59.444444
677,1,154.555556,71.666667
678,1,164.000000,60.750000
680,1,169.714286,60.571429
682,1,181.000000,68.555556
683,1,179.272727,70.454545
685,1,183.333333,63.833333
686,1,186.625000,65.750000
687,1,189.250000,77.125000
688,1,191.500000,60.000000
689,1,188.250000,72.500000
690,1,200.428571,67.857143
693,1,209.666667,65.777778
696,1,213.625000,68.250000
698,1,43.300000,80.700000
701,1,49.000000,64.000000
703,1,51.000000,73.250000
705,1,57.875000,76.125000
706,1,57.166667,69.833333
715,1,82.363636,64.636364
719,1,99.888889,66.444444
722,1,107.000000,67.500000
725,1,120.500000,67.666667
726,1,118.875000,72.500000
727,1,129.142857,67.857143
728,1,123.700000,63.600000
729,1,135.083333,70.833333
732,1,146.545455,67.818182
733,1,137.125000,66.875000
734,1,141.846154,55.230769
738,1,161.375000,69.250000
739,1,161.800000,65.300000
740,1,159.444444,72.444444
742,1,157.900000,65.300000
744,1,173.100000,73.600000
745,1,176.272727,66.272727
747,1,184.857143,69.285714
749,1,190.818182,69.090909
751,1,190.000000,66.100000
752,1,198.000000,71.285714
754,1,205.857143,64.428571
755,1,204.600000,67.200000
757,1,209.166667,61.666667
759,1,211.100000,71.900000
762,1,40.333333,74.555556
763,1,45.666667,71.888889
766,1,50.857143,70.428571
767,1,55.333333,75.000000
768,1,60.111111,71.777778
769,1,66.500000,68.500000
772,1,68.800000,70.500000
773,1,75.875000,67.250000
775,1,78.700000,67.100000
776,1,80.600000,72.300000
779,1,98.000000,59.700000
780,1,84.111111,68.888889
781,1,97.100000,65.900000
782,1,101.625000,76.625000
785,1,98.909091,75.636364
786,1,104.100000,67.200000
789,1,120.000000,79.818182
792,1,130.571429,70.857143
795,1,138.692308,72.384615
797,1,139.875000,75.875000
800,1,151.666667,71.333333
802,1,163.285714,74.714286
803,1,156.727273,66.818182
804,1,165.727273,69.909091
805,1,169.222222,68.111111
806,1,166.000000,75.000000
809,1,179.100000,73.000000
811,1,192.111111,73.888889
816,1,196.000000,70.000000
817,1,204.250000,71.500000
819,1,212.200000,80.900000
820,1,206.222222,75.555556
822,1,217.625000,75.375000
824,1,40.000000,78.750000
828,1,54.428571,79.857143
829,1,47.500000,70.833333
830,1,52.285714,77.000000
835,1,60.111111,73.888889
838,1,66.111111,74.111111
842,1,87.250000,75.750000
843,1,90.833333,73.166667
844,1,100.625000,73.375000
846,1,94.000000,72.272727
848,1,103.250000,75.000000
849,1,111.500000,81.900000
853,1,117.750000,75.000000
855,1,123.428571,73.142857
856,1,128.250000,72.625000
862,1,149.666667,66.000000
863,1,148.125000,69.750000
864,1,148.875000,74.750000
868,1,174.875000,77.125000
869,1,168.500000,74.300000
870,1,174.090909,69.363636
871,1,169.222222,78.333333
873,1,178.222222,78.111111
875,1,182.888889,72.777778
876,1,196.000000,75.000000
879,1,200.714286,74.714286
880,1,193.625000,66.375000
882,1,203.500000,77.000000
883,1,215.222222,73.222222
886,1,208.500000,75.500000
890,1,43.000000,71.125000
892,1,41.500000,76.500000
893,1,46.400000,90.300000
894,1,53.625000,72.625000
895,1,56.777778,82.333333
896,1,58.222222,78.444444
897,1,61.875000,79.875000
898,1,67.909091,79.545455
903,1,77.076923,63.461538
904,1,78.000000,76.500000
906,1,87.777778,84.555556
907,1,91.636364,78.000000
909,1,95.500000,77.500000
912,1,105.444444,77.777778
913,1,106.000000,70.900000
914,1,111.900000,74.700000
916,1,117.000000,77.125000
917,1,114.125000,73.750000
922,1,134.400000,79.700000
928,1,149.444444,80.333333
930,1,158.000000,78.727273
932,1,163.571429,77.000000
934,1,170.750000,72.625000
937,1,176.000000,83.142857
938,1,181.666667,75.333333
940,1,191.200000,79.900000
941,1,187.285714,71.000000
942,1,197.333333,77.222222
951,1,216.400000,77.500000
953,1,220.100000,78.600000
956,1,41.000000,81.833333
957,1,38.428571,83.571429
959,1,49.500000,73.000000
960,1,50.666667,78.000000
962,1,59.777778,80.888889
967,1,64.400000,86.100000
968,1,78.000000,73.600000
970,1,69.444444,85.555556
973,1,83.750000,76.000000
975,1,102.636364,70.818182
978,1,96.818182,81.090909
980,1,107.142857,87.000000
981,1,109.000000,77.545455
985,1,127.600000,77.100000
987,1,130.909091,75.818182
988,1,141.600000,78.800000
990,1,136.000000,75.666667
991,1,145.111111,77.555556
993,1,148.000000,76.714286
996,1,156.714286,75.000000
997,1,158.000000,83.500000
998,1,164.800000,80.700000
999,1,169.000000,81.500000
1002,1,173.666667,79.500000
1004,1,181.875000,78.250000
1005,1,184.250000,77.875000
1007,1,186.111111,75.222222
1009,1,197.000000,87.444444
1010,1,195.285714,79.428571
1011,1,197.800000,81.100000
1013,1,203.000000,80.000000
1014,1,208.222222,83.111111
1015,1,218.000000,84.857143
1016,1,212.750000,77.125000
1018,1,219.666667,82.666667
1019,1,217.000000,82.100000
1021,1,37.428571,81.285714
1022,1,33.800000,79.200000
1023,1,34.800000,83.300000
1027,1,45.000000,77.111111
1028,1,45.900000,82.400000
1029,1,52.700000,83.500000
1032,1,61.000000,84.727273
1035,1,71.600000,80.000000
1038,1,78.000000,80.727273
1040,1,84.666667,78.666667
1042,1,85.555556,82.000000
1043,1,99.300000,86.100000
1044,1,100.272727,80.727273
1049,1,115.250000,81.750000
1050,1,118.545455,83.727273
1054,1,132.900000,82.000000
1055,1,127.750000,85.750000
1056,1,130.090909,83.727273
1057,1,141.714286,87.714286
1058,1,136.300000,81.000000
1063,1,150.750000,83.375000
1064,1,153.500000,81.100000
1070,1,178.333333,81.583333
1071,1,162.571429,81.714286
1072,1,182.800000,85.300000
1074,1,192.727273,86.545455
1080,1,211.333333,85.833333
1081,1,201.714286,73.857143
1083,1,211.900000,83.600000
1084,1,222.600000,79.700000
1085,1,218.888889,90.555556
1087,1,224.000000,84.166667
1094,1,43.333333,88.777778
1096,1,48.142857,87.714286
1099,1,64.818182,90.272727
1100,1,66.875000,82.500000
1101,1,68.300000,88.800000
1104,1,73.800000,75.500000
1106,1,79.636364,85.090909
1108,1,81.750000,82.250000
1109,1,92.700000,80.600000
1110,1,90.181818,85.636364
1111,1,93.285714,85.285714
1113,1,102.666667,90.000000
1114,1,105.125000,89.625000
1115,1,104.600000,81.800000
1117,1,112.500000,86.333333
1119,1,123.777778,82.222222
1120,1,125.500000,78.500000
1121,1,123.000000,78.666667
1125,1,132.833333,86.833333
1126,1,136.000000,88.833333
1127,1,137.555556,84.444444
1129,1,144.300000,91.000000
1134,1,163.000000,86.666667
1136,1,175.888889,86.111111
1138,1,179.375000,85.750000
1139,1,185.600000,82.600000
1140,1,182.200000,81.500000
1142,1,186.333333,86.833333
1143,1,192.428571,83.285714
1145,1,205.125000,79.625000
1147,1,200.666667,91.000000
1148,1,207.500000,79.500000
1149,1,202.500000,83.500000
1150,1,206.857143,87.714286
1151,1,214.000000,86.000000
1155,1,221.111111,86.111111
1158,1,32.100000,90.600000
1159,1,30.900000,86.400000
1160,1,35.750000,87.250000
1162,1,47.615385,96.615385
1165,1,50.363636,86.000000
1166,1,51.000000,95.666667
1167,1,43.500000,85.500000
1168,1,63.625000,78.875000
1171,1,67.500000,96.000000
1172,1,76.142857,85.428571
1176,1,87.300000,90.200000
1177,1,86.200000,87.100000
1179,1,87.222222,99.666667
1181,1,101.400000,86.900000
1183,1,105.083333,94.666667
1185,1,106.454545,84.545455
1188,1,114.555556,88.666667
1189,1,121.300000,85.000000
1191,1,117.428571,87.714286
1192,1,125.307692,95.769231
1195,1,139.714286,87.857143
1197,1,145.100000,87.100000
1198,1,146.272727,81.727273
1199,1,154.428571,88.714286
1200,1,152.000000,85.916667
1201,1,158.333333,86.777778
1204,1,170.636364,84.909091
1205,1,166.083333,86.833333
1206,1,174.727273,91.727273
1210,1,188.500000,84.900000
1213,1,200.300000,86.200000
1215,1,196.600000,92.400000
1216,1,200.222222,81.222222
1218,1,211.428571,95.714286
1223,1,210.500000,88.125000
1225,1,224.900000,89.900000
1228,1,30.000000,93.333333
1237,1,53.000000,89.000000
1239,1,55.857143,88.428571
1241,1,66.666667,93.333333
1244,1,81.181818,88.636364
1245,1,83.555556,94.222222
1246,1,84.000000,91.444444
1250,1,92.125000,88.875000
1252,1,101.666667,98.444444
1254,1,96.428571,87.571429
1260,1,124.090909,88.818182
1262,1,128.000000,92.500000
1263,1,137.888889,95.222222
1264,1,133.222222,91.777778
1265,1,139.222222,92.555556
1266,1,147.250000,99.500000
1268,1,146.444444,94.222222
1269,1,148.272727,88.000000
1270,1,157.500000,92.100000
1274,1,172.444444,92.333333
1276,1,170.000000,90.846154
1277,1,181.636364,88.636364
1278,1,171.900000,88.900000
1279,1,182.666667,95.333333
1280,1,183.090909,91.363636
1281,1,190.166667,90.000000
1286,1,205.000000,100.000000
1287,1,204.166667,89.000000
1290,1,207.285714,91.428571
1292,1,213.400000,87.800000
1293,1,213.428571,92.428571
1294,1,218.166667,92.500000
1295,1,225.250000,86.875000
1296,1,223.166667,92.333333
1298,1,34.142857,92.714286
1299,1,42.181818,94.181818
1304,1,49.571429,92.142857
1307,1,59.200000,101.000000
1310,1,64.083333,95.750000
1311,1,60.600000,89.500000
1313,1,72.000000,97.444444
1314,1,78.333333,93.444444
1315,1,76.000000,91.000000
1319,1,88.272727,94.818182
1320,1,94.000000,94.200000
1321,1,94.428571,89.714286
1323,1,109.777778,88.333333
1325,1,118.000000,92.142857
1327,1,112.833333,92.333333
1328,1,121.363636,97.727273
1331,1,130.125000,88.875000
1332,1,127.000000,102.461538
1333,1,129.444444,102.111111
1334,1,134.800000,98.300000
1339,1,155.222222,97.777778
1340,1,157.250000,94.625000
1342,1,159.666667,96.222222
1344,1,162.833333,91.000000
1345,1,170.600000,94.300000
1346,1,176.777778,91.000000
1347,1,185.000000,93.800000
1350,1,183.000000,100.555556
1351,1,190.000000,92.444444
1353,1,190.000000,95.500000
1354,1,193.428571,92.142857
1356,1,202.300000,93.600000
1357,1,209.200000,103.300000
1359,1,210.500000,92.800000
1361,1,216.571429,96.000000
1364,1,220.300000,94.600000
1365,1,219.444444,98.000000
1366,1,229.769231,102.692308
1369,1,27.571429,94.857143
1370,1,34.000000,97.800000
1371,1,34.500000,103.000000
1373,1,39.625000,91.125000
1375,1,41.000000,96.833333
1377,1,52.000000,103.500000
1379,1,55.555556,93.000000
1380,1,54.727273,96.909091
1381,1,64.750000,100.416667
1382,1,59.444444,94.888889
1383,1,68.100000,105.400000
1384,1,72.100000,94.100000
1386,1,70.000000,92.300000
1388,1,83.714286,101.428571
1392,1,94.333333,97.666667
1393,1,99.000000,92.800000
1394,1,96.545455,100.909091
1397,1,108.333333,97.444444
1399,1,115.600000,93.700000
1400,1,116.300000,98.200000
1401,1,122.000000,92.750000
1402,1,123.250000,102.000000
1407,1,143.555556,96.444444
1408,1,139.923077,97.692308
1409,1,148.166667,102.166667
1410,1,143.727273,101.545455
1412,1,161.636364,92.000000
1414,1,162.083333,95.583333
1417,1,171.500000,97.800000
1423,1,185.454545,97.363636
1424,1,192.555556,98.111111
1426,1,199.000000,102.090909
1427,1,195.666667,96.111111
1428,1,199.428571,98.000000
1429,1,207.444444,95.888889
1430,1,211.444444,104.666667
1433,1,218.000000,103.200000
1434,1,222.571429,96.000000
1435,1,222.500000,101.250000
1436,1,227.600000,99.900000
1437,1,225.333333,95.555556
1438,1,228.125000,94.000000
1439,1,232.500000,105.500000
1440,1,31.000000,98.750000
1441,1,26.166667,104.000000
1443,1,37.571429,88.714286
1444,1,37.000000,95.000000
1448,1,42.900000,106.000000
1449,1,53.454545,106.545455
1451,1,54.416667,102.666667
1454,1,69.166667,99.000000
1455,1,69.000000,102.000000
1456,1,76.750000,98.500000
1459,1,79.666667,96.500000
1461,1,88.285714,105.285714
1462,1,85.888889,97.444444
1463,1,90.100000,100.700000
1464,1,100.250000,103.250000
1466,1,106.083333,101.666667
1469,1,109.142857,95.142857
1471,1,115.111111,102.888889
1475,1,130.000000,99.000000
1476,1,129.000000,95.750000
1478,1,134.400000,103.800000
1481,1,150.666667,98.166667
1483,1,152.857143,93.714286
1484,1,149.785714,94.214286
1486,1,165.545455,98.454545
1488,1,164.818182,91.363636
1489,1,164.000000,94.142857
1490,1,168.833333,102.750000
1491,1,176.000000,101.250000
1494,1,179.100000,98.200000
1496,1,185.900000,103.200000
1502,1,202.666667,100.833333
1504,1,217.666667,98.166667
1509,1,229.125000,106.125000
1513,1,30.444444,102.777778
1514,1,37.300000,104.200000
1518,1,41.111111,98.888889
1520,1,47.142857,106.571429
1521,1,53.100000,99.700000
1522,1,58.125000,107.875000
1525,1,61.363636,105.909091
1527,1,61.714286,103.142857
1528,1,77.750000,101.500000
1529,1,74.200000,100.400000
1530,1,80.888889,110.666667
1532,1,74.000000,107.875000
1533,1,92.888889,104.000000
1536,1,85.000000,104.750000
1537,1,95.000000,110.250000
1540,1,109.300000,108.900000
1545,1,120.700000,100.800000
1549,1,131.900000,106.100000
1551,1,137.888889,107.000000
1553,1,139.400000,105.700000
1554,1,149.090909,105.727273
1555,1,158.000000,100.272727
1557,1,153.333333,101.777778
1558,1,160.545455,100.818182
1560,1,167.000000,104.125000
1561,1,174.000000,103.000000
1565,1,179.300000,95.200000
1566,1,183.375000,108.125000
1567,1,181.200000,103.300000
1568,1,186.777778,107.111111
1576,1,208.818182,98.818182
1577,1,214.900000,101.400000
1578,1,217.500000,111.250000
1580,1,223.600000,104.600000
1585,1,23.714286,103.714286
1587,1,37.500000,109.416667
1588,1,40.714286,103.142857
1593,1,49.000000,102.250000
1595,1,64.400000,109.200000
1599,1,64.285714,103.857143
1602,1,65.500000,118.000000
1608,1,89.571429,107.000000
1609,1,94.428571,106.857143
1610,1,106.250000,107.500000
1611,1,101.500000,104.500000
1613,1,108.000000,113.090909
1615,1,113.200000,97.400000
1616,1,114.250000,110.000000
1618,1,122.000000,108.833333
